/*--------------------------------*- C++ -*----------------------------------*\
| =========                 |                                                 |
| \\      /  F ield         | OpenFOAM: The Open Source CFD Toolbox           |
|  \\    /   O peration     | Version:  v2012                                 |
|   \\  /    A nd           | Website:  www.openfoam.com                      |
|    \\/     M anipulation  |                                                 |
\*---------------------------------------------------------------------------*/
FoamFile
{
    version     2.0;
    format      ascii;
    class       volVectorField;
    location    "25";
    object      U;
}
// * * * * * * * * * * * * * * * * * * * * * * * * * * * * * * * * * * * * * //

dimensions      [0 1 -1 0 0 0 0];


internalField   nonuniform List<vector> 
2200
(
(0.878858 -0.0304117 0)
(1.00579 -0.0512847 0)
(1.00324 -0.0353893 0)
(1.00017 -0.0244141 0)
(0.999771 -0.0166363 0)
(0.999981 -0.0106834 0)
(1.00001 -0.00678354 0)
(0.99999 -0.00418637 0)
(0.999959 -0.00226667 0)
(1.00016 -0.000722024 0)
(1.00004 0.000971266 0)
(0.999961 0.00253252 0)
(1.00001 0.00443172 0)
(1.00002 0.007016 0)
(1 0.0108431 0)
(0.999745 0.0167302 0)
(1.00017 0.0244916 0)
(1.00334 0.0353689 0)
(1.00583 0.0513184 0)
(0.878896 0.0304203 0)
(0.711991 -0.0327599 0)
(0.996647 -0.0630002 0)
(1.03343 -0.0561552 0)
(1.02505 -0.046407 0)
(1.01604 -0.0360239 0)
(1.00976 -0.0262275 0)
(1.00591 -0.0180412 0)
(1.00365 -0.011413 0)
(1.00247 -0.00612874 0)
(1.00199 -0.00175166 0)
(1.002 0.00246149 0)
(1.00245 0.00679367 0)
(1.00355 0.0119811 0)
(1.0058 0.0184797 0)
(1.00957 0.0266395 0)
(1.01593 0.036462 0)
(1.02494 0.0467854 0)
(1.03317 0.0566793 0)
(0.996516 0.0631598 0)
(0.711735 0.0328392 0)
(0.535577 -0.0238821 0)
(0.969926 -0.0569186 0)
(1.05634 -0.0547136 0)
(1.05226 -0.0488696 0)
(1.03637 -0.0406331 0)
(1.02438 -0.0325457 0)
(1.01572 -0.0243431 0)
(1.01034 -0.0163828 0)
(1.00734 -0.00900722 0)
(1.00602 -0.00244679 0)
(1.00596 0.00370816 0)
(1.00718 0.0101685 0)
(1.01017 0.0173666 0)
(1.01543 0.0252524 0)
(1.02421 0.0333185 0)
(1.03619 0.0412214 0)
(1.05201 0.0493903 0)
(1.05617 0.0544441 0)
(0.969341 0.0573116 0)
(0.534761 0.0239113 0)
(0.392464 -0.0136139 0)
(0.911779 -0.046267 0)
(1.05744 -0.0468418 0)
(1.06925 -0.0441032 0)
(1.05468 -0.0381601 0)
(1.03941 -0.0317111 0)
(1.02763 -0.0248123 0)
(1.01899 -0.0176217 0)
(1.01338 -0.0102112 0)
(1.01073 -0.0027265 0)
(1.01059 0.00459158 0)
(1.01308 0.0119778 0)
(1.01858 0.0192051 0)
(1.0273 0.026166 0)
(1.03885 0.0328353 0)
(1.05403 0.0390787 0)
(1.06848 0.0448852 0)
(1.05626 0.0476684 0)
(0.910542 0.0465592 0)
(0.390945 0.0137118 0)
(0.308289 -0.00443167 0)
(0.847256 -0.032222 0)
(1.04944 -0.0396159 0)
(1.0791 -0.0378195 0)
(1.06762 -0.0330564 0)
(1.05138 -0.027494 0)
(1.03838 -0.0223221 0)
(1.0283 -0.0164364 0)
(1.0212 -0.0097533 0)
(1.01734 -0.00247024 0)
(1.01719 0.00490619 0)
(1.02079 0.012099 0)
(1.0277 0.018597 0)
(1.0374 0.0242414 0)
(1.05032 0.0290612 0)
(1.06653 0.034435 0)
(1.07781 0.0389219 0)
(1.04784 0.0406367 0)
(0.844724 0.0326022 0)
(0.305815 0.00455232 0)
(0.26513 0.000107557 0)
(0.789535 -0.0199274 0)
(1.03361 -0.0313437 0)
(1.08365 -0.0319037 0)
(1.07707 -0.0283882 0)
(1.06034 -0.0233593 0)
(1.04696 -0.0190993 0)
(1.03632 -0.0142657 0)
(1.02858 -0.00857554 0)
(1.0242 -0.00191348 0)
(1.024 0.00521403 0)
(1.02799 0.0115942 0)
(1.0353 0.0168816 0)
(1.04574 0.0212668 0)
(1.059 0.0253847 0)
(1.07558 0.0300452 0)
(1.08185 0.0332188 0)
(1.03104 0.032402 0)
(0.785545 0.020368 0)
(0.261759 4.20923e-06 0)
(0.241508 0.00106156 0)
(0.739517 -0.0120201 0)
(1.014 -0.0244615 0)
(1.08426 -0.0263456 0)
(1.08305 -0.0241016 0)
(1.06756 -0.0200085 0)
(1.05376 -0.0159818 0)
(1.04281 -0.0117705 0)
(1.03464 -0.00697032 0)
(1.02982 -0.00120427 0)
(1.0294 0.00530912 0)
(1.03349 0.0107739 0)
(1.04122 0.0151899 0)
(1.05203 0.0191246 0)
(1.06555 0.0225531 0)
(1.08074 0.0262231 0)
(1.08147 0.0280829 0)
(1.00995 0.0256861 0)
(0.733689 0.0125437 0)
(0.237085 -0.000941348 0)
(0.227895 0.00107108 0)
(0.698555 -0.00755615 0)
(0.993927 -0.0195314 0)
(1.082 -0.0218907 0)
(1.08648 -0.0204059 0)
(1.07275 -0.01718 0)
(1.05913 -0.0137186 0)
(1.04835 -0.00972813 0)
(1.04045 -0.00522655 0)
(1.03573 -3.62192e-05 0)
(1.03527 0.00550439 0)
(1.0392 0.0103471 0)
(1.0465 0.0142844 0)
(1.05641 0.0175256 0)
(1.06988 0.0204861 0)
(1.08325 0.0232142 0)
(1.07804 0.0241134 0)
(0.987978 0.0211005 0)
(0.690414 0.00822784 0)
(0.222225 -0.000927351 0)
(0.219251 0.000763055 0)
(0.664807 -0.00511101 0)
(0.974216 -0.0164359 0)
(1.07843 -0.0188689 0)
(1.08851 -0.0176682 0)
(1.07648 -0.0150238 0)
(1.06304 -0.0118867 0)
(1.05272 -0.00810413 0)
(1.04523 -0.00382963 0)
(1.04073 0.000919426 0)
(1.04006 0.00552579 0)
(1.04333 0.00982915 0)
(1.04984 0.0135016 0)
(1.05983 0.0165306 0)
(1.07291 0.0192228 0)
(1.08403 0.0211448 0)
(1.07272 0.0216408 0)
(0.965852 0.018356 0)
(0.653753 0.00593942 0)
(0.211986 -0.000571084 0)
(0.213363 0.000347454 0)
(0.638282 -0.00329644 0)
(0.95659 -0.0132676 0)
(1.07542 -0.0158169 0)
(1.09073 -0.0148455 0)
(1.07977 -0.0127092 0)
(1.06609 -0.00992106 0)
(1.05565 -0.00641091 0)
(1.04809 -0.00237329 0)
(1.04351 0.00206745 0)
(1.04253 0.00617527 0)
(1.04549 0.0101258 0)
(1.05179 0.0132509 0)
(1.06148 0.0160956 0)
(1.07447 0.0175776 0)
(1.08473 0.0188448 0)
(1.06787 0.0191562 0)
(0.945529 0.0155626 0)
(0.624108 0.00426442 0)
(0.204276 -0.000117506 0)
(0.209809 0.000126227 0)
(0.6203 -0.00148593 0)
(0.941971 -0.00921063 0)
(1.07285 -0.0115675 0)
(1.09316 -0.0107715 0)
(1.08312 -0.00905842 0)
(1.06931 -0.00690872 0)
(1.05835 -0.00413461 0)
(1.05023 -0.000831904 0)
(1.04513 0.00313612 0)
(1.04395 0.00705861 0)
(1.04699 0.0103099 0)
(1.05368 0.0127312 0)
(1.06324 0.0141857 0)
(1.07649 0.0154765 0)
(1.08542 0.0163847 0)
(1.06263 0.0160251 0)
(0.926554 0.0120683 0)
(0.601573 0.0027559 0)
(0.198164 0.00015673 0)
(0.208235 -2.81898e-05 0)
(0.609295 -0.000274486 0)
(0.929616 -0.00533721 0)
(1.07034 -0.00757718 0)
(1.09566 -0.00703901 0)
(1.08668 -0.00528298 0)
(1.07313 -0.00316545 0)
(1.06212 -0.000852826 0)
(1.05355 0.00176794 0)
(1.04793 0.00481777 0)
(1.04641 0.00799289 0)
(1.04933 0.0101006 0)
(1.05595 0.0113847 0)
(1.06593 0.0121737 0)
(1.07857 0.0131028 0)
(1.08549 0.0133866 0)
(1.057 0.0124477 0)
(0.910665 0.00857195 0)
(0.586768 0.00170241 0)
(0.193835 0.00026043 0)
(0.208318 -0.000117708 0)
(0.604787 0.000569824 0)
(0.922038 -0.00213778 0)
(1.06848 -0.00412925 0)
(1.09788 -0.00371767 0)
(1.09017 -0.00215695 0)
(1.07702 -0.000330974 0)
(1.06628 0.00174084 0)
(1.05792 0.00419326 0)
(1.05225 0.0066584 0)
(1.05019 0.00919322 0)
(1.05217 0.0105779 0)
(1.0577 0.0114628 0)
(1.06657 0.0121119 0)
(1.07866 0.0117723 0)
(1.08442 0.0116434 0)
(1.0506 0.0104104 0)
(0.896694 0.00645699 0)
(0.575947 0.0013581 0)
(0.190244 0.000295278 0)
(0.209494 7.2696e-05 0)
(0.604572 0.00109556 0)
(0.916583 -9.8866e-05 0)
(1.06676 -0.00154901 0)
(1.09949 -0.00110614 0)
(1.09255 0.000297269 0)
(1.07942 0.00203616 0)
(1.06858 0.00417043 0)
(1.06024 0.00660614 0)
(1.05447 0.00896849 0)
(1.05187 0.0111983 0)
(1.0531 0.0122301 0)
(1.05802 0.0125799 0)
(1.06626 0.012459 0)
(1.07781 0.0115303 0)
(1.08211 0.010813 0)
(1.04392 0.00908767 0)
(0.885232 0.00525617 0)
(0.568073 0.00137014 0)
(0.1872 0.000323593 0)
(0.212252 0.000396255 0)
(0.606017 0.0014887 0)
(0.914694 0.00183527 0)
(1.06602 0.00120414 0)
(1.1006 0.00188779 0)
(1.09411 0.00301785 0)
(1.0809 0.00443697 0)
(1.06976 0.00642842 0)
(1.06104 0.00878475 0)
(1.05483 0.0112348 0)
(1.05169 0.0132512 0)
(1.05246 0.0140579 0)
(1.05722 0.0138423 0)
(1.0652 0.0131267 0)
(1.07617 0.0119421 0)
(1.07907 0.0107868 0)
(1.03745 0.00855955 0)
(0.875206 0.00471212 0)
(0.56077 0.0014402 0)
(0.18397 0.00033321 0)
(0.215657 0.000439159 0)
(0.609752 0.00206629 0)
(0.915617 0.00346839 0)
(1.06627 0.00336997 0)
(1.10232 0.00414294 0)
(1.09631 0.00546762 0)
(1.08328 0.007092 0)
(1.07202 0.00936126 0)
(1.06288 0.0118265 0)
(1.05588 0.0144804 0)
(1.05179 0.0163326 0)
(1.05153 0.0169431 0)
(1.05547 0.0163859 0)
(1.06292 0.0149614 0)
(1.07298 0.0132487 0)
(1.07426 0.0111587 0)
(1.02954 0.0081444 0)
(0.86529 0.00442267 0)
(0.554039 0.00156389 0)
(0.180811 0.00034545 0)
(0.221277 0.000547283 0)
(0.61826 0.00270944 0)
(0.919267 0.00488879 0)
(1.06779 0.00560255 0)
(1.10429 0.00637486 0)
(1.09918 0.00760562 0)
(1.0867 0.00953805 0)
(1.07576 0.0122049 0)
(1.06642 0.0151193 0)
(1.05868 0.0181678 0)
(1.05342 0.0199593 0)
(1.05185 0.0203875 0)
(1.05451 0.0194013 0)
(1.06086 0.0176425 0)
(1.06968 0.0153221 0)
(1.06929 0.0127016 0)
(1.02208 0.00924399 0)
(0.856425 0.00520759 0)
(0.546825 0.00203186 0)
(0.177007 0.000420744 0)
(0.226391 0.00063368 0)
(0.625079 0.00301925 0)
(0.92357 0.00588743 0)
(1.06984 0.00707539 0)
(1.10673 0.00816276 0)
(1.10244 0.00982851 0)
(1.09053 0.0123342 0)
(1.07971 0.0156855 0)
(1.07006 0.0194046 0)
(1.0615 0.0230681 0)
(1.05486 0.0250451 0)
(1.05193 0.0253875 0)
(1.05292 0.0241579 0)
(1.05788 0.0219728 0)
(1.0647 0.0190132 0)
(1.06205 0.0150658 0)
(1.0117 0.0105539 0)
(0.84479 0.00610762 0)
(0.537593 0.0025963 0)
(0.172153 0.000529784 0)
(0.234643 0.000845917 0)
(0.638442 0.00405271 0)
(0.932358 0.00806007 0)
(1.0736 0.0102127 0)
(1.10932 0.0114904 0)
(1.10595 0.0132355 0)
(1.09467 0.0163119 0)
(1.08377 0.0203236 0)
(1.07339 0.0247188 0)
(1.06342 0.0288417 0)
(1.05511 0.0309518 0)
(1.05075 0.0309274 0)
(1.05029 0.0291031 0)
(1.05378 0.0259888 0)
(1.05844 0.022323 0)
(1.05369 0.0177071 0)
(1.00165 0.0127052 0)
(0.834411 0.00766409 0)
(0.527449 0.00329043 0)
(0.166182 0.000650561 0)
(0.243089 0.00112208 0)
(0.650605 0.00484745 0)
(0.941382 0.00976704 0)
(1.0785 0.0128716 0)
(1.11304 0.0152558 0)
(1.11048 0.0181629 0)
(1.09983 0.0221076 0)
(1.08872 0.026888 0)
(1.07733 0.031971 0)
(1.06571 0.0363409 0)
(1.05557 0.0382304 0)
(1.04932 0.0374189 0)
(1.04697 0.0347929 0)
(1.04845 0.030982 0)
(1.05085 0.0262987 0)
(1.04307 0.0205248 0)
(0.987679 0.0144596 0)
(0.818347 0.0087966 0)
(0.513209 0.00389313 0)
(0.158531 0.000762953 0)
(0.256111 0.00144105 0)
(0.670467 0.00671748 0)
(0.955983 0.0133059 0)
(1.08651 0.0178324 0)
(1.11883 0.0211025 0)
(1.11682 0.0248069 0)
(1.10648 0.0296469 0)
(1.09478 0.0353504 0)
(1.08193 0.0410202 0)
(1.06801 0.0453641 0)
(1.05521 0.0467809 0)
(1.04667 0.0450057 0)
(1.04245 0.0411432 0)
(1.04173 0.0359028 0)
(1.04162 0.0299875 0)
(1.0315 0.0235734 0)
(0.974832 0.017063 0)
(0.805505 0.0108351 0)
(0.499379 0.00472831 0)
(0.150147 0.000877812 0)
(0.271362 0.00199803 0)
(0.693685 0.00816496 0)
(0.97428 0.016852 0)
(1.09803 0.0230895 0)
(1.12736 0.0282098 0)
(1.12506 0.0336606 0)
(1.11431 0.0401227 0)
(1.10148 0.0467671 0)
(1.08672 0.0529697 0)
(1.07034 0.057126 0)
(1.05502 0.0575114 0)
(1.04388 0.0540188 0)
(1.03699 0.0485724 0)
(1.03372 0.0422894 0)
(1.03108 0.0352687 0)
(1.01794 0.0278518 0)
(0.957166 0.0202185 0)
(0.783024 0.0127853 0)
(0.477979 0.00560884 0)
(0.138978 0.00104723 0)
(0.292914 0.00285714 0)
(0.725017 0.0120165 0)
(0.998363 0.0226754 0)
(1.1133 0.0311679 0)
(1.13883 0.0377701 0)
(1.13563 0.045512 0)
(1.12372 0.0531589 0)
(1.10885 0.0609126 0)
(1.09131 0.067411 0)
(1.07148 0.070852 0)
(1.05237 0.0697266 0)
(1.03813 0.0646711 0)
(1.02927 0.0575464 0)
(1.02381 0.0494116 0)
(1.0188 0.0409665 0)
(1.0033 0.0324288 0)
(0.940522 0.0240032 0)
(0.765722 0.0157018 0)
(0.458845 0.00682959 0)
(0.127451 0.0011448 0)
(0.323389 0.00395643 0)
(0.767467 0.014875 0)
(1.03011 0.0299454 0)
(1.13443 0.0410906 0)
(1.15511 0.0508614 0)
(1.14914 0.0608311 0)
(1.13442 0.0705334 0)
(1.11639 0.0792885 0)
(1.09533 0.0856631 0)
(1.07185 0.0880966 0)
(1.04956 0.0851429 0)
(1.03239 0.077624 0)
(1.02022 0.0681993 0)
(1.012 0.0585165 0)
(1.00465 0.0487169 0)
(0.986059 0.0391491 0)
(0.917588 0.0291852 0)
(0.733536 0.0187287 0)
(0.426338 0.00780565 0)
(0.111435 0.00130124 0)
(0.360013 0.00784388 0)
(0.819523 0.0246062 0)
(1.07062 0.0423085 0)
(1.16128 0.0575413 0)
(1.17498 0.0688297 0)
(1.16503 0.0823472 0)
(1.14634 0.0932757 0)
(1.12422 0.102185 0)
(1.09871 0.10784 0)
(1.07047 0.108397 0)
(1.04332 0.102626 0)
(1.02234 0.092498 0)
(1.0085 0.0811678 0)
(0.998455 0.0694142 0)
(0.988598 0.0579141 0)
(0.966728 0.0464417 0)
(0.893767 0.0348076 0)
(0.707896 0.0226793 0)
(0.400656 0.00964388 0)
(0.0970672 0.00123414 0)
(0.443391 0.011471 0)
(0.899788 0.0347583 0)
(1.12384 0.0619549 0)
(1.19419 0.080541 0)
(1.20063 0.0962886 8.33787e-35)
(1.18325 0.111865 -5.36942e-35)
(1.15895 0.122743 0)
(1.13138 0.130954 0)
(1.10063 0.134761 0)
(1.06764 0.132484 0)
(1.03697 0.123554 0)
(1.01328 0.110608 0)
(0.995412 0.0963479 0)
(0.982193 0.0826916 0)
(0.969999 0.0696225 0)
(0.944047 0.0569683 0)
(0.862684 0.0432097 0)
(0.661478 0.0277985 0)
(0.350009 0.0100914 0)
(0.0741199 0.000975351 0)
(0.511125 0.0264523 -6.21326e-21)
(0.991568 0.0590515 4.08492e-21)
(1.18157 0.0943978 0)
(1.23014 0.116439 1.40021e-21)
(1.22687 0.135413 -1.13457e-21)
(1.20109 0.15051 5.665e-35)
(1.17049 0.160284 0)
(1.13683 0.166908 5.03341e-21)
(1.10032 0.168265 -1.79587e-20)
(1.06155 0.163015 3.9499e-21)
(1.02494 0.150701 0)
(0.995962 0.133838 -1.28132e-20)
(0.976263 0.117542 -1.60113e-20)
(0.961078 0.101664 2.81513e-20)
(0.944613 0.086621 -2.26257e-20)
(0.911252 0.0710448 0)
(0.81658 0.0537734 -8.66633e-21)
(0.601285 0.0342271 0)
(0.299699 0.0143774 -4.68656e-20)
(0.0562603 0.00168758 5.54372e-20)
(0.541409 0.0549238 -4.71812e-23)
(1.04607 0.102185 -4.14807e-20)
(1.22613 0.145877 1.14439e-20)
(1.26288 0.164905 1.56908e-20)
(1.25061 0.183666 -1.70581e-21)
(1.21686 0.196752 3.53444e-21)
(1.17976 0.204704 0)
(1.13978 0.209332 0)
(1.09716 0.208111 2.81464e-20)
(1.05225 0.199773 0)
(1.0104 0.183741 4.40984e-20)
(0.977797 0.165603 1.37471e-20)
(0.951752 0.147282 3.31134e-22)
(0.930551 0.130094 -3.15682e-20)
(0.910697 0.113961 0)
(0.873794 0.0983659 0)
(0.776542 0.0767324 -1.4597e-19)
(0.568969 0.0531197 3.65944e-19)
(0.286617 0.0235235 -2.17395e-19)
(0.054446 0.0053262 -2.57637e-19)
(0.544926 0.0783246 7.51913e-20)
(1.07589 0.159925 -2.20036e-20)
(1.25915 0.20772 -5.69957e-21)
(1.28913 0.224292 -3.04736e-20)
(1.26921 0.240158 1.37708e-20)
(1.2289 0.24926 -4.24644e-21)
(1.18588 0.253854 5.43017e-21)
(1.13996 0.255359 0)
(1.09138 0.250956 -5.83876e-20)
(1.04037 0.239614 6.44259e-20)
(0.993076 0.221834 -1.20541e-19)
(0.954935 0.200854 5.87437e-20)
(0.926577 0.180859 -4.32093e-20)
(0.90405 0.162775 9.46594e-20)
(0.880272 0.146071 0)
(0.840958 0.129364 -3.71341e-20)
(0.747513 0.107723 0)
(0.55596 0.0747052 2.09863e-19)
(0.29058 0.0394357 -4.98094e-19)
(0.0653872 0.00873491 3.12496e-19)
(0.53408 0.110627 -3.6028e-19)
(1.0908 0.218403 1.43811e-19)
(1.27898 0.274293 2.32499e-20)
(1.30672 0.288914 0)
(1.28162 0.301451 1.60062e-20)
(1.23644 0.305724 -1.70154e-20)
(1.18839 0.30632 -5.72396e-21)
(1.13718 0.304051 0)
(1.08319 0.296035 4.12198e-20)
(1.02696 0.281029 -4.42816e-20)
(0.974133 0.259195 1.06103e-19)
(0.931324 0.235335 0)
(0.898252 0.214934 -9.10933e-20)
(0.871211 0.196971 5.0143e-20)
(0.847512 0.180602 1.36273e-19)
(0.81129 0.164412 -1.19946e-19)
(0.725357 0.140314 1.9778e-19)
(0.550073 0.102389 -4.39012e-19)
(0.303887 0.0571647 2.78433e-19)
(0.0776396 0.0150299 -3.48954e-19)
(0.518422 0.134786 2.23723e-19)
(1.09446 0.273391 -1.64909e-19)
(1.289 0.341415 7.2661e-20)
(1.31583 0.354371 -9.9122e-20)
(1.28714 0.363882 6.61363e-20)
(1.23874 0.363717 -1.05475e-20)
(1.18681 0.360432 3.65534e-21)
(1.13127 0.35419 -2.78433e-20)
(1.07271 0.342224 -4.13067e-20)
(1.01176 0.323606 -9.54016e-20)
(0.955143 0.298825 -2.29096e-19)
(0.910794 0.274852 -7.70483e-20)
(0.877276 0.253277 2.61816e-21)
(0.85101 0.234429 -1.81066e-19)
(0.823867 0.216763 -6.34484e-21)
(0.785773 0.197877 1.7642e-19)
(0.705072 0.171731 -5.48448e-20)
(0.544939 0.129919 -3.19427e-20)
(0.314081 0.0760369 0)
(0.0864877 0.021513 7.49895e-19)
(0.499225 0.155903 0)
(1.08569 0.323463 5.14139e-20)
(1.29077 0.40526 0)
(1.31875 0.41827 -1.22786e-20)
(1.28757 0.42571 -8.09036e-20)
(1.23672 0.421522 1.60354e-20)
(1.18176 0.414591 2.64164e-21)
(1.12297 0.404418 4.98445e-20)
(1.06104 0.38853 -2.48346e-20)
(0.996352 0.365856 4.18082e-20)
(0.935826 0.337545 1.23655e-19)
(0.886297 0.309139 1.70696e-19)
(0.848046 0.284597 -1.06748e-19)
(0.817776 0.264301 1.96773e-19)
(0.795383 0.247235 -1.58075e-19)
(0.764314 0.231027 0)
(0.692864 0.204447 -4.20194e-19)
(0.543918 0.158112 5.64886e-19)
(0.321309 0.0945111 4.26845e-20)
(0.0921517 0.0276404 -7.9642e-19)
(0.484188 0.176709 -5.40418e-21)
(1.07687 0.372716 -1.35796e-19)
(1.28779 0.466743 -4.06712e-19)
(1.31661 0.479893 2.23553e-19)
(1.28332 0.485649 -4.74743e-20)
(1.2308 0.478 2.50063e-20)
(1.17367 0.467755 -7.14551e-21)
(1.1123 0.453936 -4.53563e-21)
(1.04711 0.434455 -8.7537e-20)
(0.978529 0.4082 5.83538e-22)
(0.914836 0.376992 -1.35273e-19)
(0.865985 0.346758 -1.82372e-19)
(0.831335 0.322408 1.2024e-19)
(0.805645 0.30263 -7.08411e-20)
(0.777578 0.284247 1.72332e-19)
(0.74174 0.262514 0)
(0.67205 0.234179 -2.60965e-19)
(0.532747 0.184161 3.85977e-19)
(0.321397 0.11086 7.38189e-19)
(0.0938222 0.0328058 -8.66374e-19)
(0.469066 0.194368 -6.69893e-19)
(1.0625 0.417358 3.38344e-19)
(1.28075 0.524378 2.62712e-19)
(1.31088 0.538475 -2.42752e-19)
(1.27592 0.543206 1.12354e-20)
(1.22215 0.532491 6.83344e-20)
(1.16331 0.519301 -2.79959e-21)
(1.09982 0.502175 -1.86721e-20)
(1.03218 0.479284 -5.43154e-20)
(0.961362 0.449366 9.42864e-20)
(0.895712 0.413632 1.27924e-19)
(0.844071 0.380228 2.86042e-19)
(0.804062 0.352332 0)
(0.771449 0.328067 5.61991e-21)
(0.750028 0.30807 -4.79627e-19)
(0.72254 0.292241 1.10294e-19)
(0.660637 0.262391 5.61642e-19)
(0.525168 0.208056 -1.65063e-19)
(0.314003 0.125555 3.50093e-19)
(0.0919599 0.0356785 -2.92309e-20)
(0.459874 0.213405 6.15501e-21)
(1.0509 0.461354 3.13927e-19)
(1.27157 0.579584 2.00004e-19)
(1.30229 0.59435 -4.34919e-19)
(1.26574 0.597827 2.75161e-19)
(1.21117 0.584444 -8.50981e-20)
(1.15103 0.56876 -4.60345e-22)
(1.08594 0.548752 4.04186e-20)
(1.01625 0.52279 9.57857e-20)
(0.943076 0.489621 -1.21414e-19)
(0.875243 0.45108 0)
(0.82213 0.415168 -1.12935e-19)
(0.784976 0.385009 1.29659e-19)
(0.759983 0.361889 1.74565e-19)
(0.732872 0.34288 -1.00137e-19)
(0.699738 0.318252 -2.53037e-19)
(0.637259 0.287141 -7.68327e-20)
(0.508967 0.226114 -1.21367e-21)
(0.303416 0.135241 0)
(0.0875007 0.0381826 0)
(0.45124 0.228882 -3.32568e-19)
(1.03741 0.501613 0)
(1.26035 0.631153 2.29608e-19)
(1.29175 0.647274 -1.05974e-19)
(1.25396 0.649706 -2.85748e-19)
(1.19882 0.633785 7.89299e-20)
(1.13764 0.615907 -6.44435e-21)
(1.07121 0.593342 -1.89342e-20)
(0.999846 0.564596 6.02965e-20)
(0.92441 0.528145 -4.99868e-20)
(0.85397 0.485658 7.19488e-20)
(0.79937 0.44526 3.52834e-19)
(0.75978 0.41327 1.35009e-20)
(0.725367 0.386142 -1.78213e-19)
(0.70416 0.36267 3.44381e-19)
(0.679938 0.343451 4.50901e-21)
(0.623652 0.307915 8.22021e-20)
(0.495363 0.243749 -3.98519e-19)
(0.291528 0.142577 4.04072e-19)
(0.0818952 0.039812 -4.82618e-19)
(0.444818 0.247927 3.35182e-23)
(1.02567 0.540995 0)
(1.24836 0.680284 0)
(1.27982 0.697528 9.86835e-20)
(1.24099 0.698695 1.12379e-19)
(1.18543 0.680397 -6.48174e-20)
(1.12334 0.660629 3.88696e-20)
(1.0558 0.635862 0)
(0.982872 0.604837 -9.82884e-20)
(0.905236 0.565957 1.77547e-19)
(0.832667 0.520506 2.19572e-19)
(0.776704 0.477458 -1.33031e-19)
(0.736065 0.441591 -1.66919e-19)
(0.712637 0.413635 3.94728e-19)
(0.686401 0.390046 -1.21831e-19)
(0.655521 0.362832 -1.47933e-19)
(0.597576 0.326964 -9.04449e-20)
(0.474789 0.255305 -4.32165e-19)
(0.277727 0.147767 6.10991e-20)
(0.0756307 0.0402666 5.24265e-19)
(0.441063 0.266671 -1.33176e-19)
(1.01396 0.577431 -2.10462e-19)
(1.23544 0.725932 2.36026e-20)
(1.26707 0.744855 3.27976e-23)
(1.22748 0.745037 3.59299e-20)
(1.17159 0.724543 -1.7485e-19)
(1.1087 0.703006 0)
(1.04018 0.676247 1.55414e-20)
(0.965729 0.643119 -1.22547e-20)
(0.886282 0.601301 2.80838e-19)
(0.811369 0.551972 -5.48493e-20)
(0.75275 0.505699 6.10664e-20)
(0.712028 0.467349 0)
(0.677171 0.434127 -2.15492e-19)
(0.65745 0.406595 2.68505e-19)
(0.634984 0.384378 0)
(0.581123 0.340426 -1.97715e-19)
(0.456604 0.266816 5.78502e-19)
(0.262896 0.150995 6.87119e-20)
(0.0689765 0.039781 -6.49244e-19)
(0.439093 0.28366 -2.96042e-19)
(1.00402 0.612754 3.79983e-19)
(1.22265 0.76921 0)
(1.25399 0.789558 2.46104e-19)
(1.2137 0.78872 0)
(1.15751 0.766226 1.62817e-19)
(1.09384 0.743097 0)
(1.02434 0.714571 0)
(0.948345 0.679706 -3.4268e-20)
(0.86614 0.636282 -2.73644e-19)
(0.787267 0.586303 -4.0853e-19)
(0.727158 0.536096 7.71704e-20)
(0.686069 0.492514 2.88589e-19)
(0.6625 0.45941 2.42391e-19)
(0.63774 0.431445 -8.61605e-19)
(0.608171 0.397115 -3.55845e-19)
(0.55241 0.355979 2.06941e-19)
(0.432749 0.272655 0)
(0.24655 0.152187 5.94819e-19)
(0.0618588 0.038329 -7.04109e-19)
(0.437675 0.299419 3.26753e-19)
(0.993836 0.645169 -4.17923e-19)
(1.2096 0.809105 0)
(1.24069 0.831298 -1.03096e-20)
(1.19987 0.829876 -1.01048e-19)
(1.14347 0.805705 0)
(1.07916 0.781094 -1.24946e-20)
(1.0088 0.751003 2.13375e-20)
(0.931562 0.714638 -4.37509e-20)
(0.848262 0.66948 2.71941e-20)
(0.769554 0.61455 0)
(0.707067 0.561043 3.08869e-19)
(0.661579 0.517275 4.1428e-21)
(0.625343 0.476324 1.31657e-19)
(0.606001 0.441262 1.58659e-19)
(0.585967 0.414681 0)
(0.533913 0.362166 -3.4848e-19)
(0.412492 0.278054 6.83213e-19)
(0.229643 0.151242 -7.26529e-19)
(0.0549458 0.0360159 1.52724e-18)
(0.436531 0.314402 0)
(0.984958 0.676863 0)
(1.19711 0.846966 -2.29876e-19)
(1.22751 0.870568 0)
(1.18614 0.868463 0)
(1.1296 0.842846 2.35979e-19)
(1.06479 0.817014 -1.61316e-20)
(0.993736 0.785456 1.7072e-20)
(0.915241 0.747718 -3.36195e-21)
(0.829264 0.700806 0)
(0.744457 0.645621 -6.56779e-20)
(0.67821 0.591466 -2.55879e-19)
(0.633509 0.538925 -3.20986e-19)
(0.60915 0.497955 -1.33263e-19)
(0.585551 0.462748 1.74516e-19)
(0.557246 0.421152 -4.14364e-19)
(0.503404 0.373022 7.53962e-19)
(0.385954 0.278339 6.11351e-21)
(0.212242 0.148174 -7.02426e-19)
(0.0482003 0.0332474 -1.04152e-19)
(0.435287 0.329012 0)
(0.975824 0.706063 -3.26276e-19)
(1.18457 0.88178 2.56543e-19)
(1.21438 0.907018 0)
(1.17261 0.904557 0)
(1.11603 0.877836 -5.22332e-19)
(1.05084 0.850947 0)
(0.979082 0.818174 0)
(0.899249 0.779552 -7.55818e-20)
(0.811501 0.732132 5.23512e-20)
(0.726735 0.675849 -5.25285e-19)
(0.658784 0.61608 0)
(0.609187 0.563995 -3.49299e-19)
(0.56916 0.513932 1.14484e-20)
(0.549816 0.46826 -5.58485e-19)
(0.532115 0.433877 2.24507e-19)
(0.483511 0.369481 3.40668e-21)
(0.367208 0.276499 -8.0348e-19)
(0.196647 0.143846 3.81234e-19)
(0.0430172 0.0305421 1.11429e-19)
(0.434128 0.343167 0)
(0.967939 0.734777 -3.85238e-19)
(1.17275 0.915116 2.73274e-19)
(1.20162 0.941416 5.72524e-19)
(1.1594 0.938308 1.15208e-19)
(1.10282 0.910547 -7.96528e-20)
(1.03738 0.882866 4.89545e-20)
(0.965256 0.849216 -8.25558e-20)
(0.884772 0.809571 8.08509e-20)
(0.796065 0.761202 3.22473e-19)
(0.707538 0.702796 4.3563e-19)
(0.632781 0.643015 8.37133e-20)
(0.577721 0.58497 5.06874e-19)
(0.550097 0.533459 3.28906e-19)
(0.52611 0.4883 4.03221e-19)
(0.500118 0.430332 -2.51296e-19)
(0.450568 0.373195 -2.96616e-19)
(0.340425 0.268526 3.48237e-19)
(0.180091 0.135074 -2.05895e-19)
(0.0397719 0.030455 3.63669e-19)
(0.43288 0.356859 5.06827e-19)
(0.959748 0.760917 6.11853e-19)
(1.16091 0.94562 1.50262e-19)
(1.18909 0.973233 1.61711e-20)
(1.14659 0.969761 -4.01025e-19)
(1.09009 0.941234 1.5138e-19)
(1.02457 0.912893 -5.61528e-20)
(0.952093 0.878372 -2.14925e-20)
(0.870499 0.838176 -7.29571e-20)
(0.778905 0.789491 -3.60019e-19)
(0.68555 0.731675 2.62262e-20)
(0.608757 0.66887 0)
(0.555576 0.609692 0)
(0.506482 0.551356 -1.67385e-19)
(0.483097 0.489088 -6.64505e-19)
(0.467941 0.438174 5.4521e-19)
(0.429673 0.35036 3.3223e-19)
(0.335535 0.247946 0)
(0.185666 0.113894 6.57275e-19)
(0.0342421 0.0101081 -3.92811e-19)
(0.431785 0.369819 -2.70808e-19)
(0.952684 0.786638 2.34445e-19)
(1.14983 0.975042 -3.35123e-19)
(1.17706 1.0034 -3.60455e-19)
(1.13422 0.99921 -1.58658e-19)
(1.07785 0.969813 3.62062e-20)
(1.01219 0.940916 0)
(0.939425 0.905862 1.22523e-19)
(0.8572 0.865402 1.2521e-20)
(0.764685 0.816207 0)
(0.671163 0.757975 0)
(0.590892 0.696982 5.84237e-20)
(0.520678 0.635191 8.91438e-20)
(0.485175 0.571056 -1.80771e-19)
(0.454171 0.511552 4.80318e-19)
(0.425535 0.427226 -6.00427e-19)
(0.385465 0.340234 -7.12917e-19)
(0.31779 0.2234 6.31106e-19)
(0.216665 0.133955 -2.36742e-19)
(0.120608 0.0907159 1.35885e-19)
(0.430425 0.382012 3.12835e-19)
(0.945132 0.809654 0)
(1.13875 1.00168 0)
(1.16537 1.03114 -1.21259e-19)
(1.12239 1.02658 9.81533e-20)
(1.06613 0.996579 -2.07916e-20)
(1.00049 0.967225 -2.12881e-19)
(0.927627 0.931689 -1.99128e-19)
(0.844495 0.890623 8.23899e-20)
(0.750032 0.841781 -2.91238e-20)
(0.651894 0.784153 6.96993e-20)
(0.563396 0.722018 -4.83063e-19)
(0.501358 0.659158 -5.30179e-19)
(0.437743 0.594413 -9.65652e-20)
(0.398613 0.512527 0)
(0.374183 0.438699 -1.23024e-20)
(0.345413 0.287742 3.94093e-19)
(0.301164 0.12536 -6.60929e-19)
(0.261373 -0.0301694 4.91029e-19)
(0.0803934 -0.0890623 3.92681e-19)
(0.429191 0.393586 -6.81942e-19)
(0.938567 0.832494 -2.95003e-19)
(1.12837 1.02767 6.50085e-21)
(1.1541 1.05776 1.54942e-19)
(1.11086 1.05257 0)
(1.05477 1.02186 4.54475e-19)
(0.989077 0.992154 2.64189e-19)
(0.915848 0.956282 -4.42873e-20)
(0.83229 0.915698 -2.92078e-20)
(0.737173 0.867252 -2.74796e-20)
(0.637489 0.81097 2.55234e-20)
(0.549715 0.751559 4.26975e-19)
(0.465669 0.688835 5.1811e-19)
(0.414809 0.616836 9.32089e-20)
(0.366856 0.54845 5.14191e-19)
(0.306924 0.428898 0)
(0.207778 0.283569 0)
(0.0422457 0.274977 4.87154e-19)
(-0.0677659 0.629619 -3.34051e-20)
(0.00101292 1.50509 -6.2539e-19)
(0.427533 0.404566 3.71349e-19)
(0.931479 0.852829 8.84709e-19)
(1.11793 1.05118 -1.33055e-18)
(1.1431 1.08243 8.00883e-19)
(1.09974 1.07714 -9.29208e-20)
(1.0437 1.04617 5.94924e-19)
(0.977919 1.01636 0)
(0.904679 0.980561 2.09895e-19)
(0.820519 0.939908 0)
(0.723334 0.891743 2.66758e-19)
(0.620238 0.835813 -3.97512e-20)
(0.522966 0.777826 4.45711e-20)
(0.449685 0.71884 5.76362e-19)
(0.362777 0.657932 -2.11734e-19)
(0.278351 0.56521 -2.687e-19)
(0.209289 0.492087 0)
(0.107648 0.580029 0)
(0.0375417 1.25564 0)
(0.0783956 2.42969 -2.73925e-19)
(0.108954 2.8944 -1.70095e-19)
(0.42599 0.415085 0)
(0.925386 0.873181 0)
(1.10821 1.07438 4.76286e-19)
(1.13252 1.10629 -6.67443e-19)
(1.0889 1.10065 4.56737e-19)
(1.03304 1.06933 -5.44939e-19)
(0.967316 1.03956 -3.04187e-20)
(0.893863 1.00385 2.36841e-20)
(0.809264 0.964209 7.80696e-21)
(0.711557 0.91827 -3.03489e-19)
(0.6068 0.866438 6.10753e-20)
(0.510466 0.812999 4.03144e-19)
(0.411319 0.75623 -5.6812e-19)
(0.34057 0.684818 -6.65562e-19)
(0.274131 0.630227 2.32169e-19)
(0.207513 0.749219 0)
(0.143717 1.49535 3.34855e-19)
(0.141909 2.6705 3.71936e-19)
(0.147982 3.08017 -4.16238e-19)
(0.138644 3.21874 4.56492e-19)
(0.424036 0.424804 0)
(0.918727 0.89093 7.19963e-19)
(1.09845 1.09505 -1.23419e-19)
(1.12229 1.12818 8.41176e-19)
(1.07859 1.12271 -4.79417e-19)
(1.0228 1.09148 0)
(0.956982 1.06193 0)
(0.883509 1.02671 0)
(0.798561 0.987755 -6.47926e-20)
(0.699548 0.941832 3.75039e-21)
(0.592426 0.889719 0)
(0.488494 0.837901 -3.93694e-19)
(0.40638 0.791221 0)
(0.295807 0.742115 4.73598e-19)
(0.215824 0.819877 -3.09103e-19)
(0.171692 1.44323 -2.59056e-19)
(0.177758 2.66082 -6.35061e-19)
(0.197139 3.12569 -3.18131e-19)
(0.18712 3.27169 -3.69476e-19)
(0.171912 3.31277 3.13983e-19)
(0.422306 0.433944 -2.43272e-19)
(0.913074 0.908911 1.51396e-20)
(1.08945 1.1157 -1.33052e-19)
(1.11249 1.14951 -6.72961e-19)
(1.06855 1.14392 0)
(1.01296 1.11266 0)
(0.947319 1.08346 0)
(0.873881 1.04873 -1.44512e-20)
(0.788726 1.01097 7.24229e-20)
(0.689081 0.968745 0)
(0.579422 0.923693 0)
(0.477367 0.87876 0)
(0.366407 0.833369 0)
(0.307406 0.827836 3.1302e-19)
(0.286515 1.18186 8.16037e-19)
(0.274292 2.33585 2.54173e-19)
(0.285312 3.08059 4.65961e-19)
(0.277588 3.29118 -3.02114e-19)
(0.226763 3.35948 1.11332e-19)
(0.192559 3.37214 0)
(0.420188 0.442514 2.46649e-19)
(0.906577 0.924682 -1.5538e-18)
(1.08012 1.13436 -4.40377e-19)
(1.10284 1.16947 -1.07407e-19)
(1.05885 1.16426 1.22269e-19)
(1.0034 1.13332 -8.60044e-19)
(0.937688 1.10457 5.80274e-20)
(0.864236 1.07055 3.89101e-19)
(0.778862 1.03403 0)
(0.678908 0.992337 -1.73546e-20)
(0.570568 0.944835 1.57873e-20)
(0.463405 0.902126 0)
(0.380911 0.875445 0)
(0.329044 1.00011 -3.88456e-19)
(0.295415 1.83221 3.08025e-21)
(0.291771 2.92805 -1.39746e-19)
(0.310418 3.29556 2.36454e-19)
(0.2833 3.39868 9.6962e-20)
(0.215322 3.4246 4.11253e-20)
(0.189154 3.43318 -2.27331e-20)
(0.41804 0.451142 4.75279e-19)
(0.900572 0.942484 1.48688e-18)
(1.0708 1.15497 5.41287e-19)
(1.0928 1.19069 0)
(1.04865 1.18535 0)
(0.993482 1.15438 6.58939e-19)
(0.928098 1.12605 -4.04198e-19)
(0.854999 1.09265 -3.58061e-19)
(0.769931 1.0574 -1.40034e-20)
(0.669565 1.0192 6.15983e-20)
(0.556762 0.9822 -2.96701e-19)
(0.448345 0.945961 0)
(0.368341 0.950946 0)
(0.347368 1.34363 -2.18489e-19)
(0.358583 2.44022 -2.84849e-19)
(0.400862 3.19907 0)
(0.426752 3.38404 1.54585e-20)
(0.356815 3.44934 2.00567e-19)
(0.281683 3.49383 -4.06358e-19)
(0.256793 3.51996 2.43134e-19)
(0.41494 0.460217 -9.00211e-19)
(0.892744 0.959058 -7.07549e-19)
(1.06009 1.17479 0)
(1.08196 1.21183 0)
(1.03792 1.20684 0)
(0.983063 1.17607 0)
(0.917803 1.14805 4.31489e-19)
(0.844925 1.11523 -4.66551e-19)
(0.759911 1.08111 0)
(0.659945 1.04456 -5.03766e-20)
(0.552772 1.00407 4.91961e-19)
(0.451049 0.974995 2.50922e-20)
(0.402241 1.06713 4.22816e-20)
(0.406949 1.72092 3.24686e-19)
(0.428691 2.87808 -1.05124e-19)
(0.464725 3.32985 0)
(0.446898 3.46101 -5.16488e-20)
(0.356692 3.55018 9.95488e-20)
(0.272248 3.61993 3.33093e-19)
(0.196019 3.60016 -2.85243e-19)
(0.411908 0.469308 4.26693e-19)
(0.885311 0.978913 -6.9616e-19)
(1.04904 1.19769 0)
(1.07026 1.23501 -1.72398e-19)
(1.0262 1.22961 6.53967e-19)
(0.971774 1.19853 0)
(0.907117 1.1707 0)
(0.835005 1.13833 8.73906e-19)
(0.750969 1.10557 1.30353e-20)
(0.652048 1.07157 -5.76876e-20)
(0.537761 1.04152 -2.10397e-19)
(0.448295 1.03284 1.616e-19)
(0.4102 1.23304 0)
(0.444967 2.13659 -1.5395e-19)
(0.495103 3.13586 1.27028e-19)
(0.555999 3.43732 -2.68473e-20)
(0.549717 3.54177 0)
(0.480253 3.6363 -1.84648e-19)
(0.40406 3.68155 -7.36389e-19)
(0.320004 3.65235 -1.86849e-19)
(0.407214 0.478814 -8.27391e-19)
(0.875401 0.996823 9.9071e-19)
(1.03625 1.2193 7.37525e-19)
(1.05759 1.25786 -1.91002e-19)
(1.01379 1.25268 -9.97809e-19)
(0.959966 1.22156 0)
(0.89577 1.19378 3.77278e-19)
(0.824331 1.16184 -3.58315e-19)
(0.740973 1.12974 -3.61436e-20)
(0.642707 1.09767 4.85731e-20)
(0.536475 1.06749 -1.86821e-21)
(0.459059 1.07732 -1.79945e-19)
(0.466539 1.44766 1.63819e-19)
(0.528418 2.5071 -5.17281e-21)
(0.593399 3.30512 9.54426e-20)
(0.647418 3.49778 -3.11158e-19)
(0.607057 3.55977 0)
(0.542304 3.57095 0)
(0.439166 3.54109 -8.69817e-19)
(0.195912 3.33774 1.72217e-18)
(0.402735 0.488512 3.92743e-19)
(0.866009 1.01889 9.56866e-19)
(1.02309 1.24467 -7.26552e-19)
(1.04398 1.28309 7.12779e-19)
(1.00037 1.27709 9.87485e-19)
(0.947204 1.24535 0)
(0.883979 1.21746 -4.0989e-19)
(0.813739 1.18556 -5.03822e-19)
(0.731804 1.1547 0)
(0.635855 1.12469 0)
(0.529458 1.10495 0)
(0.46699 1.16484 0)
(0.4976 1.66728 -1.73228e-19)
(0.58372 2.79913 4.12847e-20)
(0.66509 3.40649 0)
(0.712488 3.51838 1.95144e-19)
(0.709176 3.52761 0)
(0.780178 3.37956 3.23429e-19)
(0.876355 3.01933 -2.4791e-18)
(0.462759 2.65744 2.45183e-18)
(0.396116 0.497132 -7.70028e-19)
(0.853369 1.03802 -6.06616e-19)
(1.0077 1.26819 -4.68458e-19)
(1.02912 1.30777 -6.66664e-19)
(0.985962 1.30183 -4.69133e-19)
(0.933865 1.26978 0)
(0.871556 1.2416 -9.15455e-20)
(0.802547 1.20998 3.53129e-20)
(0.722179 1.17957 2.65702e-19)
(0.62839 1.15101 0)
(0.531054 1.13508 3.36987e-21)
(0.489425 1.23836 -3.83072e-21)
(0.566253 1.9052 0)
(0.674701 3.0453 -3.16477e-20)
(0.764442 3.45573 0)
(0.798808 3.50294 -3.34103e-19)
(0.802031 3.42461 8.54642e-19)
(0.795157 3.0553 -3.1784e-19)
(0.54767 2.06228 4.97383e-19)
(-0.356157 0.541952 -1.21652e-18)
(0.389187 0.507009 -1.29144e-20)
(0.841015 1.06202 -2.98627e-19)
(0.991649 1.29631 6.51269e-19)
(1.01297 1.33556 -1.89165e-20)
(0.970261 1.32848 -1.24746e-19)
(0.919089 1.29558 0)
(0.858198 1.26721 4.20499e-19)
(0.790933 1.23537 4.22321e-19)
(0.712626 1.20566 -5.14914e-19)
(0.619001 1.17888 2.75679e-19)
(0.531257 1.17569 1.00077e-19)
(0.51285 1.35437 0)
(0.612124 2.16822 -7.27487e-20)
(0.732508 3.19322 8.8876e-20)
(0.815028 3.43931 2.01099e-19)
(0.828614 3.44577 0)
(0.761945 3.23998 -4.20756e-19)
(0.582799 2.44584 4.97676e-19)
(0.141812 0.768113 -5.93001e-19)
(-0.260296 -0.439223 -5.37565e-19)
(0.37974 0.514566 6.98228e-19)
(0.824536 1.08198 -2.87106e-19)
(0.972767 1.32199 4.34556e-19)
(0.995109 1.36268 3.42868e-19)
(0.953039 1.35573 2.41409e-19)
(0.903499 1.3225 6.30246e-19)
(0.844006 1.29365 -8.09385e-19)
(0.778522 1.26201 -5.1844e-19)
(0.702271 1.23333 5.60744e-19)
(0.612405 1.20933 7.3897e-20)
(0.539304 1.21685 5.42443e-20)
(0.549219 1.47104 7.92344e-20)
(0.687427 2.4436 -1.19266e-19)
(0.814919 3.28288 1.75307e-19)
(0.883839 3.4202 -2.9321e-19)
(0.855843 3.35523 2.98703e-19)
(0.723951 2.909 -7.32061e-19)
(0.475637 1.79831 4.46487e-19)
(0.0766338 0.0897954 0)
(-0.0757042 -0.189837 -8.45061e-19)
(0.369573 0.523136 0)
(0.807916 1.10688 -1.0819e-18)
(0.953011 1.35265 2.3616e-20)
(0.97576 1.39316 -5.99942e-19)
(0.934442 1.38479 0)
(0.886236 1.35053 -4.50487e-19)
(0.82877 1.3215 6.89279e-19)
(0.765773 1.28984 4.84987e-19)
(0.693147 1.261 -5.89611e-19)
(0.606256 1.23914 -2.81267e-19)
(0.543456 1.26451 -1.49785e-19)
(0.585882 1.62515 4.56433e-20)
(0.737686 2.66344 1.20137e-19)
(0.858017 3.32089 1.42656e-19)
(0.901297 3.37267 -3.10452e-19)
(0.833549 3.1807 4.83144e-19)
(0.606446 2.48144 3.35466e-19)
(0.138899 0.542239 -3.97509e-19)
(-0.127186 -0.2444 0)
(-0.107641 -0.206505 0)
(0.355644 0.528256 -6.46708e-19)
(0.785926 1.12585 1.04904e-18)
(0.929967 1.37986 0)
(0.954172 1.42249 0)
(0.913688 1.41431 0)
(0.867937 1.37971 0)
(0.812428 1.34994 -2.94508e-19)
(0.752049 1.3178 -1.49588e-20)
(0.682079 1.29054 -7.81711e-20)
(0.602151 1.27278 -3.74591e-20)
(0.554254 1.32173 3.26587e-19)
(0.627214 1.76482 -1.28668e-19)
(0.810992 2.87651 0)
(0.923694 3.32605 3.7899e-20)
(0.954967 3.32114 5.11523e-19)
(0.816655 2.98387 -2.05603e-19)
(0.455831 1.83065 3.4184e-19)
(0.0213809 0.0241502 1.96942e-19)
(-0.179809 -0.215487 -8.97117e-19)
(-0.056 -0.136094 -1.06592e-18)
(0.340068 0.533499 3.17359e-19)
(0.762836 1.1486 4.89624e-19)
(0.905916 1.41201 -9.38679e-21)
(0.930712 1.45507 2.90044e-19)
(0.891345 1.44515 0)
(0.847679 1.40925 7.23683e-19)
(0.794939 1.37921 -1.97516e-19)
(0.737687 1.34744 7.15632e-20)
(0.671636 1.31961 -3.24028e-20)
(0.598768 1.30454 -4.25429e-20)
(0.566339 1.37582 -2.06644e-19)
(0.675169 1.94012 1.76694e-19)
(0.862867 3.00771 1.64823e-19)
(0.954305 3.31275 1.15526e-19)
(0.938372 3.23168 -3.20359e-19)
(0.722977 2.62805 7.11085e-19)
(0.290553 1.10109 -4.16051e-19)
(-0.078818 -0.238506 5.2197e-19)
(-0.197703 -0.245095 -1.5438e-18)
(-0.0625838 -0.156506 1.09055e-18)
(0.32046 0.533889 -2.96856e-19)
(0.734832 1.16501 0)
(0.877885 1.43901 -3.64674e-19)
(0.904133 1.48587 -5.51677e-19)
(0.866183 1.47631 0)
(0.826044 1.44 -5.51202e-19)
(0.775765 1.40893 0)
(0.722427 1.37579 -4.12257e-19)
(0.659598 1.34882 2.20833e-19)
(0.597028 1.33972 -4.40824e-19)
(0.583184 1.44567 2.99799e-19)
(0.723551 2.11823 -6.8792e-20)
(0.918955 3.09535 -4.34714e-19)
(1.00562 3.29657 2.34226e-19)
(0.975381 3.1232 -2.99704e-19)
(0.667207 2.32675 -2.24259e-19)
(0.132908 0.331356 5.41602e-19)
(-0.137955 -0.308451 -6.30838e-19)
(-0.13949 -0.256656 -2.0414e-22)
(-0.0654808 -0.127164 -1.13466e-19)
(0.299038 0.532721 5.76567e-19)
(0.705228 1.18379 -4.5244e-19)
(0.847975 1.46994 3.68908e-19)
(0.874939 1.51913 2.62146e-19)
(0.839081 1.50782 2.6481e-20)
(0.802044 1.46994 2.9455e-19)
(0.755264 1.43834 0)
(0.705706 1.405 -3.22201e-20)
(0.646606 1.37818 0)
(0.593854 1.37328 4.12312e-19)
(0.600063 1.50481 -2.73048e-19)
(0.776304 2.27413 6.00391e-20)
(0.965801 3.1454 4.35993e-19)
(1.02678 3.26334 2.49362e-19)
(0.922806 2.96166 -1.35371e-19)
(0.52103 1.84541 2.30437e-19)
(0.0251933 -0.02258 -7.62915e-19)
(-0.199352 -0.282007 -4.46444e-19)
(-0.1227 -0.268379 -1.76641e-19)
(-0.0577324 -0.0950965 8.37326e-19)
(0.273349 0.523983 4.171e-21)
(0.669693 1.19343 2.24566e-19)
(0.812959 1.49361 0)
(0.842002 1.54945 4.89908e-19)
(0.809058 1.53948 -7.39012e-19)
(0.776163 1.50097 2.85714e-19)
(0.732309 1.46785 -2.06745e-19)
(0.688248 1.43314 3.54635e-19)
(0.635496 1.40559 -3.53242e-19)
(0.591028 1.40763 5.30616e-20)
(0.620095 1.57577 -3.3905e-19)
(0.825688 2.41454 -4.68902e-19)
(1.00526 3.17594 3.96437e-20)
(1.05739 3.23311 -4.67146e-19)
(0.932209 2.79162 -2.98628e-19)
(0.479839 1.50123 5.42552e-19)
(-0.0490983 -0.197316 -4.57933e-19)
(-0.209527 -0.289462 2.80774e-19)
(-0.13065 -0.300617 2.13068e-21)
(-0.0433156 -0.0926812 -7.7312e-19)
(0.24525 0.510468 1.04821e-18)
(0.630922 1.20271 -2.18615e-19)
(0.77495 1.52 -6.333e-19)
(0.805744 1.58051 5.1405e-19)
(0.776336 1.56985 -3.32584e-19)
(0.746953 1.52966 5.40094e-19)
(0.707356 1.49597 3.56683e-19)
(0.66836 1.45933 0)
(0.621442 1.43186 4.1136e-19)
(0.587518 1.43871 -6.34408e-20)
(0.637582 1.6283 7.97695e-20)
(0.872066 2.50394 4.74115e-19)
(1.0519 3.18694 4.26858e-20)
(1.06522 3.20897 7.65849e-21)
(0.838355 2.66284 -3.97589e-19)
(0.345479 1.00264 -1.57541e-19)
(-0.144484 -0.0966503 4.51731e-19)
(-0.209446 -0.265163 2.4816e-19)
(-0.189223 -0.278088 7.57245e-20)
(0.00297156 -0.0316028 7.0826e-19)
(0.212651 0.48539 0)
(0.585056 1.1983 2.03752e-19)
(0.730955 1.53616 -2.8985e-19)
(0.765784 1.60746 4.90868e-19)
(0.741032 1.59992 -6.72128e-19)
(0.715314 1.55904 2.73557e-19)
(0.679812 1.52294 0)
(0.646979 1.48507 0)
(0.608728 1.45372 0)
(0.579869 1.46749 1.12263e-19)
(0.654576 1.68071 -1.05255e-19)
(0.923263 2.57558 9.93524e-20)
(1.08705 3.19461 3.62713e-19)
(1.07816 3.20166 2.78038e-19)
(0.759253 2.52609 -5.17201e-19)
(0.0949201 0.800346 2.50726e-19)
(-0.366864 -0.0397973 1.2085e-20)
(-0.428709 -0.381041 -6.27659e-19)
(-0.393631 -0.44353 1.02819e-19)
(-0.0902279 -0.165419 0)
(0.177626 0.451456 9.45302e-19)
(0.534914 1.18902 -1.90537e-19)
(0.683041 1.55279 4.16493e-21)
(0.721315 1.63297 0)
(0.700935 1.62601 -3.16467e-19)
(0.678884 1.58395 1.76474e-20)
(0.648278 1.5474 0)
(0.621713 1.50713 1.13093e-19)
(0.593743 1.47385 -8.92334e-20)
(0.572944 1.48765 0)
(0.663976 1.70828 0)
(0.959321 2.58155 -2.28176e-19)
(1.16187 3.19134 -3.95868e-19)
(1.13725 3.2041 1.85711e-20)
(0.794842 2.51628 -2.3484e-19)
(0.10947 0.921099 2.34859e-19)
(-0.395138 0.0315893 0)
(-0.587062 -0.713673 -5.37673e-19)
(-0.612035 -0.913141 -8.44197e-19)
(-0.346358 -0.802247 2.21354e-18)
(0.13939 0.401825 7.78115e-19)
(0.477009 1.15886 -1.80965e-19)
(0.628476 1.55423 2.65741e-19)
(0.672701 1.65301 -6.54712e-19)
(0.658161 1.65103 0)
(0.640091 1.60944 0)
(0.615112 1.56973 0)
(0.594909 1.5265 1.08893e-19)
(0.574535 1.48882 -8.58462e-20)
(0.56397 1.49577 0)
(0.663732 1.71251 0)
(1.0117 2.56589 3.705e-19)
(1.24675 3.17175 -2.42474e-19)
(1.28608 3.20083 1.75169e-19)
(0.999848 2.59078 8.64331e-19)
(0.410423 1.01415 0)
(-0.164412 0.0219558 -2.63806e-19)
(-0.567259 -0.90343 -2.54468e-19)
(-0.636554 -1.33277 2.66046e-18)
(-0.477366 -1.25617 -3.21616e-18)
(0.100495 0.339765 -7.24326e-19)
(0.41424 1.11716 1.85255e-19)
(0.568823 1.55111 5.41608e-19)
(0.617891 1.66763 3.84143e-19)
(0.608512 1.66849 -3.10536e-19)
(0.595728 1.62815 -2.16902e-19)
(0.57494 1.58693 1.55569e-19)
(0.561293 1.54276 0)
(0.553337 1.49616 0)
(0.548397 1.49579 0)
(0.646044 1.69422 -1.85681e-19)
(1.02426 2.46413 -3.42696e-19)
(1.3752 3.09303 2.34454e-19)
(1.53871 3.09525 -1.50567e-19)
(1.46242 2.67013 -9.88081e-20)
(1.09212 1.626 0)
(0.482435 0.488015 3.88307e-19)
(-0.00558498 -0.465958 -1.94546e-18)
(-0.432301 -1.49125 4.2091e-18)
(-0.483204 -1.54577 -2.37696e-18)
(0.0620477 0.262428 7.69018e-19)
(0.342981 1.04368 -6.31871e-19)
(0.501365 1.52568 0)
(0.55779 1.67466 1.8762e-19)
(0.555257 1.68389 1.38371e-19)
(0.547198 1.64668 3.03616e-19)
(0.532399 1.60167 -1.45429e-19)
(0.523243 1.55219 0)
(0.521168 1.50163 0)
(0.532588 1.48301 -2.82815e-19)
(0.620748 1.63651 2.22606e-20)
(0.99981 2.32613 1.63854e-19)
(1.36004 2.95759 1.06507e-19)
(1.55414 2.8843 1.69682e-19)
(1.45851 2.60458 -4.53551e-19)
(1.29474 1.9073 3.60529e-19)
(0.803431 0.841571 -3.24273e-19)
(0.376329 -0.132355 0)
(-0.0283915 -0.89348 1.77444e-20)
(-0.215161 -1.19607 1.64143e-19)
(0.027037 0.179525 7.96475e-19)
(0.266947 0.951131 0)
(0.42817 1.48538 0)
(0.491711 1.66829 0)
(0.494454 1.68874 1.17548e-19)
(0.492747 1.65711 -2.93072e-19)
(0.481839 1.60919 -1.33737e-19)
(0.477943 1.55826 0)
(0.476441 1.49891 0)
(0.501671 1.45724 1.74895e-19)
(0.556217 1.56287 7.40537e-20)
(0.859575 2.05705 -6.8277e-20)
(1.23525 2.80328 -7.64369e-20)
(1.37774 2.74556 -1.25073e-19)
(1.3472 2.56159 8.77083e-20)
(1.24466 2.10901 -3.89921e-19)
(0.921932 1.33936 3.49096e-19)
(0.525984 0.509907 0)
(0.165481 -0.238219 -1.65742e-20)
(-0.0729671 -0.635702 -8.294e-19)
(0.00476247 0.112772 -7.61859e-19)
(0.183001 0.81184 2.63066e-19)
(0.347827 1.41199 4.05953e-19)
(0.418744 1.65111 -2.15198e-20)
(0.429577 1.68983 -2.47455e-19)
(0.431016 1.66508 -1.64293e-19)
(0.424868 1.61319 3.7375e-19)
(0.421583 1.55979 -8.31916e-21)
(0.424036 1.4928 0)
(0.446992 1.4299 4.3753e-20)
(0.461469 1.49094 -9.33566e-21)
(0.652966 1.82392 4.4758e-20)
(0.991956 2.61542 0)
(1.09445 2.65216 3.99872e-20)
(1.07795 2.56478 0)
(1.00804 2.30222 8.75641e-20)
(0.828475 1.80186 8.252e-20)
(0.535894 1.11732 0)
(0.25596 0.471819 0)
(0.0521458 0.0289254 -1.2069e-18)
(-0.00287318 0.0552822 6.25237e-19)
(0.10619 0.637407 -2.3453e-19)
(0.269424 1.30565 1.84003e-19)
(0.342327 1.60645 -2.89647e-19)
(0.357569 1.67553 1.12571e-19)
(0.363572 1.66408 -3.86217e-20)
(0.360764 1.61453 2.51088e-20)
(0.36101 1.55419 -4.91635e-20)
(0.353261 1.4922 -3.15898e-20)
(0.370732 1.4063 -2.56791e-20)
(0.364042 1.42963 5.38364e-21)
(0.425555 1.68169 0)
(0.703454 2.44836 7.27265e-21)
(0.77808 2.64822 0)
(0.757389 2.63173 0)
(0.710259 2.51003 0)
(0.619887 2.21488 6.07563e-19)
(0.433396 1.69944 -1.5947e-18)
(0.238792 1.16613 4.35648e-21)
(0.0848626 0.623743 1.13773e-18)
(0.00388194 0.000217666 1.10972e-19)
(0.042082 0.376475 1.04265e-19)
(0.192787 1.14713 -8.49554e-20)
(0.263113 1.54551 -6.34215e-20)
(0.282998 1.65709 5.08638e-20)
(0.289967 1.65497 3.59635e-20)
(0.289394 1.61387 2.57412e-20)
(0.294131 1.55066 0)
(0.271987 1.49295 -1.32374e-20)
(0.284144 1.40043 -7.93196e-21)
(0.279662 1.40665 1.74799e-20)
(0.249029 1.60098 0)
(0.436867 2.31972 6.35063e-21)
(0.523009 2.67417 -1.53707e-20)
(0.473419 2.73592 0)
(0.435462 2.69993 0)
(0.377564 2.53379 -3.21769e-20)
(0.268488 2.1549 0)
(0.142553 1.67 -2.61739e-20)
(0.0475505 0.997736 0)
(0.0128218 -0.0699335 0)
(0.0117748 0.171693 0)
(0.103341 0.91133 0)
(0.171834 1.42464 0)
(0.200365 1.61114 -1.25763e-33)
(0.21316 1.63531 9.44948e-34)
(0.217032 1.61097 0)
(0.224789 1.5502 0)
(0.211604 1.49323 0)
(0.213907 1.41321 0)
(0.213989 1.41887 0)
(0.157928 1.56673 0)
(0.260558 2.2166 0)
(0.352753 2.68396 0)
(0.29963 2.81641 0)
(0.255888 2.82639 0)
(0.22287 2.74139 0)
(0.15371 2.46732 0)
(0.064291 2.03525 0)
(0.00893897 1.26639 0)
(0.0106809 -0.107618 0)
(-0.00386935 0.128957 0)
(0.0269121 0.782471 0)
(0.0835927 1.33015 0)
(0.113636 1.56184 0)
(0.137413 1.60995 0)
(0.14786 1.59966 0)
(0.163713 1.54759 0)
(0.167887 1.49491 0)
(0.153837 1.43045 0)
(0.159894 1.43507 0)
(0.10432 1.55405 0)
(0.157821 2.16705 0)
(0.23544 2.69932 0)
(0.183759 2.87802 0)
(0.148025 2.91693 0)
(0.124686 2.8607 0)
(0.0776247 2.63105 0)
(0.0188987 2.20194 0)
(-0.00828762 1.35281 0)
(0.00021922 -0.105267 0)
(-0.014138 0.143072 0)
(-0.0194928 0.713001 0)
(0.017265 1.25785 0)
(0.0416157 1.51177 0)
(0.0720537 1.57799 0)
(0.0885488 1.57969 0)
(0.110807 1.53905 0)
(0.120175 1.49747 0)
(0.0981932 1.44673 0)
(0.106901 1.44662 0)
(0.0578224 1.54739 0)
(0.092123 2.12972 0)
(0.142449 2.70696 0)
(0.102692 2.92748 0)
(0.0760627 2.98448 0)
(0.0594589 2.94985 0)
(0.0246085 2.75199 0)
(-0.00440259 2.33687 0)
(-0.0147418 1.34319 0)
(-0.00443437 -0.0666692 0)
(-0.0252644 0.196588 0)
(-0.0467174 0.712388 0)
(-0.0264714 1.20192 0)
(-0.00553558 1.45627 0)
(0.0270311 1.53838 0)
(0.0450455 1.55207 0)
(0.0680134 1.52768 0)
(0.0735476 1.49666 0)
(0.0607354 1.45955 0)
(0.0566789 1.45891 0)
(0.0230823 1.54112 0)
(0.0408065 2.10461 0)
(0.0825169 2.71949 0)
(0.0460204 2.96017 0)
(0.0249408 3.03962 0)
(0.00796321 3.02108 0)
(-0.015335 2.82169 0)
(-0.0341064 2.35695 0)
(-0.0178427 1.2897 0)
(-0.00591285 -0.00685032 0)
(-0.0300274 0.2795 0)
(-0.0575526 0.732975 0)
(-0.0488138 1.15881 0)
(-0.0286858 1.39788 0)
(0.000289237 1.49293 0)
(0.0214037 1.5184 0)
(0.0415063 1.51577 0)
(0.0477622 1.49044 0)
(0.0455536 1.47147 0)
(0.0203091 1.47682 0)
(-0.00721146 1.54475 0)
(-0.00949606 2.08295 0)
(0.0304105 2.73079 0)
(-0.00455317 2.99312 0)
(-0.0164922 3.08825 0)
(-0.0301989 3.06823 0)
(-0.0433321 2.85226 0)
(-0.0449771 2.33857 0)
(-0.0239089 1.16282 0)
(-0.00603936 0.0569454 0)
(-0.0278813 0.363726 0)
(-0.0569271 0.766711 0)
(-0.0557401 1.13083 0)
(-0.037643 1.3463 0)
(-0.0126843 1.44708 0)
(0.012261 1.48218 0)
(0.0320964 1.49996 0)
(0.0440854 1.48283 0)
(0.0456546 1.48526 0)
(0.00974244 1.50288 0)
(-0.0314799 1.56361 0)
(-0.0504833 2.06331 0)
(-0.0129201 2.73447 0)
(-0.04565 3.01629 0)
(-0.0464627 3.11167 0)
(-0.0532736 3.08103 0)
(-0.0585812 2.84887 0)
(-0.0526912 2.28912 0)
(-0.0260577 1.01114 0)
(-0.00447507 0.112801 0)
(-0.02145 0.44044 0)
(-0.0474486 0.810724 0)
(-0.0516715 1.11675 0)
(-0.0376088 1.30635 0)
(-0.0134779 1.40545 0)
(0.0123718 1.44713 0)
(0.0387511 1.47723 0)
(0.052388 1.47515 0)
(0.0598462 1.49854 0)
(0.0280823 1.53368 0)
(-0.0341828 1.59375 0)
(-0.0653959 2.05472 0)
(-0.0327628 2.74156 0)
(-0.0649239 3.02624 0)
(-0.0602805 3.11541 0)
(-0.0674737 3.07866 0)
(-0.0670593 2.82793 0)
(-0.0544854 2.2012 0)
(-0.0217872 0.861033 0)
(-0.00268748 0.153893 0)
(-0.0142315 0.499927 0)
(-0.0335929 0.851865 0)
(-0.0388903 1.11158 0)
(-0.0283567 1.27384 0)
(-0.00192665 1.36455 0)
(0.025243 1.40955 0)
(0.0647617 1.44696 0)
(0.0837129 1.46096 0)
(0.099575 1.50511 0)
(0.0862557 1.57379 0)
(-0.0052413 1.64033 0)
(-0.063875 2.0544 0)
(-0.0332905 2.74658 0)
(-0.0645786 3.03248 0)
(-0.0620711 3.12005 0)
(-0.0666648 3.08015 0)
(-0.0744461 2.80025 0)
(-0.0506006 2.09497 0)
(-0.0154122 0.729728 0)
(-0.00100158 0.178538 0)
(-0.00767295 0.539046 0)
(-0.0190644 0.880052 0)
(-0.0213151 1.1078 0)
(-0.0110399 1.24132 0)
(0.0202627 1.3171 0)
(0.052806 1.36111 0)
(0.110332 1.40064 0)
(0.142254 1.42956 0)
(0.194054 1.50036 0)
(0.167554 1.62083 0)
(0.0653137 1.72169 0)
(-0.0524658 2.06719 0)
(-0.0211171 2.75638 0)
(-0.0561493 3.04677 0)
(-0.0570056 3.13098 0)
(-0.0681183 3.09045 0)
(-0.0630577 2.77666 0)
(-0.0452852 2.0139 0)
(-0.00636918 0.623925 0)
(0.000277295 0.187748 0)
(-0.0016757 0.557652 0)
(-0.00624662 0.890368 0)
(-0.00293168 1.09638 0)
(0.0116337 1.20214 0)
(0.0487876 1.25914 0)
(0.0898629 1.29732 0)
(0.163863 1.33356 0)
(0.209744 1.37751 0)
(0.296742 1.48334 0)
(0.25252 1.68161 0)
(0.145341 1.83712 0)
(-0.0463856 2.11241 0)
(-0.0186071 2.77686 0)
(-0.0625371 3.07503 0)
(-0.0617173 3.15931 0)
(-0.0794199 3.09134 0)
(-0.0532687 2.73464 0)
(-0.0434347 1.93552 0)
(0.00707853 0.551552 0)
(0.0019104 0.184443 0)
(0.00315336 0.559982 0)
(0.00287474 0.886103 0)
(0.0130079 1.0702 0)
(0.0343171 1.15114 0)
(0.0763433 1.18928 0)
(0.127263 1.21771 0)
(0.210992 1.2479 0)
(0.277633 1.30714 0)
(0.374794 1.45722 0)
(0.320678 1.76327 0)
(0.197302 1.99198 0)
(-0.0567135 2.21894 0)
(-0.0472781 2.80608 0)
(-0.0941282 3.106 0)
(-0.0945436 3.17416 0)
(-0.0990197 3.0727 0)
(-0.0826901 2.6595 0)
(-0.0429591 1.77383 0)
(0.0145196 0.504825 0)
(0.00315349 0.169947 0)
(0.00625516 0.552996 0)
(0.00947831 0.868027 0)
(0.0243382 1.02893 0)
(0.0514334 1.08861 0)
(0.0959092 1.1099 0)
(0.154779 1.12513 0)
(0.241832 1.14821 0)
(0.327354 1.22603 0)
(0.409529 1.43431 0)
(0.357823 1.86142 0)
(0.223227 2.17493 0)
(-0.0367759 2.34822 0)
(-0.0703026 2.84827 0)
(-0.11601 3.13478 0)
(-0.128305 3.17597 0)
(-0.122252 3.04464 0)
(-0.128351 2.57579 0)
(-0.0377102 1.52174 0)
(0.00627282 0.465075 0)
(0.00355395 0.149638 0)
(0.00765027 0.538792 0)
(0.0115724 0.842752 0)
(0.027827 0.979699 0)
(0.0558325 1.02031 0)
(0.0988141 1.02598 0)
(0.158783 1.02651 0)
(0.243067 1.04407 0)
(0.330013 1.14321 0)
(0.407269 1.42492 0)
(0.359019 1.95778 0)
(0.247755 2.34533 0)
(0.0301068 2.49256 0)
(-0.0787893 2.92097 0)
(-0.13552 3.17898 0)
(-0.159445 3.20048 0)
(-0.169921 3.02346 0)
(-0.146638 2.44656 0)
(-0.0259463 1.28044 0)
(-0.00421023 0.418877 0)
(0.00343745 0.128506 0)
(0.00647771 0.52786 0)
(0.00812092 0.819906 0)
(0.0221817 0.933585 0)
(0.0449006 0.958716 0)
(0.080578 0.949709 0)
(0.131105 0.936728 0)
(0.201398 0.950069 0)
(0.269306 1.06403 0)
(0.348004 1.41361 0)
(0.302019 2.03785 0)
(0.236247 2.47764 0)
(0.0327776 2.6846 0)
(-0.139841 3.07513 0)
(-0.201491 3.25978 0)
(-0.243603 3.25306 0)
(-0.241939 2.94903 0)
(-0.136336 2.137 0)
(-0.0233817 1.09033 0)
(-0.00820042 0.358784 0)
(0.00247542 0.112892 0)
(0.00285418 0.526789 0)
(-0.000968962 0.808835 0)
(0.00612835 0.902602 0)
(0.0167134 0.914779 0)
(0.0371347 0.893931 0)
(0.0652836 0.873155 0)
(0.102641 0.884079 0)
(0.135603 1.0153 0)
(0.159269 1.41583 0)
(0.131792 2.09531 0)
(0.0982995 2.61046 0)
(-0.144847 2.92672 0)
(-0.275265 3.25824 0)
(-0.328857 3.35187 0)
(-0.326152 3.2351 0)
(-0.269601 2.79338 0)
(-0.098327 1.77914 0)
(-0.0297903 0.942342 0)
(-0.00879462 0.285962 0)
(0.00110432 0.108228 0)
(-0.00271362 0.542228 0)
(-0.0123912 0.815694 0)
(-0.015919 0.89828 0)
(-0.022656 0.904649 0)
(-0.022401 0.877028 0)
(-0.0249225 0.853834 0)
(-0.0323278 0.86743 0)
(-0.0532341 1.01602 0)
(-0.101712 1.44096 0)
(-0.162136 2.15057 0)
(-0.187078 2.77109 0)
(-0.410914 3.10742 0)
(-0.437089 3.32424 0)
(-0.436672 3.35054 0)
(-0.380364 3.11625 0)
(-0.209593 2.4111 0)
(-0.055302 1.53171 0)
(-0.0237496 0.833215 0)
(-0.0064823 0.218761 0)
(-0.000783245 0.117704 0)
(-0.00912397 0.578932 0)
(-0.02722 0.850265 0)
(-0.0420299 0.925074 0)
(-0.0686761 0.929448 0)
(-0.0914037 0.902032 0)
(-0.127514 0.882278 0)
(-0.180834 0.904985 0)
(-0.257443 1.06917 0)
(-0.358765 1.50782 0)
(-0.464309 2.21971 0)
(-0.480197 2.87086 0)
(-0.593688 3.15647 0)
(-0.564111 3.28185 0)
(-0.486985 3.2535 0)
(-0.353944 2.81633 0)
(-0.110332 1.97203 0)
(-0.0297625 1.37303 0)
(-0.011682 0.767168 0)
(-0.00364514 0.174591 0)
(-0.00236825 0.141446 0)
(-0.0142098 0.631998 0)
(-0.0386412 0.913175 0)
(-0.064765 0.991157 0)
(-0.106078 0.995221 0)
(-0.149566 0.972939 0)
(-0.213586 0.961014 0)
(-0.302781 0.991892 0)
(-0.419664 1.16101 0)
(-0.550748 1.5997 0)
(-0.674609 2.29194 0)
(-0.670925 2.87392 0)
(-0.677008 3.10723 0)
(-0.58863 3.18426 0)
(-0.467619 3.03765 0)
(-0.19704 2.3213 0)
(-0.0430285 1.71516 0)
(-0.00789079 1.28921 0)
(-0.00222634 0.742357 0)
(-0.00123339 0.156314 0)
(-0.00328137 0.175321 0)
(-0.0171056 0.696368 0)
(-0.0457526 0.991807 0)
(-0.0801966 1.07627 0)
(-0.132895 1.08515 0)
(-0.192358 1.07177 0)
(-0.275806 1.07174 0)
(-0.38785 1.113 0)
(-0.525357 1.28032 0)
(-0.664758 1.69648 0)
(-0.749169 2.34505 0)
(-0.734727 2.82504 0)
(-0.677338 3.0083 0)
(-0.513925 3.00655 0)
(-0.302171 2.6206 0)
(-0.0541687 1.98479 0)
(-0.00429993 1.59334 0)
(0.0130261 1.26164 0)
(0.00558856 0.746088 0)
(0.00137265 0.159087 0)
(-0.00353355 0.21368 0)
(-0.0170666 0.765669 0)
(-0.0464038 1.08696 0)
(-0.0839617 1.18478 0)
(-0.140528 1.20177 0)
(-0.206026 1.19694 0)
(-0.295454 1.20721 0)
(-0.413032 1.25459 0)
(-0.553382 1.4093 0)
(-0.688184 1.77664 0)
(-0.745385 2.36616 0)
(-0.716967 2.74361 0)
(-0.560663 2.85106 0)
(-0.339313 2.67917 0)
(-0.116046 2.26102 0)
(0.0261974 1.81319 0)
(0.0266913 1.55925 0)
(0.0250656 1.26626 0)
(0.0125132 0.778767 0)
(0.00256008 0.179086 0)
(-0.00336862 0.251139 0)
(-0.0152952 0.829712 0)
(-0.0428544 1.17678 0)
(-0.0808512 1.28737 0)
(-0.137539 1.31286 0)
(-0.20395 1.31661 0)
(-0.291315 1.33693 0)
(-0.402614 1.39108 0)
(-0.532656 1.53519 0)
(-0.639953 1.85337 0)
(-0.699365 2.35433 0)
(-0.583947 2.61832 0)
(-0.364197 2.60191 0)
(-0.161005 2.39827 0)
(0.00592579 2.04136 0)
(0.0605388 1.75815 0)
(0.0451579 1.56769 0)
(0.031605 1.30239 0)
(0.0136224 0.823846 0)
(0.00310102 0.207159 0)
(-0.0028153 0.284023 0)
(-0.0121669 0.886607 0)
(-0.0352523 1.26725 0)
(-0.0690648 1.39792 0)
(-0.119066 1.43262 0)
(-0.178089 1.44158 0)
(-0.25348 1.46582 0)
(-0.346111 1.51869 0)
(-0.452033 1.64199 0)
(-0.523604 1.90407 0)
(-0.538964 2.28482 0)
(-0.381247 2.44112 0)
(-0.188017 2.37298 0)
(-0.0345657 2.19015 0)
(0.0586157 1.92883 0)
(0.0697886 1.75567 0)
(0.0516435 1.60447 0)
(0.0299402 1.36024 0)
(0.0122425 0.867886 0)
(0.00302871 0.237102 0)
(-0.00219054 0.309585 0)
(-0.00911767 0.929077 0)
(-0.0275907 1.33375 0)
(-0.0575423 1.4785 0)
(-0.101637 1.5195 0)
(-0.154236 1.53277 0)
(-0.218824 1.55963 0)
(-0.294074 1.61158 0)
(-0.374654 1.7169 0)
(-0.418949 1.92692 0)
(-0.378151 2.20943 0)
(-0.230113 2.30427 0)
(-0.0761762 2.21814 0)
(0.0269109 2.074 0)
(0.0708515 1.89404 0)
(0.0675384 1.76954 0)
(0.0431617 1.65809 0)
(0.0233981 1.41082 0)
(0.00988861 0.904879 0)
(0.00251498 0.263757 0)
(-0.00151984 0.328844 0)
(-0.00614179 0.964131 0)
(-0.019113 1.39891 0)
(-0.0423575 1.5679 0)
(-0.0756991 1.61601 0)
(-0.116286 1.63077 0)
(-0.164614 1.65359 0)
(-0.219336 1.69547 0)
(-0.274902 1.77322 0)
(-0.302156 1.92074 0)
(-0.251216 2.11682 0)
(-0.129508 2.17181 0)
(-0.021346 2.09458 0)
(0.0409834 1.9949 0)
(0.0612337 1.88318 0)
(0.0500806 1.80398 0)
(0.0298847 1.70318 0)
(0.0157054 1.44814 0)
(0.00675659 0.932249 0)
(0.00169018 0.284039 0)
(-0.00105013 0.341052 0)
(-0.00423559 0.983894 0)
(-0.0139829 1.43152 0)
(-0.0340091 1.61029 0)
(-0.0626694 1.66053 0)
(-0.0984302 1.67684 0)
(-0.139467 1.69845 0)
(-0.184028 1.73677 0)
(-0.226195 1.80167 0)
(-0.244076 1.91495 0)
(-0.192314 2.06066 0)
(-0.0848665 2.1012 0)
(-0.00305965 2.03796 0)
(0.0365034 1.96782 0)
(0.0478539 1.89153 0)
(0.0348404 1.83555 0)
(0.0206431 1.73749 0)
(0.0104661 1.47381 0)
(0.00465619 0.951621 0)
(0.0011139 0.298236 0)
(-0.000555746 0.350493 0)
(-0.00228243 1.005 0)
(-0.00777945 1.47757 0)
(-0.0206465 1.68163 0)
(-0.0390236 1.73896 0)
(-0.062404 1.75509 0)
(-0.0883172 1.76963 0)
(-0.116068 1.79481 0)
(-0.141065 1.83514 0)
(-0.152034 1.90029 0)
(-0.122079 1.98023 0)
(-0.0581783 2.00155 0)
(-0.0115154 1.96575 0)
(0.010545 1.92952 0)
(0.0179996 1.89073 0)
(0.013648 1.85406 0)
(0.00834908 1.75984 0)
(0.00421886 1.48857 0)
(0.00195901 0.962576 0)
(0.000457115 0.306312 0)
(-0.260797 1.63751 1.78138e-22)
(0.411223 3.26089 -1.7299e-19)
(0.0969338 3.48517 2.67792e-19)
(0.208486 3.4484 0)
(0.171956 3.39722 0)
(0.166759 3.34726 -1.89577e-19)
(0.169283 3.32123 2.39999e-19)
(0.141418 3.27184 -2.53574e-19)
(0.121813 3.17022 5.11648e-21)
(0.111586 2.56586 4.01372e-19)
(-0.104233 2.37304 5.54214e-23)
(0.141991 3.31494 1.74176e-19)
(0.0145948 3.4487 0)
(0.105076 3.39864 0)
(0.0811668 3.3507 5.62228e-21)
(0.0871791 3.31047 4.23619e-19)
(0.0825184 3.27474 -2.55535e-19)
(0.0571105 3.23712 -4.85697e-21)
(0.0547337 3.07647 4.63556e-21)
(0.00184488 2.07954 0)
(-0.0273649 2.09862 1.24561e-20)
(0.091875 3.15532 -1.38578e-20)
(0.0321876 3.35424 0)
(0.0796445 3.32959 1.90232e-19)
(0.0584638 3.30487 -1.47167e-21)
(0.059799 3.28185 -2.32942e-19)
(0.0500833 3.26673 -3.24788e-19)
(0.0345162 3.24387 -2.36299e-22)
(0.0429597 3.11599 4.80949e-21)
(-0.0161997 2.2081 0)
(-0.039531 2.03779 4.26004e-20)
(0.030966 3.12862 0)
(-0.0098836 3.31446 -1.02846e-19)
(0.0264684 3.31007 -6.72516e-20)
(0.0198668 3.28629 8.74506e-21)
(0.0265071 3.26222 -1.69902e-19)
(0.0306909 3.24484 1.45812e-19)
(0.023684 3.23249 -5.61203e-21)
(0.0434754 3.12324 7.53014e-21)
(0.00786954 2.24811 1.98758e-19)
(-0.0461866 2.03414 -5.73523e-20)
(0.0165757 3.0956 0)
(-0.00436928 3.27007 2.3759e-19)
(0.0161561 3.2633 -1.3571e-19)
(0.0163609 3.24892 -7.26854e-22)
(0.0196654 3.23717 -7.79517e-21)
(0.0223819 3.23338 -1.53611e-20)
(0.0231532 3.22311 -2.06288e-19)
(0.043848 3.12608 5.61889e-21)
(-0.00308314 2.31085 -4.20954e-19)
(-0.0522407 2.0884 0)
(-0.00795909 3.08875 -1.46263e-19)
(-0.0270754 3.2454 2.23986e-20)
(-0.0124598 3.24811 -1.04218e-20)
(-0.00363175 3.23298 1.07087e-20)
(0.00451792 3.22021 1.7969e-19)
(0.017429 3.21026 1.90913e-19)
(0.0218303 3.20512 4.10755e-19)
(0.0429236 3.12359 2.3148e-19)
(0.0109158 2.3535 -1.64243e-20)
(-0.0481216 2.14659 0)
(-0.0183541 3.08466 1.5129e-19)
(-0.0178115 3.21494 -1.61096e-19)
(-0.0104565 3.21312 -1.17164e-20)
(0.000710064 3.20256 2.43782e-20)
(0.0085177 3.19554 3.78125e-22)
(0.0165459 3.19577 -1.33204e-20)
(0.0222155 3.19049 -2.17146e-19)
(0.0426906 3.12078 -2.25587e-19)
(0.0038104 2.41927 -1.71093e-20)
(-0.0499673 2.2275 1.88094e-19)
(-0.0281173 3.0854 -8.72564e-21)
(-0.0315229 3.19471 6.04013e-21)
(-0.023011 3.19606 0)
(-0.012681 3.18591 0)
(-0.00106236 3.17826 0)
(0.0141703 3.17117 0)
(0.0209887 3.16931 2.52553e-19)
(0.0410924 3.11261 -2.61767e-19)
(0.015589 2.46369 2.55441e-19)
(-0.0445904 2.31029 2.54322e-20)
(-0.032486 3.0869 2.12074e-19)
(-0.0203091 3.16999 0)
(-0.0144892 3.16553 -1.4113e-20)
(-0.00388157 3.15764 1.44362e-20)
(0.00558584 3.15293 0)
(0.0144737 3.15454 -7.94997e-21)
(0.0207742 3.15246 -2.45062e-19)
(0.0403348 3.10897 2.627e-19)
(0.010326 2.53287 0)
(-0.0450426 2.40125 1.7553e-20)
(-0.0363788 3.08546 -3.27937e-19)
(-0.0303193 3.1499 0)
(-0.0225042 3.1471 0)
(-0.0135237 3.13935 1.5899e-20)
(-0.00217365 3.13395 -1.35656e-19)
(0.0121998 3.12854 -1.68398e-20)
(0.0193485 3.1294 1.45563e-19)
(0.0384115 3.09617 0)
(0.01939 2.58104 0)
(-0.0387008 2.49357 -3.48636e-19)
(-0.0381163 3.08366 1.17848e-19)
(-0.0201529 3.12443 0)
(-0.0130279 3.11616 0)
(-0.00354446 3.10943 0)
(0.0056518 3.10631 2.82104e-19)
(0.0139099 3.10916 0)
(0.0201289 3.11041 -1.5538e-19)
(0.0379936 3.0904 9.68133e-21)
(0.0148268 2.65373 1.65824e-19)
(-0.0386529 2.58678 1.2627e-19)
(-0.0404724 3.07409 -1.24408e-20)
(-0.0300431 3.10106 1.5074e-19)
(-0.0213141 3.09505 1.469e-19)
(-0.0124253 3.08855 0)
(-0.000869183 3.08449 -1.46219e-19)
(0.0130112 3.08089 0)
(0.0211685 3.08458 0)
(0.0383584 3.07222 0)
(0.0224276 2.70642 -1.66594e-19)
(-0.0342474 2.68079 -1.38876e-19)
(-0.0428307 3.06373 1.43629e-19)
(-0.02305 3.0721 -1.42189e-19)
(-0.0131203 3.06198 -2.25826e-19)
(-0.00290131 3.05682 0)
(0.00723469 3.05524 2.032e-20)
(0.0163353 3.05914 -1.03595e-20)
(0.0247452 3.06292 7.80396e-20)
(0.0417857 3.06155 9.68027e-20)
(0.0207123 2.78036 -9.97834e-20)
(-0.035211 2.77021 1.42458e-19)
(-0.0468868 3.04322 -1.37863e-19)
(-0.0330424 3.04546 9.93534e-21)
(-0.0208768 3.04037 5.79332e-20)
(-0.0110104 3.03641 -8.44186e-20)
(0.00028985 3.03408 0)
(0.014284 3.03161 9.08752e-20)
(0.0257557 3.03564 4.95062e-21)
(0.0445397 3.03667 -1.88687e-19)
(0.0287636 2.83263 -6.55031e-21)
(-0.0289833 2.85721 -4.21062e-20)
(-0.0436926 3.02327 1.01845e-20)
(-0.0227937 3.01808 -5.3006e-20)
(-0.0110156 3.01452 2.17216e-20)
(-0.00219557 3.01408 1.03054e-19)
(0.00628552 3.01347 -4.40459e-20)
(0.0139603 3.01462 -4.31881e-20)
(0.0232763 3.01683 -4.50106e-20)
(0.0419074 3.02174 9.74974e-20)
(0.0247025 2.90025 4.70688e-20)
(-0.0178822 2.93839 3.38294e-20)
(-0.0261831 2.99905 1.49744e-20)
(-0.0162688 3.00048 2.91775e-20)
(-0.00939985 3.0017 -5.98157e-20)
(-0.00411029 3.00263 2.02799e-20)
(0.000634661 3.00218 4.1067e-20)
(0.00579714 3.0006 -4.28398e-20)
(0.0107671 2.99896 -4.49593e-20)
(0.0217884 2.99723 6.15678e-21)
(0.016593 2.94918 4.35621e-20)
)
;

boundaryField
{
    wall-4
    {
        type            noSlip;
    }
    pressure-outlet-7
    {
        type            zeroGradient;
    }
    velocity-inlet-6
    {
        type            fixedValue;
        value           uniform (0 3 0);
    }
    velocity-inlet-5
    {
        type            fixedValue;
        value           uniform (1 0 0);
    }
    frontAndBackPlanes
    {
        type            empty;
    }
}


// ************************************************************************* //
