/*--------------------------------*- C++ -*----------------------------------*\
| =========                 |                                                 |
| \\      /  F ield         | OpenFOAM: The Open Source CFD Toolbox           |
|  \\    /   O peration     | Version:  v2012                                 |
|   \\  /    A nd           | Website:  www.openfoam.com                      |
|    \\/     M anipulation  |                                                 |
\*---------------------------------------------------------------------------*/
FoamFile
{
    version     2.0;
    format      ascii;
    class       volVectorField;
    location    "12";
    object      U;
}
// * * * * * * * * * * * * * * * * * * * * * * * * * * * * * * * * * * * * * //

dimensions      [0 1 -1 0 0 0 0];


internalField   nonuniform List<vector> 
2200
(
(0.879074 -0.0300909 0)
(1.00588 -0.0512173 0)
(1.00292 -0.0348688 0)
(1.00019 -0.024304 0)
(1.00023 -0.0168543 0)
(0.99971 -0.0107675 0)
(0.999448 -0.00696148 0)
(0.999787 -0.0043429 0)
(1.00001 -0.00243275 0)
(1.00018 -0.000749732 0)
(1.0001 0.000921149 0)
(0.99999 0.00262015 0)
(0.999736 0.00445765 0)
(0.999372 0.00702744 0)
(0.999686 0.010815 0)
(1.00024 0.0168858 0)
(1.00021 0.0243439 0)
(1.00294 0.034908 0)
(1.00589 0.0512296 0)
(0.879074 0.0301061 0)
(0.713663 -0.0331303 0)
(0.997298 -0.0624334 0)
(1.03338 -0.055845 0)
(1.02436 -0.0457907 0)
(1.01579 -0.0352336 0)
(1.01036 -0.0257872 0)
(1.00655 -0.0177525 0)
(1.00392 -0.0110394 0)
(1.00255 -0.00569773 0)
(1.00199 -0.00149608 0)
(1.002 0.00196689 0)
(1.00251 0.00611682 0)
(1.00387 0.0114587 0)
(1.00657 0.0181847 0)
(1.01035 0.0261989 0)
(1.01575 0.0355868 0)
(1.02431 0.0460394 0)
(1.03327 0.0559977 0)
(0.997186 0.0625662 0)
(0.713526 0.0331596 0)
(0.534797 -0.0233831 0)
(0.971453 -0.0563193 0)
(1.05692 -0.0532475 0)
(1.05187 -0.046659 0)
(1.03476 -0.0376097 0)
(1.02343 -0.0299305 0)
(1.01558 -0.0217872 0)
(1.01047 -0.01435 0)
(1.00735 -0.00790793 0)
(1.00592 -0.0023074 0)
(1.00582 0.00319332 0)
(1.00724 0.0088269 0)
(1.01034 0.0151678 0)
(1.01538 0.0224747 0)
(1.02318 0.0304311 0)
(1.03448 0.0379979 0)
(1.05159 0.0469775 0)
(1.05668 0.0535524 0)
(0.971057 0.0564847 0)
(0.534226 0.0234333 0)
(0.399542 -0.0117523 0)
(0.91585 -0.0436937 0)
(1.06096 -0.0439551 0)
(1.07188 -0.0410958 0)
(1.0556 -0.0344799 0)
(1.03903 -0.0282991 0)
(1.02641 -0.0222022 0)
(1.01758 -0.0161703 0)
(1.01208 -0.00960555 0)
(1.00977 -0.00291867 0)
(1.00961 0.00435808 0)
(1.01183 0.0107997 0)
(1.01724 0.0171612 0)
(1.02597 0.0230072 0)
(1.03857 0.0290253 0)
(1.05514 0.0351049 0)
(1.07139 0.0416274 0)
(1.06024 0.0442985 0)
(0.914931 0.0439224 0)
(0.398502 0.0117998 0)
(0.325875 -0.00330337 0)
(0.856581 -0.02766 0)
(1.05367 -0.034754 0)
(1.08211 -0.0332133 0)
(1.07043 -0.0292634 0)
(1.05295 -0.0239501 0)
(1.03916 -0.0190983 0)
(1.02862 -0.0141192 0)
(1.02106 -0.00867299 0)
(1.0174 -0.00253438 0)
(1.01727 0.00444887 0)
(1.02073 0.0103281 0)
(1.02812 0.0155693 0)
(1.03863 0.0204818 0)
(1.05236 0.0250897 0)
(1.06979 0.0302098 0)
(1.08135 0.0339603 0)
(1.05263 0.0353122 0)
(0.854936 0.0279288 0)
(0.32432 0.0033708 0)
(0.291948 0.000874911 0)
(0.809916 -0.0139499 0)
(1.03844 -0.0218854 0)
(1.08361 -0.0234331 0)
(1.07649 -0.0218478 0)
(1.0599 -0.0183919 0)
(1.04665 -0.0153429 0)
(1.03635 -0.0117221 0)
(1.02879 -0.00704125 0)
(1.02481 -0.00165297 0)
(1.02455 0.00406159 0)
(1.02813 0.00937604 0)
(1.03545 0.0138266 0)
(1.04546 0.0169579 0)
(1.05865 0.0197666 0)
(1.07517 0.0228954 0)
(1.08208 0.0242168 0)
(1.03653 0.0224634 0)
(0.807307 0.0142306 0)
(0.289824 -0.000781269 0)
(0.281471 0.00177383 0)
(0.779916 -0.00452885 0)
(1.02267 -0.010713 0)
(1.07807 -0.0136581 0)
(1.07427 -0.0144398 0)
(1.05953 -0.0140862 0)
(1.04703 -0.0128956 0)
(1.03759 -0.00997842 0)
(1.03103 -0.00598238 0)
(1.02747 -0.000952582 0)
(1.0272 0.0039617 0)
(1.03025 0.00881575 0)
(1.03634 0.0123634 0)
(1.0454 0.0147944 0)
(1.05781 0.0155245 0)
(1.07242 0.0155674 0)
(1.07594 0.014526 0)
(1.01999 0.0113147 0)
(0.776496 0.00483187 0)
(0.278522 -0.00168715 0)
(0.28179 0.00141294 0)
(0.765112 3.38276e-05 0)
(1.00969 -0.00348381 0)
(1.06971 -0.00680608 0)
(1.06891 -0.0088267 0)
(1.05689 -0.010387 0)
(1.04647 -0.0101124 0)
(1.03849 -0.00811846 0)
(1.03264 -0.00493202 0)
(1.02926 -0.000359618 0)
(1.0289 0.00426956 0)
(1.03168 0.0085147 0)
(1.03708 0.0112506 0)
(1.04467 0.0127068 0)
(1.05474 0.0125854 0)
(1.06654 0.010552 0)
(1.06701 0.00815683 0)
(1.00623 0.00436406 0)
(0.760623 0.000397893 0)
(0.278242 -0.00128695 0)
(0.285198 0.000639713 0)
(0.761043 0.000701556 0)
(1.00221 -0.00105729 0)
(1.0636 -0.00411819 0)
(1.06572 -0.00620549 0)
(1.05721 -0.00788295 0)
(1.04874 -0.0079605 0)
(1.04174 -0.00650265 0)
(1.03645 -0.00378235 0)
(1.03314 0.000312581 0)
(1.03251 0.00463972 0)
(1.03484 0.00849627 0)
(1.03936 0.0108259 0)
(1.04592 0.0118429 0)
(1.05394 0.0109415 0)
(1.06218 0.00864037 0)
(1.05966 0.00591877 0)
(0.997289 0.002226 0)
(0.75493 -0.000197025 0)
(0.280436 -0.000476809 0)
(0.287048 6.60303e-05 0)
(0.760138 0.000323729 0)
(0.998094 -0.000754933 0)
(1.05915 -0.00332654 0)
(1.06336 -0.00510961 0)
(1.05771 -0.00629186 0)
(1.05168 -0.00609495 0)
(1.04631 -0.00465583 0)
(1.04192 -0.00214396 0)
(1.03884 0.00145691 0)
(1.03789 0.00513312 0)
(1.03938 0.00828097 0)
(1.04268 0.0099446 0)
(1.04719 0.0103138 0)
(1.05304 0.00982322 0)
(1.05839 0.00785217 0)
(1.05358 0.00534071 0)
(0.991165 0.00210558 0)
(0.752357 0.000362513 0)
(0.280964 3.15923e-05 0)
(0.287752 6.81768e-05 0)
(0.76002 0.000415675 0)
(0.994071 -0.000150008 0)
(1.05448 -0.00202967 0)
(1.06002 -0.00348083 0)
(1.05638 -0.00450019 0)
(1.05186 -0.00421549 0)
(1.04768 -0.00291328 0)
(1.04407 -0.000587084 0)
(1.04129 0.00256105 0)
(1.04031 0.00579877 0)
(1.04101 0.00815505 0)
(1.04319 0.00932923 0)
(1.0466 0.00955467 0)
(1.05043 0.00871178 0)
(1.05345 0.0067594 0)
(1.04718 0.00445099 0)
(0.98545 0.001787 0)
(0.749541 0.000473535 0)
(0.280161 8.58296e-05 0)
(0.288952 0.000268131 0)
(0.760426 0.000648005 0)
(0.991589 0.000830104 0)
(1.05081 -0.000292139 0)
(1.05729 -0.00119591 0)
(1.05497 -0.00195578 0)
(1.05161 -0.00177353 0)
(1.04819 -0.000751205 0)
(1.04499 0.0011887 0)
(1.04231 0.00376701 0)
(1.04106 0.00650901 0)
(1.04139 0.00823325 0)
(1.04273 0.00881024 0)
(1.04476 0.00855578 0)
(1.04708 0.0073562 0)
(1.04864 0.00548072 0)
(1.04136 0.00342227 0)
(0.980459 0.0013287 0)
(0.747004 0.000342661 0)
(0.279101 6.73592e-05 0)
(0.290762 0.000267884 0)
(0.761818 0.000836563 0)
(0.991474 0.00135268 0)
(1.04936 0.00102626 0)
(1.05617 0.000662663 0)
(1.05485 0.000428385 0)
(1.05249 0.000786197 0)
(1.04977 0.00170574 0)
(1.0469 0.00331399 0)
(1.04418 0.00537307 0)
(1.04238 0.00743582 0)
(1.04196 0.00854003 0)
(1.04239 0.00857337 0)
(1.04348 0.00779798 0)
(1.04466 0.00647212 0)
(1.0451 0.00475371 0)
(1.03712 0.00300723 0)
(0.976758 0.00135781 0)
(0.744968 0.000472393 0)
(0.278258 0.000128611 0)
(0.292806 0.000231814 0)
(0.76435 0.000967035 0)
(0.992095 0.00158189 0)
(1.04953 0.00174348 0)
(1.05651 0.00192009 0)
(1.05575 0.00227074 0)
(1.05399 0.0030102 0)
(1.05173 0.00411296 0)
(1.04906 0.00562866 0)
(1.04621 0.00736859 0)
(1.04384 0.00876141 0)
(1.04245 0.00931931 0)
(1.04201 0.00883481 0)
(1.04226 0.00771579 0)
(1.04255 0.00628672 0)
(1.0422 0.00467227 0)
(1.0338 0.00313605 0)
(0.973685 0.00173149 0)
(0.742703 0.000767122 0)
(0.276894 0.00021461 0)
(0.295113 0.000292615 0)
(0.767382 0.00114653 0)
(0.993696 0.0020387 0)
(1.0505 0.00267299 0)
(1.05752 0.00336584 0)
(1.05696 0.00420042 0)
(1.0554 0.00528728 0)
(1.05327 0.00662154 0)
(1.05055 0.00815383 0)
(1.04736 0.00967268 0)
(1.04436 0.0105219 0)
(1.04212 0.010437 0)
(1.041 0.00950177 0)
(1.04031 0.00824271 0)
(1.04001 0.0066528 0)
(1.0392 0.00504014 0)
(1.03057 0.00352821 0)
(0.97045 0.00214962 0)
(0.739709 0.00101917 0)
(0.274881 0.00027184 0)
(0.297894 0.000393142 0)
(0.770986 0.00143297 0)
(0.996511 0.00267366 0)
(1.05272 0.0036615 0)
(1.05962 0.0047883 0)
(1.05902 0.00607673 0)
(1.05736 0.0076278 0)
(1.05503 0.00933538 0)
(1.05196 0.0110669 0)
(1.04815 0.0125185 0)
(1.04434 0.0130066 0)
(1.04128 0.012337 0)
(1.03931 0.0109995 0)
(1.03804 0.00925649 0)
(1.03722 0.00740457 0)
(1.03603 0.00562653 0)
(1.02714 0.00400314 0)
(0.966845 0.0025432 0)
(0.7361 0.00122963 0)
(0.272404 0.000319128 0)
(0.301789 0.000536395 0)
(0.776177 0.00194199 0)
(1.0002 0.00365582 0)
(1.05553 0.005246 0)
(1.06226 0.00680509 0)
(1.0616 0.0085757 0)
(1.05976 0.010493 0)
(1.05709 0.0125329 0)
(1.05345 0.0144801 0)
(1.04878 0.0159197 0)
(1.04384 0.0161246 0)
(1.03981 0.0149406 0)
(1.03705 0.0131117 0)
(1.03519 0.010936 0)
(1.03393 0.00879334 0)
(1.03246 0.006779 0)
(1.02333 0.00493104 0)
(0.962608 0.00321478 0)
(0.731536 0.00156129 0)
(0.269282 0.000404615 0)
(0.306371 0.000674852 0)
(0.782113 0.00234456 0)
(1.00531 0.00443981 0)
(1.06 0.00633217 0)
(1.06634 0.00850216 0)
(1.06532 0.0109468 0)
(1.06305 0.0136234 0)
(1.0598 0.0163375 0)
(1.05532 0.0187818 0)
(1.04952 0.0203817 0)
(1.0433 0.0203321 0)
(1.03821 0.0185942 0)
(1.03459 0.0161039 0)
(1.03206 0.0133064 0)
(1.03033 0.0105899 0)
(1.02847 0.00808139 0)
(1.01894 0.00583787 0)
(0.957608 0.00381343 0)
(0.72614 0.0018856 0)
(0.265548 0.000490513 0)
(0.313109 0.000896087 0)
(0.790982 0.00329969 0)
(1.01186 0.00617912 0)
(1.0653 0.0088925 0)
(1.07136 0.0115276 0)
(1.07004 0.0145515 0)
(1.06722 0.0177245 0)
(1.06311 0.0209974 0)
(1.05746 0.0238941 0)
(1.05013 0.0256649 0)
(1.0422 0.0253573 0)
(1.03564 0.0230361 0)
(1.03094 0.0198345 0)
(1.02768 0.0164194 0)
(1.02545 0.0131896 0)
(1.02328 0.010254 0)
(1.01343 0.00759899 0)
(0.951416 0.00506921 0)
(0.719201 0.00246877 0)
(0.260682 0.000624732 0)
(0.320642 0.00119968 0)
(0.800926 0.00386303 0)
(1.0203 0.00736783 0)
(1.07265 0.0106548 0)
(1.07801 0.0144189 0)
(1.07597 0.0185475 0)
(1.07228 0.0228956 0)
(1.06701 0.0271193 0)
(1.05985 0.0307013 0)
(1.05065 0.0326874 0)
(1.04079 0.0319993 0)
(1.03265 0.0289049 0)
(1.02683 0.0247736 0)
(1.0228 0.0203997 0)
(1.02007 0.0161992 0)
(1.01745 0.0123671 0)
(1.00692 0.00892038 0)
(0.94355 0.00581882 0)
(0.710499 0.00287933 0)
(0.254882 0.000752892 0)
(0.332347 0.00157113 0)
(0.815268 0.00576664 0)
(1.03145 0.0104434 0)
(1.08184 0.014801 0)
(1.08669 0.0191206 0)
(1.08381 0.0241855 0)
(1.07896 0.0293978 0)
(1.07207 0.0346236 0)
(1.06287 0.0389478 0)
(1.05123 0.041156 0)
(1.03886 0.0400083 0)
(1.02866 0.035975 0)
(1.02133 0.0307523 0)
(1.01619 0.0253561 0)
(1.01266 0.0203115 0)
(1.00951 0.0157739 0)
(0.998525 0.0117473 0)
(0.934467 0.00787857 0)
(0.700418 0.00383467 0)
(0.247538 0.000935511 0)
(0.345795 0.0022226 0)
(0.833227 0.00670995 0)
(1.04545 0.0128694 0)
(1.09384 0.0183879 0)
(1.09756 0.0249341 0)
(1.09343 0.0315548 0)
(1.08684 0.0384145 0)
(1.07777 0.0448144 0)
(1.0659 0.0498145 0)
(1.05126 0.0520383 0)
(1.03598 0.0501211 0)
(1.0235 0.044848 0)
(1.01458 0.0382943 0)
(1.00839 0.0315546 0)
(1.00416 0.0251251 0)
(1.00043 0.0192855 0)
(0.988271 0.0139101 0)
(0.921536 0.00904654 0)
(0.685841 0.00439146 0)
(0.238413 0.00114233 0)
(0.366453 0.00318325 0)
(0.856449 0.0107676 0)
(1.06421 0.0185575 0)
(1.10921 0.0257873 0)
(1.11163 0.0333281 0)
(1.10549 0.0415815 0)
(1.09659 0.0500036 0)
(1.08466 0.05762 0)
(1.06952 0.0632992 0)
(1.05131 0.0653154 0)
(1.03266 0.062369 0)
(1.01751 0.0556032 0)
(1.0066 0.0474191 0)
(0.9989 0.0390979 0)
(0.993516 0.0312769 0)
(0.988866 0.0242099 0)
(0.975938 0.0180584 0)
(0.908354 0.0121076 0)
(0.671629 0.00592855 0)
(0.227742 0.00141223 0)
(0.394497 0.004434 0)
(0.890937 0.0127173 0)
(1.08883 0.0242404 0)
(1.12966 0.0337474 0)
(1.12945 0.0449765 0)
(1.1204 0.0556731 0)
(1.10806 0.0658442 0)
(1.09216 0.0747144 0)
(1.0728 0.0806387 0)
(1.05024 0.081988 0)
(1.02762 0.0775047 0)
(1.00938 0.0688292 0)
(0.99623 0.0588178 0)
(0.98685 0.0487564 0)
(0.9802 0.0392531 0)
(0.974499 0.0304545 0)
(0.959555 0.0220433 0)
(0.887532 0.0143331 0)
(0.647363 0.00672415 0)
(0.213084 0.00161699 0)
(0.429807 0.0087672 0)
(0.930024 0.0232062 0)
(1.12094 0.0365199 0)
(1.15534 0.0494089 0)
(1.15096 0.0627164 0)
(1.13776 0.0753903 0)
(1.12069 0.0871988 0)
(1.10004 0.096418 0)
(1.07576 0.101795 0)
(1.04839 0.101729 0)
(1.02156 0.095131 0)
(1.00013 0.0841488 0)
(0.984629 0.0719444 0)
(0.973448 0.0598501 0)
(0.96529 0.0483672 0)
(0.958067 0.0380039 0)
(0.941458 0.0287735 0)
(0.867645 0.0194343 0)
(0.627427 0.00950727 0)
(0.19973 0.0018889 0)
(0.515846 0.0124363 0)
(0.999891 0.0318404 0)
(1.16306 0.0553604 0)
(1.18727 0.0712141 0)
(1.17683 0.0893194 1.17595e-34)
(1.15711 0.103661 -6.73532e-35)
(1.13417 0.115744 0)
(1.10763 0.124312 0)
(1.07766 0.128301 0)
(1.04498 0.125879 0)
(1.01357 0.116459 0)
(0.98859 0.102818 0)
(0.970299 0.0883834 0)
(0.956787 0.0744007 0)
(0.946687 0.0613879 0)
(0.937533 0.0489185 0)
(0.917272 0.0367633 0)
(0.834778 0.0250192 0)
(0.580659 0.0112496 0)
(0.172241 0.00183723 0)
(0.574963 0.0279501 -3.71617e-21)
(1.07865 0.0573753 2.1669e-21)
(1.21078 0.0867778 0)
(1.22336 0.108282 2.98604e-21)
(1.20301 0.128516 -2.41618e-21)
(1.17639 0.141653 7.10595e-35)
(1.14679 0.152608 0)
(1.11357 0.159754 5.59842e-21)
(1.07743 0.161424 -1.96713e-20)
(1.03874 0.156152 4.28387e-21)
(1.00206 0.143656 0)
(0.972838 0.1272 -1.34515e-20)
(0.951058 0.11041 -1.67607e-20)
(0.93449 0.0942221 2.94646e-20)
(0.921479 0.0789514 -2.36435e-20)
(0.909041 0.0653007 0)
(0.883355 0.0515174 -9.06099e-21)
(0.789944 0.035356 0)
(0.539566 0.0218836 -4.92093e-20)
(0.155228 0.00415869 5.85648e-20)
(0.593308 0.0544652 -1.02649e-21)
(1.12055 0.104824 -3.56799e-20)
(1.25159 0.139759 1.12375e-20)
(1.25607 0.159195 1.09705e-20)
(1.22708 0.175827 -4.2721e-21)
(1.19362 0.187149 7.53814e-21)
(1.15692 0.196733 0)
(1.11715 0.201909 0)
(1.07472 0.201165 3.07222e-20)
(1.02967 0.193422 0)
(0.987058 0.178442 4.63476e-20)
(0.952615 0.1601 1.44307e-20)
(0.926206 0.142185 4.26064e-22)
(0.905294 0.125581 -3.28981e-20)
(0.888059 0.110416 0)
(0.871545 0.0961917 0)
(0.843907 0.0840534 -1.53327e-19)
(0.75946 0.0685006 3.87402e-19)
(0.526876 0.0426334 -2.29825e-19)
(0.157631 0.0151847 -2.75407e-19)
(0.593215 0.0887607 7.19954e-20)
(1.14675 0.16672 -2.03703e-20)
(1.28217 0.207185 -4.74072e-21)
(1.28255 0.220381 -2.20451e-20)
(1.24692 0.231737 1.35261e-20)
(1.20692 0.239494 -1.44949e-20)
(1.16373 0.24596 8.62555e-21)
(1.11812 0.247761 0)
(1.06964 0.244042 -6.34923e-20)
(1.01855 0.233437 6.80886e-20)
(0.97022 0.215996 -1.26379e-19)
(0.930843 0.196264 6.13112e-20)
(0.900294 0.17798 -4.46368e-20)
(0.875782 0.161694 9.81062e-20)
(0.855488 0.14777 0)
(0.836936 0.135155 -3.82376e-20)
(0.80941 0.122096 0)
(0.733229 0.107169 2.21062e-19)
(0.522602 0.0721313 -5.24479e-19)
(0.170499 0.0261126 3.29677e-19)
(0.577416 0.119356 -3.42278e-19)
(1.15811 0.229063 1.3612e-19)
(1.30065 0.27838 2.11096e-20)
(1.30002 0.285603 0)
(1.25996 0.292612 1.06618e-20)
(1.21489 0.296398 -1.06256e-20)
(1.16675 0.298528 -8.88117e-21)
(1.11601 0.296257 0)
(1.06208 0.289163 4.47636e-20)
(1.0057 0.275337 -4.68662e-20)
(0.95256 0.255291 1.10053e-19)
(0.909412 0.233983 0)
(0.876083 0.215054 -9.36811e-20)
(0.849628 0.198686 5.19386e-20)
(0.828191 0.184825 1.39576e-19)
(0.809496 0.173754 -1.22639e-19)
(0.784186 0.15974 2.03584e-19)
(0.715588 0.143967 -4.53671e-19)
(0.519832 0.101151 2.88546e-19)
(0.177078 0.0367196 -3.63597e-19)
(0.556256 0.144683 2.12482e-19)
(1.15533 0.285715 -1.56562e-19)
(1.30913 0.34679 6.56646e-20)
(1.309 0.351007 -8.80644e-20)
(1.26581 0.355166 5.72535e-20)
(1.21737 0.354909 -8.34372e-21)
(1.16575 0.352457 3.80483e-21)
(1.11079 0.34612 -3.23778e-20)
(1.05247 0.335334 -4.44643e-20)
(0.991751 0.317853 -9.96489e-20)
(0.934729 0.294732 -2.36721e-19)
(0.888965 0.271456 -7.8684e-20)
(0.854359 0.251533 2.85655e-21)
(0.827509 0.234668 -1.83831e-19)
(0.806013 0.220326 -6.18829e-21)
(0.787516 0.209857 1.78865e-19)
(0.764502 0.19566 -5.54506e-20)
(0.70043 0.179103 -3.27577e-20)
(0.514275 0.127187 0)
(0.177297 0.046516 7.69092e-19)
(0.535685 0.168416 0)
(1.14619 0.339181 4.86258e-20)
(1.30989 0.411697 0)
(1.31083 0.414338 -1.19597e-20)
(1.26541 0.416989 -7.11313e-20)
(1.21516 0.412888 1.12805e-20)
(1.1612 0.406227 6.09604e-21)
(1.10302 0.396105 5.69002e-20)
(1.04152 0.381483 -2.61547e-20)
(0.977549 0.360291 4.49022e-20)
(0.917954 0.334062 1.27291e-19)
(0.870667 0.308338 1.73748e-19)
(0.834889 0.286522 -1.07762e-19)
(0.807188 0.268617 1.98823e-19)
(0.785596 0.253686 -1.5943e-19)
(0.767182 0.242817 0)
(0.745524 0.228638 -4.24145e-19)
(0.684336 0.209438 5.70375e-19)
(0.504847 0.150764 4.33625e-20)
(0.174464 0.0540759 -8.07244e-19)
(0.517833 0.190378 -6.36703e-21)
(1.13428 0.390293 -1.32008e-19)
(1.30505 0.47365 -3.76782e-19)
(1.30705 0.474739 2.0375e-19)
(1.26013 0.476216 -4.05527e-20)
(1.20912 0.46872 1.98598e-20)
(1.15357 0.458611 -8.12901e-23)
(1.09303 0.445127 -7.10885e-21)
(1.02904 0.426796 -9.32455e-20)
(0.961931 0.401935 1.22741e-21)
(0.899091 0.372072 -1.37713e-19)
(0.849327 0.343587 -1.84589e-19)
(0.813054 0.320198 1.21161e-19)
(0.785956 0.301032 -7.12756e-20)
(0.764604 0.285204 1.73265e-19)
(0.746653 0.273163 0)
(0.726319 0.258884 -2.62535e-19)
(0.667466 0.236379 3.88416e-19)
(0.492374 0.171089 7.48209e-19)
(0.169864 0.0606555 -8.74507e-19)
(0.503585 0.210594 -6.39407e-19)
(1.11995 0.438545 3.22026e-19)
(1.29679 0.532772 2.41772e-19)
(1.29948 0.532248 -2.20746e-19)
(1.25155 0.532189 1.09657e-20)
(1.20015 0.521628 5.7074e-20)
(1.14327 0.508817 -6.17304e-21)
(1.08101 0.492464 -2.06811e-20)
(1.01505 0.470766 -5.63833e-20)
(0.945598 0.442492 9.84172e-20)
(0.881292 0.409387 1.30847e-19)
(0.831321 0.377959 2.89656e-19)
(0.793619 0.351683 0)
(0.764681 0.330673 5.41415e-21)
(0.743254 0.313517 -4.81352e-19)
(0.725676 0.300373 1.10594e-19)
(0.705536 0.285245 5.63718e-19)
(0.648683 0.259937 -1.64574e-19)
(0.478295 0.188474 3.56946e-19)
(0.164237 0.0661243 -2.873e-20)
(0.493255 0.229763 7.19938e-21)
(1.10651 0.48437 2.99266e-19)
(1.28651 0.589108 1.84559e-19)
(1.28985 0.587321 -3.9794e-19)
(1.24107 0.58532 2.47104e-19)
(1.18922 0.571675 -7.28731e-20)
(1.13102 0.556542 3.13771e-21)
(1.06742 0.537682 4.75021e-20)
(0.999762 0.513097 1.01792e-19)
(0.927838 0.481809 -1.24695e-19)
(0.860074 0.445044 0)
(0.806281 0.410344 -1.13966e-19)
(0.768909 0.382123 1.30842e-19)
(0.742267 0.358984 1.75346e-19)
(0.721386 0.340756 -1.00674e-19)
(0.704467 0.32538 -2.53714e-19)
(0.685512 0.309582 -7.71425e-20)
(0.63005 0.281339 -1.32349e-21)
(0.463086 0.203593 0)
(0.157612 0.0705139 0)
(0.485101 0.249197 -3.17875e-19)
(1.09293 0.527203 0)
(1.27466 0.6417 2.12956e-19)
(1.27856 0.639838 -9.91414e-20)
(1.22937 0.635975 -2.57233e-19)
(1.17714 0.619313 7.1104e-20)
(1.11762 0.60202 -2.83531e-21)
(1.05297 0.580809 -2.42036e-20)
(0.983657 0.553681 6.47996e-20)
(0.909664 0.51951 -5.0124e-20)
(0.840787 0.479743 7.33259e-20)
(0.788479 0.442235 3.55919e-19)
(0.749085 0.410552 1.33105e-20)
(0.719514 0.385269 -1.79295e-19)
(0.698695 0.363834 3.45814e-19)
(0.682456 0.34804 4.47807e-21)
(0.663737 0.330752 8.25336e-20)
(0.61032 0.299442 -4.03335e-19)
(0.446928 0.216055 4.11619e-19)
(0.150148 0.0737429 -4.88102e-19)
(0.479549 0.269985 2.31899e-23)
(1.08012 0.567526 0)
(1.26159 0.690498 0)
(1.2661 0.689157 9.14199e-20)
(1.2168 0.683873 1.02069e-19)
(1.16433 0.664619 -5.81701e-20)
(1.10379 0.645383 2.98785e-20)
(1.03833 0.621911 0)
(0.967648 0.592538 -1.04512e-19)
(0.892051 0.556083 1.81694e-19)
(0.820499 0.513399 2.21943e-19)
(0.763085 0.471627 -1.34082e-19)
(0.723764 0.437286 -1.67997e-19)
(0.696415 0.408994 3.9725e-19)
(0.675966 0.38791 -1.22409e-19)
(0.65976 0.368349 -1.48577e-19)
(0.641148 0.348998 -9.10908e-20)
(0.588114 0.315725 -4.37999e-19)
(0.429597 0.226025 6.08014e-20)
(0.141542 0.0759196 5.30504e-19)
(0.475923 0.289153 -1.27508e-19)
(1.06792 0.605312 -1.98577e-19)
(1.2475 0.735741 2.38866e-20)
(1.25272 0.735082 3.55036e-22)
(1.20354 0.728739 3.20362e-20)
(1.15104 0.707452 -1.60294e-19)
(1.08981 0.686579 0)
(1.02369 0.661062 1.78114e-20)
(0.951509 0.629851 -1.40449e-20)
(0.873423 0.591277 2.86016e-19)
(0.798708 0.545171 -5.65095e-20)
(0.741576 0.501941 6.1557e-20)
(0.700531 0.464344 0)
(0.671254 0.432977 -2.16855e-19)
(0.650721 0.405753 2.7056e-19)
(0.636273 0.386101 0)
(0.61995 0.366417 -2.00097e-19)
(0.568552 0.328902 5.84971e-19)
(0.41132 0.233713 7.03103e-20)
(0.132421 0.0765821 -6.58625e-19)
(0.473234 0.306454 -2.83419e-19)
(1.05612 0.640634 3.61575e-19)
(1.23327 0.777743 0)
(1.23903 0.777718 2.28848e-19)
(1.18987 0.770504 0)
(1.1374 0.747626 1.4805e-19)
(1.07576 0.725473 0)
(1.0091 0.698255 0)
(0.935654 0.665538 -3.53216e-20)
(0.856072 0.625096 -2.78356e-19)
(0.780228 0.578127 -4.11911e-19)
(0.719702 0.53035 7.76445e-20)
(0.676343 0.48858 2.90414e-19)
(0.647195 0.454171 2.44422e-19)
(0.627468 0.427333 -8.68914e-19)
(0.611408 0.403709 -3.59506e-19)
(0.592629 0.378789 2.08912e-19)
(0.541692 0.339045 0)
(0.391735 0.23886 6.08883e-19)
(0.122163 0.076118 -7.15802e-19)
(0.470851 0.322505 3.1411e-19)
(1.04476 0.674013 -3.97746e-19)
(1.21913 0.816806 0)
(1.22525 0.817524 -9.66791e-21)
(1.17611 0.809467 -9.39764e-20)
(1.12368 0.785234 0)
(1.06181 0.762 -1.0538e-20)
(0.994769 0.733366 2.17699e-20)
(0.920301 0.699457 -4.61999e-20)
(0.839063 0.65787 2.78858e-20)
(0.759273 0.60766 0)
(0.695077 0.557532 3.09908e-19)
(0.649595 0.513688 3.80497e-21)
(0.616823 0.474114 1.32859e-19)
(0.596481 0.441498 1.60192e-19)
(0.584986 0.415113 0)
(0.571621 0.390202 -3.54869e-19)
(0.52193 0.347951 6.96033e-19)
(0.371366 0.241593 -7.44688e-19)
(0.111633 0.0741785 1.5587e-18)
(0.46843 0.337814 0)
(1.03399 0.705619 0)
(1.20545 0.853222 -2.15789e-19)
(1.21158 0.85466 0)
(1.16242 0.845781 0)
(1.11007 0.820384 2.18865e-19)
(1.0481 0.79623 -1.41255e-20)
(0.980752 0.766487 1.64192e-20)
(0.905319 0.731767 -4.10307e-21)
(0.821973 0.68909 0)
(0.739572 0.637767 -6.58046e-20)
(0.673453 0.586411 -2.5685e-19)
(0.626635 0.538113 -3.22538e-19)
(0.59727 0.496737 -1.34203e-19)
(0.574878 0.460112 1.76882e-19)
(0.558287 0.428763 -4.20574e-19)
(0.539653 0.401952 7.70082e-19)
(0.491192 0.35257 9.99044e-21)
(0.349243 0.241708 -7.20958e-19)
(0.100211 0.0707413 -1.07095e-19)
(0.465902 0.352478 0)
(1.02373 0.735485 -3.08503e-19)
(1.19202 0.887215 2.42392e-19)
(1.19817 0.889435 0)
(1.14912 0.87975 0)
(1.09684 0.853292 -4.85411e-19)
(1.03486 0.828303 0)
(0.967238 0.797664 0)
(0.890998 0.762281 -7.87741e-20)
(0.806263 0.719079 5.2412e-20)
(0.721874 0.667544 -5.24567e-19)
(0.650429 0.613163 0)
(0.596112 0.562594 -3.49432e-19)
(0.555805 0.513567 1.22177e-20)
(0.535991 0.470227 -5.64901e-19)
(0.526314 0.440506 2.28173e-19)
(0.517704 0.402059 5.0374e-21)
(0.469811 0.352477 -8.29188e-19)
(0.328363 0.238241 3.9406e-19)
(0.091263 0.0665457 1.14578e-19)
(0.463266 0.366421 0)
(1.01397 0.763576 -3.6628e-19)
(1.17902 0.91896 2.56833e-19)
(1.18499 0.921847 5.36516e-19)
(1.1361 0.911367 1.07789e-19)
(1.084 0.884051 -7.50621e-20)
(1.02213 0.858339 4.55068e-20)
(0.954391 0.826962 -7.2563e-20)
(0.877613 0.79129 8.42651e-20)
(0.791599 0.747956 3.21925e-19)
(0.703005 0.696187 4.35021e-19)
(0.62841 0.642081 8.34635e-20)
(0.573798 0.589732 5.07823e-19)
(0.538796 0.539134 3.30195e-19)
(0.51203 0.49608 4.07712e-19)
(0.496621 0.444018 -2.56058e-19)
(0.478942 0.409043 -3.06726e-19)
(0.436542 0.351998 3.61891e-19)
(0.303475 0.232874 -2.16294e-19)
(0.0837789 0.0611503 3.76168e-19)
(0.46052 0.379562 4.93767e-19)
(1.00442 0.789744 5.80913e-19)
(1.16629 0.948512 1.40509e-19)
(1.17226 0.952107 1.56962e-20)
(1.12364 0.940887 -3.75305e-19)
(1.07174 0.91279 1.40586e-19)
(1.01006 0.886422 -5.24238e-20)
(0.94222 0.854513 -2.16495e-20)
(0.864867 0.818625 -7.58134e-20)
(0.777207 0.775599 -3.59146e-19)
(0.686711 0.723294 2.60714e-20)
(0.608279 0.66704 0)
(0.546024 0.610334 0)
(0.494784 0.557621 -1.67578e-19)
(0.465523 0.497162 -6.68449e-19)
(0.453854 0.452208 5.55152e-19)
(0.45098 0.398285 3.4237e-19)
(0.415143 0.335171 0)
(0.291344 0.211664 6.87919e-19)
(0.0774897 0.0469032 -4.11169e-19)
(0.457715 0.391788 -2.63834e-19)
(0.995284 0.814275 2.23562e-19)
(1.15398 0.976067 -3.15419e-19)
(1.15981 0.980208 -3.38374e-19)
(1.11148 0.968247 -1.48908e-19)
(1.05989 0.939551 3.30487e-20)
(0.998505 0.912645 0)
(0.930782 0.880349 1.10299e-19)
(0.853102 0.844408 1.37721e-20)
(0.764269 0.801764 0)
(0.671091 0.750726 0)
(0.587031 0.696754 5.80286e-20)
(0.520733 0.642948 8.90501e-20)
(0.476199 0.582896 -1.80109e-19)
(0.440688 0.526863 4.83539e-19)
(0.414901 0.461119 -6.09431e-19)
(0.400836 0.398548 -7.3988e-19)
(0.380343 0.317451 6.61038e-19)
(0.297634 0.210096 -2.48642e-19)
(0.143958 0.108657 1.42535e-19)
(0.454601 0.403242 3.05134e-19)
(0.986225 0.836887 0)
(1.14203 1.00162 0)
(1.14792 1.00636 -1.13982e-19)
(1.09996 0.993722 9.22276e-20)
(1.0487 0.964451 -2.03722e-20)
(0.987661 0.937067 -2.00363e-19)
(0.920002 0.904464 -1.85369e-19)
(0.842069 0.86875 8.62883e-20)
(0.752394 0.82649 -2.87379e-20)
(0.656816 0.776353 6.88074e-20)
(0.569577 0.722327 -4.76576e-19)
(0.495343 0.666878 -5.2367e-19)
(0.428575 0.608974 -9.57483e-20)
(0.382087 0.541609 0)
(0.356781 0.475693 -1.41251e-20)
(0.349535 0.37082 4.01965e-19)
(0.328654 0.230648 -7.00694e-19)
(0.306377 0.0620386 5.17765e-19)
(0.0968402 -0.0608112 4.17222e-19)
(0.451434 0.414456 -6.60794e-19)
(0.977607 0.858269 -2.81336e-19)
(1.13041 1.0256 5.04813e-21)
(1.13622 1.03079 1.45785e-19)
(1.08856 1.01752 0)
(1.03769 0.987888 4.27872e-19)
(0.97703 0.960184 2.48532e-19)
(0.909638 0.927558 -4.32877e-20)
(0.831574 0.892111 -3.13361e-20)
(0.740953 0.850902 -2.69905e-20)
(0.642868 0.802951 2.50699e-20)
(0.551489 0.752425 4.21198e-19)
(0.471971 0.699412 5.12152e-19)
(0.411679 0.637947 9.20193e-20)
(0.356911 0.582569 5.07471e-19)
(0.302331 0.491386 0)
(0.213153 0.385365 0)
(0.0859515 0.359872 5.15409e-19)
(-0.0417109 0.636611 -3.10511e-20)
(-0.00440306 1.4459 -6.63553e-19)
(0.448172 0.424584 3.56716e-19)
(0.96904 0.877955 8.39642e-19)
(1.11912 1.04802 -1.2538e-18)
(1.12502 1.05385 7.53312e-19)
(1.0777 1.04014 -8.75277e-20)
(1.02714 1.01025 5.61406e-19)
(0.966892 0.982435 0)
(0.899727 0.949991 1.97661e-19)
(0.821601 0.915222 0)
(0.729952 0.875668 2.59547e-19)
(0.629325 0.829895 -3.89396e-20)
(0.533382 0.780947 4.3661e-20)
(0.448852 0.730326 5.64576e-19)
(0.363579 0.682177 -2.07939e-19)
(0.278172 0.613659 -2.67453e-19)
(0.203867 0.560375 0)
(0.114708 0.641671 0)
(0.0580077 1.17303 0)
(0.0906464 2.3845 -2.91407e-19)
(0.122247 2.87228 -1.79946e-19)
(0.444965 0.433946 0)
(0.960858 0.896544 0)
(1.10816 1.06911 4.48391e-19)
(1.11402 1.07547 -6.27758e-19)
(1.06694 1.06137 4.29945e-19)
(1.01681 1.03143 -5.14356e-19)
(0.957011 1.00364 -2.8837e-20)
(0.890206 0.971612 2.24537e-20)
(0.812167 0.937965 7.64268e-21)
(0.72025 0.900092 -2.9529e-19)
(0.618838 0.857232 5.94671e-20)
(0.520375 0.814566 3.92627e-19)
(0.424202 0.771695 -5.56486e-19)
(0.343133 0.714768 -6.49985e-19)
(0.283463 0.676521 2.26966e-19)
(0.217786 0.783184 0)
(0.165674 1.42731 3.24486e-19)
(0.169364 2.63916 3.73399e-19)
(0.170021 3.06955 -4.17674e-19)
(0.160986 3.215 4.72102e-19)
(0.441634 0.442445 0)
(0.952705 0.91348 6.83231e-19)
(1.09762 1.08872 -1.16136e-19)
(1.10362 1.0958 7.91085e-19)
(1.05682 1.08149 -4.51284e-19)
(1.00706 1.05153 0)
(0.947692 1.02392 0)
(0.881273 0.992498 0)
(0.803454 0.959911 -6.22563e-20)
(0.711169 0.924032 3.63833e-21)
(0.607942 0.884367 0)
(0.505182 0.842857 -3.83325e-19)
(0.419474 0.804826 0)
(0.310367 0.773293 4.62916e-19)
(0.233043 0.843561 -3.0062e-19)
(0.183194 1.39663 -2.51037e-19)
(0.204849 2.62775 -6.13696e-19)
(0.223169 3.12025 -3.045e-19)
(0.211936 3.27605 -3.46978e-19)
(0.195645 3.31928 3.08593e-19)
(0.438354 0.450326 -2.31561e-19)
(0.945019 0.929633 1.40042e-20)
(1.08741 1.10722 -1.25178e-19)
(1.09341 1.11489 -6.32958e-19)
(1.04678 1.10039 0)
(0.997509 1.07061 0)
(0.938672 1.04327 0)
(0.872802 1.01254 -1.38193e-20)
(0.795467 0.981276 6.94916e-20)
(0.702804 0.948092 0)
(0.598238 0.912821 0)
(0.494624 0.879809 0)
(0.386831 0.852365 0)
(0.32414 0.848513 3.03794e-19)
(0.303269 1.16333 7.88893e-19)
(0.30721 2.2637 2.44094e-19)
(0.319443 3.07057 4.38423e-19)
(0.31014 3.29795 -2.71604e-19)
(0.25475 3.37155 1.00259e-19)
(0.218834 3.38546 0)
(0.434863 0.45763 2.34588e-19)
(0.937109 0.944645 -1.47295e-18)
(1.07739 1.1249 -4.14017e-19)
(1.08359 1.13333 -1.00999e-19)
(1.03723 1.11878 1.15273e-19)
(0.988373 1.08912 -8.12459e-19)
(0.930014 1.0621 5.49185e-20)
(0.864619 1.03217 3.71711e-19)
(0.78768 1.00273 0)
(0.695856 0.972114 -1.65724e-20)
(0.591909 0.940866 1.50765e-20)
(0.484287 0.910046 0)
(0.395863 0.888237 0)
(0.349291 0.99921 -3.75876e-19)
(0.327867 1.76242 -4.54587e-21)
(0.32584 2.8872 -1.24167e-19)
(0.344273 3.29527 1.9104e-19)
(0.314645 3.41134 4.88854e-20)
(0.243664 3.44272 1.42267e-19)
(0.215456 3.45157 -7.2507e-20)
(0.431016 0.464925 4.51762e-19)
(0.928929 0.960402 1.40867e-18)
(1.06673 1.1431 5.08993e-19)
(1.07305 1.15203 0)
(1.02692 1.13731 0)
(0.978714 1.10781 6.22581e-19)
(0.921094 1.08111 -3.83477e-19)
(0.856642 1.05204 -3.42025e-19)
(0.780795 1.02389 -1.34108e-20)
(0.68895 0.995924 5.83957e-20)
(0.583927 0.969265 -2.82152e-19)
(0.478322 0.945321 0)
(0.397954 0.962465 0)
(0.379002 1.30728 -2.07798e-19)
(0.402757 2.34197 -2.67721e-19)
(0.443632 3.18926 0)
(0.471752 3.40346 1.21947e-19)
(0.400976 3.47627 2.40047e-19)
(0.317064 3.52068 -5.387e-19)
(0.287471 3.54723 3.10783e-19)
(0.426437 0.472187 -8.56739e-19)
(0.919482 0.976117 -6.70165e-19)
(1.05521 1.16187 0)
(1.06196 1.17142 0)
(1.01628 1.15654 0)
(0.968744 1.12696 0)
(0.911929 1.1004 4.09456e-19)
(0.848393 1.07194 -4.45189e-19)
(0.773448 1.04551 0)
(0.682991 1.02038 -4.77295e-20)
(0.580168 0.998048 4.69217e-19)
(0.475717 0.981034 2.40031e-20)
(0.420538 1.0498 4.01687e-20)
(0.438542 1.63813 3.04022e-19)
(0.478991 2.81385 -6.70754e-20)
(0.515104 3.33486 0)
(0.5015 3.48046 -9.44846e-20)
(0.4013 3.57374 1.15678e-19)
(0.297503 3.65752 3.95444e-19)
(0.216889 3.6447 -3.42093e-19)
(0.421294 0.479783 4.05977e-19)
(0.909352 0.993334 -6.58275e-19)
(1.04243 1.18172 0)
(1.04954 1.19146 -1.61989e-19)
(1.00433 1.17618 6.14236e-19)
(0.957741 1.14647 0)
(0.90207 1.12005 0)
(0.839807 1.09231 8.33657e-19)
(0.766396 1.06748 1.24949e-20)
(0.677523 1.04527 -5.42681e-20)
(0.573394 1.02748 -2.00651e-19)
(0.480482 1.02425 1.51631e-19)
(0.4513 1.19948 0)
(0.502201 2.02523 -1.41191e-19)
(0.56582 3.09295 1.19025e-19)
(0.620467 3.44729 -6.12697e-20)
(0.612424 3.57139 0)
(0.524282 3.69708 -2.33724e-19)
(0.439499 3.75002 -8.57136e-19)
(0.348508 3.72212 -2.12787e-19)
(0.415125 0.487172 -7.86135e-19)
(0.897478 1.0102 9.37087e-19)
(1.02855 1.20203 6.91212e-19)
(1.03652 1.21219 -1.79105e-19)
(0.991912 1.19647 -9.36615e-19)
(0.946392 1.16639 0)
(0.89201 1.13986 3.56991e-19)
(0.831465 1.11263 -3.41737e-19)
(0.759989 1.08917 -3.44903e-20)
(0.672763 1.06993 4.56432e-20)
(0.570981 1.05723 -1.87414e-21)
(0.485094 1.07466 -1.68933e-19)
(0.497854 1.37548 1.44348e-19)
(0.584618 2.37899 -2.46945e-20)
(0.659815 3.28053 1.59541e-19)
(0.720169 3.53022 -4.30425e-19)
(0.683794 3.61608 0)
(0.601799 3.64412 0)
(0.481857 3.62689 -9.80693e-19)
(0.20848 3.4354 1.95617e-18)
(0.408251 0.49485 3.72846e-19)
(0.884732 1.02892 9.01338e-19)
(1.01313 1.22348 -6.81728e-19)
(1.02194 1.23352 6.67745e-19)
(0.978004 1.21698 9.2558e-19)
(0.933932 1.18643 0)
(0.881297 1.15974 -3.87997e-19)
(0.822551 1.13284 -4.78659e-19)
(0.753252 1.11084 0)
(0.669107 1.09493 0)
(0.571163 1.08802 0)
(0.5 1.13552 0)
(0.552926 1.57559 -1.4775e-19)
(0.670863 2.67077 7.9408e-20)
(0.764347 3.40975 0)
(0.813208 3.56483 2.61875e-19)
(0.800039 3.58411 0)
(0.853623 3.46529 4.2775e-19)
(0.946461 3.1204 -2.9718e-18)
(0.493525 2.79679 2.85996e-18)
(0.400067 0.502065 -7.2646e-19)
(0.86963 1.04675 -5.7196e-19)
(0.996281 1.24522 -4.37185e-19)
(1.00659 1.25557 -6.24561e-19)
(0.963353 1.23815 -4.39377e-19)
(0.921003 1.20688 0)
(0.870188 1.17979 -8.66208e-20)
(0.813799 1.15339 3.45108e-20)
(0.747284 1.13271 2.51575e-19)
(0.665867 1.11994 0)
(0.572229 1.11885 3.21829e-21)
(0.523166 1.20404 -3.65204e-21)
(0.610865 1.7744 0)
(0.758929 2.92564 -7.29917e-20)
(0.855096 3.46956 0)
(0.900331 3.55115 -4.47627e-19)
(0.914835 3.5048 1.16072e-18)
(0.902005 3.15683 -4.22185e-19)
(0.649868 2.22127 6.43176e-19)
(-0.373909 0.638573 -1.61188e-18)
(0.390951 0.509561 -1.16949e-20)
(0.853115 1.06668 -2.80992e-19)
(0.977518 1.26833 6.07884e-19)
(0.989088 1.27838 -1.74567e-20)
(0.946617 1.25974 -1.16495e-19)
(0.90655 1.22776 0)
(0.858282 1.2003 3.95692e-19)
(0.804758 1.17411 4.00305e-19)
(0.741532 1.15501 -4.85869e-19)
(0.663912 1.14593 2.53442e-19)
(0.573967 1.15426 8.30435e-20)
(0.547452 1.29188 0)
(0.681283 1.97799 -9.69619e-20)
(0.857089 3.10627 1.28789e-19)
(0.958856 3.47894 2.75273e-19)
(0.978693 3.51064 0)
(0.902245 3.34921 -5.77137e-19)
(0.717632 2.65519 7.19048e-19)
(0.213295 0.969311 -8.50128e-19)
(-0.292375 -0.478856 -7.64312e-19)
(0.379856 0.516192 6.55748e-19)
(0.833444 1.08495 -2.69341e-19)
(0.956861 1.29148 4.03644e-19)
(0.970283 1.30195 3.19367e-19)
(0.92864 1.28213 2.24866e-19)
(0.891355 1.24916 5.88506e-19)
(0.845463 1.22108 -7.60359e-19)
(0.795189 1.19529 -4.87562e-19)
(0.736046 1.17797 5.26282e-19)
(0.663182 1.17383 6.40708e-20)
(0.581452 1.1934 4.66717e-20)
(0.572839 1.39167 7.13397e-20)
(0.76105 2.22965 -1.45492e-19)
(0.935103 3.22658 2.50259e-19)
(1.00942 3.44906 -4.05802e-19)
(0.996097 3.41533 4.30151e-19)
(0.878328 3.08407 -1.07273e-18)
(0.580826 1.98056 6.66446e-19)
(0.091068 0.18145 0)
(-0.11946 -0.234047 -1.2273e-18)
(0.367524 0.52272 0)
(0.811825 1.10488 -1.00707e-18)
(0.934182 1.31581 2.29591e-20)
(0.948622 1.3258 -5.58989e-19)
(0.90809 1.30441 0)
(0.874444 1.27059 -4.20625e-19)
(0.831795 1.24183 6.45385e-19)
(0.785534 1.21658 4.56094e-19)
(0.73207 1.20102 -5.49737e-19)
(0.663874 1.20195 -2.54201e-19)
(0.594459 1.23588 -1.26171e-19)
(0.613455 1.48861 3.11955e-20)
(0.829384 2.42566 1.47353e-19)
(1.01876 3.28027 1.88488e-19)
(1.09369 3.41106 -4.36897e-19)
(1.05176 3.30613 6.88969e-19)
(0.808292 2.70815 5.1695e-19)
(0.347411 1.16135 -6.09904e-19)
(-0.119487 -0.245575 0)
(-0.214911 -0.275063 0)
(0.352897 0.528135 -6.01887e-19)
(0.78711 1.12267 9.765e-19)
(0.908666 1.33955 0)
(0.92467 1.34998 0)
(0.886056 1.32726 0)
(0.856403 1.29179 0)
(0.81725 1.26217 -2.75239e-19)
(0.77643 1.23647 -1.40613e-20)
(0.728625 1.22365 -7.01668e-20)
(0.667717 1.22973 -3.25435e-20)
(0.599356 1.28968 2.71284e-19)
(0.656403 1.6038 -9.92604e-20)
(0.919347 2.61299 0)
(1.08728 3.30228 4.37296e-20)
(1.12953 3.35682 7.30634e-19)
(1.02203 3.1125 -2.81031e-19)
(0.699239 2.25174 5.01874e-19)
(0.158237 0.32557 2.85514e-19)
(-0.151952 -0.29222 -1.3363e-18)
(-0.144473 -0.22935 -1.56898e-18)
(0.337023 0.533033 2.93682e-19)
(0.760034 1.14157 4.51795e-19)
(0.880364 1.3632 -1.08813e-20)
(0.896923 1.37326 2.65913e-19)
(0.860821 1.34889 0)
(0.836153 1.31208 6.67789e-19)
(0.800577 1.28091 -1.82993e-19)
(0.766331 1.25586 6.63788e-20)
(0.725313 1.24516 -2.72243e-20)
(0.673775 1.26203 -3.61979e-20)
(0.598433 1.35366 -1.70705e-19)
(0.684015 1.70199 1.07973e-19)
(1.00111 2.74232 1.71194e-19)
(1.16356 3.29864 1.43659e-19)
(1.19979 3.3084 -4.424e-19)
(1.04459 2.93564 1.03736e-18)
(0.607601 1.7775 -6.15197e-19)
(-0.0289247 -0.0502744 7.61186e-19)
(-0.221131 -0.256683 -2.27436e-18)
(-0.125282 -0.225437 1.60335e-18)
(0.318856 0.536347 -2.74709e-19)
(0.729051 1.1577 0)
(0.847479 1.38544 -3.34499e-19)
(0.865919 1.39613 -5.03352e-19)
(0.834067 1.37059 0)
(0.813627 1.33104 -5.08275e-19)
(0.783318 1.29842 0)
(0.756108 1.27433 -3.8179e-19)
(0.725012 1.26472 2.01747e-19)
(0.682077 1.29815 -3.74506e-19)
(0.615601 1.41402 2.34607e-19)
(0.720381 1.79072 -2.82475e-20)
(1.06507 2.84104 -4.84336e-19)
(1.21825 3.27215 3.1529e-19)
(1.2299 3.23134 -4.21896e-19)
(0.989668 2.69994 -3.18266e-19)
(0.400826 1.20785 7.65299e-19)
(-0.166239 -0.142619 -8.93032e-19)
(-0.275305 -0.307297 5.77088e-21)
(-0.167394 -0.271701 -1.67215e-19)
(0.29918 0.538257 5.28929e-19)
(0.695032 1.17395 -4.12262e-19)
(0.810739 1.40631 3.36196e-19)
(0.830488 1.41614 2.38125e-19)
(0.803164 1.38959 2.18169e-20)
(0.787309 1.34678 2.67685e-19)
(0.764866 1.31308 0)
(0.747277 1.28743 -2.85319e-20)
(0.733025 1.27892 0)
(0.706065 1.32426 3.49075e-19)
(0.669767 1.44605 -2.16794e-19)
(0.785985 1.84034 3.29899e-21)
(1.14974 2.84636 3.42706e-19)
(1.31944 3.23613 3.64866e-19)
(1.27906 3.18547 -1.6276e-19)
(0.906906 2.52869 2.96441e-19)
(0.1919 0.793786 -1.23695e-18)
(-0.333289 -0.196599 -6.72084e-19)
(-0.402355 -0.45396 -3.03403e-19)
(-0.26687 -0.437573 1.35673e-18)
(0.277054 0.538085 4.69294e-21)
(0.655866 1.18587 2.05614e-19)
(0.768353 1.42496 0)
(0.791626 1.43512 4.39361e-19)
(0.769144 1.40658 -6.67492e-19)
(0.758142 1.35972 2.57098e-19)
(0.743778 1.32126 -1.85135e-19)
(0.738457 1.29102 3.27249e-19)
(0.744715 1.28038 -3.17159e-19)
(0.760165 1.32374 4.25246e-20)
(0.772242 1.44847 -2.49032e-19)
(0.843003 1.8986 -2.55554e-19)
(1.23716 2.85107 5.27332e-20)
(1.3857 3.17198 -5.17906e-19)
(1.34672 3.08499 -6.03127e-19)
(0.971713 2.39302 1.08854e-18)
(0.238619 0.73226 -1.09812e-18)
(-0.438036 -0.320542 6.31284e-19)
(-0.55081 -0.759597 -3.12091e-20)
(-0.41752 -0.727929 -1.57936e-18)
(0.253758 0.536538 9.45462e-19)
(0.613701 1.19896 -1.96582e-19)
(0.720327 1.4407 -5.6262e-19)
(0.745617 1.44941 4.56444e-19)
(0.72751 1.41781 -3.00113e-19)
(0.72241 1.36744 4.78379e-19)
(0.717284 1.32246 3.22333e-19)
(0.725073 1.28544 0)
(0.752087 1.26588 3.62688e-19)
(0.834269 1.28776 -5.76406e-20)
(0.923511 1.4485 7.30302e-20)
(0.913013 1.95033 2.79229e-19)
(1.28589 2.7945 9.0705e-20)
(1.53 3.15392 6.1769e-20)
(1.53292 3.06165 -8.79389e-19)
(1.20091 2.39087 -5.61897e-19)
(0.474135 0.89761 1.35668e-18)
(-0.254509 -0.288427 5.96531e-19)
(-0.559902 -0.939365 1.69841e-19)
(-0.49258 -0.963777 1.60706e-18)
(0.228524 0.531268 0)
(0.564871 1.20324 1.7976e-19)
(0.666318 1.45202 -2.55556e-19)
(0.695075 1.46097 4.30088e-19)
(0.681441 1.42584 -5.89406e-19)
(0.681323 1.36973 2.35412e-19)
(0.684475 1.31739 0)
(0.704601 1.26505 0)
(0.758064 1.211 0)
(0.899943 1.22095 1.02874e-19)
(1.06006 1.45102 -9.65636e-20)
(1.08763 1.95366 1.14944e-19)
(1.37576 2.70145 2.34273e-19)
(1.65452 3.03725 2.8422e-19)
(1.68182 2.90344 -4.60615e-19)
(1.46424 2.37474 7.52086e-19)
(0.882677 1.21656 2.92007e-20)
(0.123944 -0.132182 -1.21588e-18)
(-0.324594 -0.928145 7.67454e-20)
(-0.464515 -1.06417 0)
(0.20288 0.525879 8.33803e-19)
(0.51416 1.21313 -1.68108e-19)
(0.605123 1.46085 -1.1321e-21)
(0.63451 1.46711 0)
(0.624175 1.42812 -2.71645e-19)
(0.630253 1.36566 1.25281e-20)
(0.640228 1.30273 0)
(0.675927 1.22347 1.07318e-19)
(0.747235 1.12976 -8.45796e-20)
(0.92637 1.14514 0)
(1.10908 1.44696 0)
(1.27635 1.98971 -1.9874e-19)
(1.36548 2.6508 -2.23203e-19)
(1.63063 2.96602 3.49003e-20)
(1.63666 2.82547 -2.0152e-20)
(1.45039 2.3697 1.64615e-19)
(1.00665 1.40393 0)
(0.367098 0.113452 -2.03697e-19)
(-0.0664656 -0.650407 -2.2847e-19)
(-0.272055 -0.826431 4.06134e-19)
(0.175229 0.51626 6.76311e-19)
(0.456877 1.21146 -1.54096e-19)
(0.538871 1.46424 2.208e-19)
(0.569453 1.47069 -5.49886e-19)
(0.560612 1.42648 0)
(0.56943 1.3561 0)
(0.580627 1.27746 0)
(0.622518 1.16741 1.0734e-19)
(0.691712 1.05491 -8.45262e-20)
(0.874825 1.07685 0)
(1.09116 1.44046 0)
(1.32992 2.09109 4.66309e-19)
(1.3168 2.65234 -9.20128e-20)
(1.51677 2.93444 1.74787e-19)
(1.50701 2.79945 -8.83299e-20)
(1.37341 2.38768 0)
(0.983513 1.62015 1.16761e-19)
(0.492903 0.431699 2.57931e-20)
(0.117543 -0.227749 -1.0857e-18)
(-0.112085 -0.457296 1.24764e-18)
(0.14937 0.508243 -6.11542e-19)
(0.400088 1.22172 1.65511e-19)
(0.466175 1.46838 4.52391e-19)
(0.493153 1.47092 3.1896e-19)
(0.482535 1.42139 -2.54504e-19)
(0.491308 1.34595 -1.7557e-19)
(0.496574 1.2516 1.30346e-19)
(0.525238 1.12231 0)
(0.565677 1.00611 0)
(0.713732 1.02108 0)
(0.935101 1.45289 -4.43339e-19)
(1.26466 2.20734 -4.46324e-19)
(1.20589 2.70263 8.08779e-20)
(1.33211 2.93553 -6.27301e-20)
(1.29194 2.84615 -5.73274e-20)
(1.18297 2.52567 0)
(0.849501 1.79854 -2.70645e-19)
(0.520407 0.735195 1.49066e-18)
(0.23528 0.243963 -3.46224e-18)
(0.0184555 -0.0440209 1.9788e-18)
(0.120017 0.489482 6.33931e-19)
(0.340671 1.21845 -5.21142e-19)
(0.392363 1.47176 0)
(0.412386 1.47472 1.50842e-19)
(0.398944 1.42245 1.06983e-19)
(0.399607 1.34427 2.43042e-19)
(0.388081 1.24377 -1.21902e-19)
(0.383936 1.11419 0)
(0.366826 1.00547 0)
(0.444184 1.02537 -5.63401e-19)
(0.515253 1.51509 -6.5379e-20)
(0.964556 2.37911 4.63957e-19)
(0.900372 2.87415 1.6107e-19)
(0.947455 3.09248 -1.3817e-19)
(0.911946 3.01295 5.90087e-19)
(0.856437 2.66214 -1.04648e-18)
(0.689758 1.79631 8.46574e-19)
(0.465418 1.01808 0)
(0.280934 0.678158 5.95528e-20)
(0.0900711 0.298489 -2.23509e-18)
(0.0921772 0.47249 6.36642e-19)
(0.281046 1.23093 0)
(0.31352 1.48054 0)
(0.327148 1.48343 0)
(0.30806 1.43425 8.74806e-20)
(0.29499 1.36078 -2.24658e-19)
(0.263332 1.26902 -1.01971e-19)
(0.219013 1.1569 0)
(0.141441 1.06765 0)
(0.09852 1.12444 3.80557e-19)
(0.0291938 1.61816 2.63105e-19)
(0.371486 2.59012 -2.08148e-19)
(0.338212 3.06484 -9.02515e-20)
(0.455425 3.20385 -2.03331e-19)
(0.495486 2.96159 2.67339e-19)
(0.561101 2.48973 -4.61386e-19)
(0.491374 1.7277 4.77526e-19)
(0.380281 1.2811 0)
(0.260157 1.01218 -5.56048e-20)
(0.102757 0.511993 -1.03089e-18)
(0.0617753 0.430397 -5.87627e-19)
(0.225228 1.22528 2.02321e-19)
(0.244094 1.49924 2.97085e-19)
(0.249668 1.50867 -1.98817e-20)
(0.22088 1.46503 -1.78985e-19)
(0.19291 1.40116 -1.19409e-19)
(0.144891 1.32818 2.80152e-19)
(0.0680564 1.24523 -7.3599e-21)
(-0.0555718 1.18441 0)
(-0.200196 1.2637 6.33835e-20)
(-0.335988 1.73735 -5.56761e-20)
(-0.0677671 2.64255 1.34787e-19)
(-0.0396679 2.99229 0)
(0.186294 3.02766 5.20562e-20)
(0.272368 2.64284 0)
(0.377402 2.20755 9.61219e-20)
(0.352524 1.73672 5.46679e-20)
(0.285337 1.48631 0)
(0.20704 1.22106 0)
(0.0829882 0.604968 -8.21292e-19)
(0.0333841 0.365178 4.63616e-19)
(0.175142 1.21992 -1.73531e-19)
(0.177687 1.52122 1.27125e-19)
(0.17392 1.54377 -1.97462e-19)
(0.138851 1.51008 7.62091e-20)
(0.105598 1.46466 -2.43532e-20)
(0.0471733 1.41299 1.84704e-20)
(-0.0425659 1.36214 -3.47574e-20)
(-0.176997 1.33404 -2.45359e-20)
(-0.354031 1.4104 -3.5414e-20)
(-0.488261 1.80145 1.18224e-20)
(-0.279237 2.52835 0)
(-0.151234 2.75277 1.59635e-20)
(0.085762 2.66785 0)
(0.187792 2.33031 0)
(0.255343 2.04225 0)
(0.240046 1.79674 3.57253e-19)
(0.193711 1.63888 -9.31786e-19)
(0.144934 1.35574 4.37048e-21)
(0.0543946 0.656062 6.53966e-19)
(-0.00330357 0.218308 7.76466e-20)
(0.12157 1.16628 7.02881e-20)
(0.117508 1.54473 -5.73179e-20)
(0.11282 1.59227 -3.90271e-20)
(0.0781401 1.56945 3.15864e-20)
(0.0410784 1.53802 2.27675e-20)
(-0.0168527 1.50618 1.59729e-20)
(-0.100195 1.48166 0)
(-0.218104 1.47875 -1.03329e-20)
(-0.366773 1.54325 -4.56203e-21)
(-0.494038 1.81391 1.93421e-20)
(-0.330724 2.32917 0)
(-0.153448 2.46228 8.03875e-21)
(0.0272401 2.35805 -2.68434e-20)
(0.110781 2.14873 0)
(0.139699 1.98961 0)
(0.129387 1.86454 -2.03929e-20)
(0.0969289 1.74403 0)
(0.0721983 1.44875 -1.54415e-20)
(0.0201098 0.709275 0)
(-0.0203044 0.12364 0)
(0.0539049 1.06043 0)
(0.0559227 1.53836 0)
(0.0546028 1.63697 0)
(0.0284151 1.63029 -7.18209e-34)
(-0.00422328 1.60842 5.24899e-34)
(-0.0504056 1.58992 0)
(-0.11746 1.57982 0)
(-0.208583 1.59023 0)
(-0.312004 1.64826 0)
(-0.434101 1.81962 0)
(-0.304264 2.15808 0)
(-0.145239 2.24893 0)
(-0.0169882 2.18104 0)
(0.0436973 2.06495 0)
(0.059167 1.97742 0)
(0.0547729 1.90714 0)
(0.0343118 1.81075 0)
(0.0215175 1.52862 0)
(-0.00344132 0.77545 0)
(-0.0171487 0.108486 0)
(0.0129605 0.976681 0)
(0.00926094 1.53168 0)
(0.0104816 1.67169 0)
(-0.0102435 1.6804 0)
(-0.0337921 1.66795 0)
(-0.0684091 1.65772 0)
(-0.117598 1.6555 0)
(-0.182251 1.6705 0)
(-0.251727 1.72145 0)
(-0.322323 1.83312 0)
(-0.255681 2.04328 0)
(-0.133304 2.11385 0)
(-0.0452269 2.07955 0)
(-0.00118964 2.01815 0)
(0.010943 1.96964 0)
(0.013564 1.9271 0)
(0.000133765 1.84536 0)
(0.000580469 1.56247 0)
(-0.00684486 0.778194 0)
(-0.0148855 0.142632 0)
(-0.0144157 0.969407 0)
(-0.0164233 1.53062 0)
(-0.0171085 1.69193 0)
(-0.0330374 1.71382 0)
(-0.0499691 1.70986 0)
(-0.0748034 1.70585 0)
(-0.109397 1.7093 0)
(-0.153884 1.72459 0)
(-0.198678 1.76573 0)
(-0.238773 1.84326 0)
(-0.202747 1.97153 0)
(-0.119886 2.02269 0)
(-0.0614497 2.01138 0)
(-0.0292458 1.98385 0)
(-0.0171517 1.95975 0)
(-0.0104653 1.93483 0)
(-0.0127913 1.86099 0)
(-0.0095859 1.56372 0)
(-0.00719889 0.763486 0)
(-0.0145543 0.209365 0)
(-0.0214805 0.985345 0)
(-0.0289936 1.52758 0)
(-0.0294638 1.7003 0)
(-0.0438146 1.73246 0)
(-0.0560925 1.73633 0)
(-0.0742767 1.73739 0)
(-0.0983136 1.7446 0)
(-0.128352 1.75923 0)
(-0.156735 1.79232 0)
(-0.17803 1.84869 0)
(-0.157011 1.92836 0)
(-0.104601 1.96493 0)
(-0.0660312 1.96613 0)
(-0.0421168 1.95725 0)
(-0.0299459 1.94695 0)
(-0.0208124 1.93149 0)
(-0.0198992 1.85797 0)
(-0.0126387 1.5532 0)
(-0.00867176 0.725852 0)
(-0.0104377 0.274651 0)
(-0.0252002 1.02157 0)
(-0.0331748 1.53522 0)
(-0.0335137 1.70798 0)
(-0.0434569 1.74506 0)
(-0.0530695 1.75303 0)
(-0.0670045 1.75726 0)
(-0.0846206 1.7658 0)
(-0.105106 1.78005 0)
(-0.123862 1.80753 0)
(-0.13456 1.85016 0)
(-0.121075 1.90214 0)
(-0.08864 1.92872 0)
(-0.0629591 1.93539 0)
(-0.0453309 1.93507 0)
(-0.0344268 1.93147 0)
(-0.0262241 1.92036 0)
(-0.0235056 1.84682 0)
(-0.0157522 1.52812 0)
(-0.00821398 0.677698 0)
(-0.00615075 0.333323 0)
(-0.0236858 1.06912 0)
(-0.0329992 1.54912 0)
(-0.0328725 1.71707 0)
(-0.0403965 1.75658 0)
(-0.0472161 1.76547 0)
(-0.0580693 1.77084 0)
(-0.0715725 1.78045 0)
(-0.0852296 1.79411 0)
(-0.0982849 1.81635 0)
(-0.103578 1.84941 0)
(-0.0939838 1.885 0)
(-0.0736484 1.90467 0)
(-0.0560263 1.91276 0)
(-0.0431552 1.91592 0)
(-0.0342271 1.91553 0)
(-0.0273019 1.90637 0)
(-0.0238051 1.82985 0)
(-0.0157823 1.49495 0)
(-0.00584412 0.634461 0)
(-0.00321945 0.380478 0)
(-0.0187263 1.11372 0)
(-0.0288507 1.56594 0)
(-0.0302122 1.72861 0)
(-0.0363638 1.76844 0)
(-0.0414569 1.77736 0)
(-0.0487034 1.78211 0)
(-0.0588646 1.79042 0)
(-0.0685518 1.80277 0)
(-0.0782426 1.82091 0)
(-0.0809654 1.84687 0)
(-0.0736526 1.87232 0)
(-0.0602997 1.8873 0)
(-0.0478625 1.8952 0)
(-0.0384225 1.89941 0)
(-0.0309423 1.90063 0)
(-0.0251612 1.89241 0)
(-0.0211772 1.81261 0)
(-0.0135087 1.46323 0)
(-0.00346195 0.599459 0)
(-0.00124028 0.413847 0)
(-0.0134063 1.15225 0)
(-0.0229976 1.58466 0)
(-0.0258946 1.74063 0)
(-0.0318814 1.77981 0)
(-0.0362833 1.78859 0)
(-0.0414085 1.79276 0)
(-0.0486663 1.79959 0)
(-0.055105 1.80932 0)
(-0.0620861 1.82379 0)
(-0.0635722 1.84396 0)
(-0.0579529 1.8628 0)
(-0.0489036 1.87444 0)
(-0.0399037 1.88153 0)
(-0.0327257 1.88581 0)
(-0.0264026 1.88771 0)
(-0.0212148 1.87956 0)
(-0.0171684 1.79641 0)
(-0.0103924 1.43491 0)
(-0.00183092 0.573518 0)
(-0.000222588 0.435434 0)
(-0.0092552 1.18476 0)
(-0.017771 1.60401 0)
(-0.0214478 1.75283 0)
(-0.0268184 1.7904 0)
(-0.0309567 1.79856 0)
(-0.0352255 1.80208 0)
(-0.0405965 1.80802 0)
(-0.0448406 1.81569 0)
(-0.0495012 1.82699 0)
(-0.0501868 1.84216 0)
(-0.0459185 1.85616 0)
(-0.0395255 1.86513 0)
(-0.0327615 1.87117 0)
(-0.02701 1.87513 0)
(-0.0216835 1.87708 0)
(-0.0171498 1.86837 0)
(-0.013439 1.78187 0)
(-0.00770423 1.41088 0)
(-0.000994533 0.555177 0)
(-2.05001e-05 0.449545 0)
(-0.00672836 1.21164 0)
(-0.0142495 1.62231 0)
(-0.018375 1.7641 0)
(-0.02215 1.79915 0)
(-0.0258371 1.80592 0)
(-0.0295717 1.80907 0)
(-0.0339098 1.81445 0)
(-0.0369122 1.8208 0)
(-0.0399597 1.82986 0)
(-0.0400828 1.84127 0)
(-0.0367765 1.85168 0)
(-0.0319483 1.85868 0)
(-0.02668 1.86376 0)
(-0.0219589 1.86718 0)
(-0.0175636 1.86874 0)
(-0.0139484 1.85922 0)
(-0.0106311 1.76969 0)
(-0.00583778 1.3914 0)
(-0.000674446 0.542042 0)
(-0.000172806 0.46019 0)
(-0.00553439 1.23375 0)
(-0.0121933 1.63805 0)
(-0.0166274 1.773 0)
(-0.0186328 1.80511 0)
(-0.0217179 1.8103 0)
(-0.0243069 1.81315 0)
(-0.0279321 1.81778 0)
(-0.0303227 1.82347 0)
(-0.0324927 1.8312 0)
(-0.0323294 1.84021 0)
(-0.0296716 1.84826 0)
(-0.0258594 1.85382 0)
(-0.0216344 1.85799 0)
(-0.0178693 1.86078 0)
(-0.0142713 1.86183 0)
(-0.0115181 1.85154 0)
(-0.00855763 1.75954 0)
(-0.00458193 1.3757 0)
(-0.000537263 0.53202 0)
(-0.000229878 0.469259 0)
(-0.00464487 1.25238 0)
(-0.0104303 1.65193 0)
(-0.0149786 1.7803 0)
(-0.0157538 1.80934 0)
(-0.0186232 1.81353 0)
(-0.0199332 1.81608 0)
(-0.0228931 1.81975 0)
(-0.0246722 1.82477 0)
(-0.0263753 1.83151 0)
(-0.0261303 1.83899 0)
(-0.0239547 1.84539 0)
(-0.0208934 1.8499 0)
(-0.017553 1.85326 0)
(-0.0146076 1.85548 0)
(-0.0115973 1.85611 0)
(-0.00945902 1.84514 0)
(-0.00684795 1.75117 0)
(-0.00360119 1.36313 0)
(-0.000420135 0.524129 0)
(-0.00015083 0.476713 0)
(-0.00356842 1.26797 0)
(-0.00842319 1.66466 0)
(-0.012816 1.78697 0)
(-0.0129131 1.8129 0)
(-0.0158316 1.81666 0)
(-0.0163211 1.81899 0)
(-0.0188523 1.82195 0)
(-0.0199596 1.82611 0)
(-0.0212629 1.8317 0)
(-0.0209299 1.83783 0)
(-0.0192378 1.84295 0)
(-0.0168319 1.84653 0)
(-0.0141688 1.84916 0)
(-0.0118473 1.8509 0)
(-0.00928659 1.8512 0)
(-0.00759032 1.83963 0)
(-0.00536124 1.74414 0)
(-0.00275615 1.35309 0)
(-0.000305661 0.517987 0)
(-8.13257e-05 0.482241 0)
(-0.00253058 1.28038 0)
(-0.00645923 1.67596 0)
(-0.0104427 1.79296 0)
(-0.010278 1.81588 0)
(-0.0131509 1.81942 0)
(-0.0132795 1.82151 0)
(-0.0156243 1.82414 0)
(-0.0162906 1.8276 0)
(-0.0172855 1.83215 0)
(-0.016821 1.83699 0)
(-0.0154415 1.841 0)
(-0.0135112 1.84383 0)
(-0.0113584 1.84591 0)
(-0.00950431 1.84727 0)
(-0.00735029 1.84729 0)
(-0.00600384 1.83517 0)
(-0.00417079 1.73847 0)
(-0.00209168 1.34524 0)
(-0.00022468 0.51333 0)
(-7.10945e-05 0.486135 0)
(-0.00178459 1.28973 0)
(-0.00487232 1.68542 0)
(-0.00824795 1.79811 0)
(-0.00807159 1.81842 0)
(-0.0106672 1.82173 0)
(-0.0106801 1.82344 0)
(-0.0128324 1.82585 0)
(-0.0132976 1.82873 0)
(-0.0140989 1.8325 0)
(-0.0135582 1.83636 0)
(-0.0124068 1.83948 0)
(-0.0108066 1.8417 0)
(-0.00903342 1.84333 0)
(-0.00753781 1.84435 0)
(-0.00578673 1.84412 0)
(-0.00471228 1.83157 0)
(-0.00325622 1.73391 0)
(-0.00159734 1.33913 0)
(-0.000172935 0.509797 0)
(-8.07586e-05 0.488968 0)
(-0.00131345 1.29663 0)
(-0.00370279 1.69286 0)
(-0.00640152 1.80219 0)
(-0.0063668 1.82045 0)
(-0.00854075 1.82351 0)
(-0.00856264 1.82484 0)
(-0.0104024 1.82698 0)
(-0.0107673 1.82937 0)
(-0.0114311 1.83255 0)
(-0.010901 1.83567 0)
(-0.00992277 1.8382 0)
(-0.00860067 1.83998 0)
(-0.00714974 1.84128 0)
(-0.00593689 1.84204 0)
(-0.00454371 1.84162 0)
(-0.00367975 1.82877 0)
(-0.00255496 1.73033 0)
(-0.00123188 1.3344 0)
(-0.000135243 0.507086 0)
(-7.3157e-05 0.491101 0)
(-0.00097181 1.3017 0)
(-0.00278993 1.69866 0)
(-0.00485103 1.80558 0)
(-0.00501021 1.82239 0)
(-0.00675504 1.82515 0)
(-0.00688396 1.82618 0)
(-0.00837482 1.82801 0)
(-0.00868533 1.82992 0)
(-0.00921318 1.83256 0)
(-0.00872888 1.83509 0)
(-0.0079063 1.83714 0)
(-0.00681173 1.83857 0)
(-0.00563942 1.83959 0)
(-0.00466578 1.84016 0)
(-0.00358118 1.83962 0)
(-0.00288234 1.82656 0)
(-0.00201922 1.72749 0)
(-0.000955469 1.33068 0)
(-0.000105814 0.504977 0)
(-5.73875e-05 0.492729 0)
(-0.00072039 1.30551 0)
(-0.00210217 1.70309 0)
(-0.00362574 1.80828 0)
(-0.00392469 1.82409 0)
(-0.0052668 1.82653 0)
(-0.00551185 1.82734 0)
(-0.00667777 1.82887 0)
(-0.00696527 1.8304 0)
(-0.00737115 1.83255 0)
(-0.00695266 1.83459 0)
(-0.00628342 1.83627 0)
(-0.00539703 1.83742 0)
(-0.0044532 1.83824 0)
(-0.00365693 1.83869 0)
(-0.00280853 1.83805 0)
(-0.00223445 1.82484 0)
(-0.00157593 1.72527 0)
(-0.000732471 1.32778 0)
(-7.83321e-05 0.503355 0)
(-4.40905e-05 0.493925 0)
(-0.000529847 1.30829 0)
(-0.00156886 1.70643 0)
(-0.00267499 1.81044 0)
(-0.00305166 1.8256 0)
(-0.00406086 1.82772 0)
(-0.00438406 1.82837 0)
(-0.00528032 1.82961 0)
(-0.00556765 1.83082 0)
(-0.0058655 1.83253 0)
(-0.0055308 1.83417 0)
(-0.00498662 1.83553 0)
(-0.00426039 1.83646 0)
(-0.0035022 1.83713 0)
(-0.00285865 1.83748 0)
(-0.00220186 1.83676 0)
(-0.00173536 1.82346 0)
(-0.00123157 1.72349 0)
(-0.000559394 1.3255 0)
(-5.67226e-05 0.502111 0)
(-3.18171e-05 0.494828 0)
(-0.000391949 1.31037 0)
(-0.00117176 1.7089 0)
(-0.00196377 1.81209 0)
(-0.00234725 1.82682 0)
(-0.00309233 1.82866 0)
(-0.00344066 1.8292 0)
(-0.00411912 1.83019 0)
(-0.00439596 1.83116 0)
(-0.00462966 1.83256 0)
(-0.00437333 1.83388 0)
(-0.00393395 1.83498 0)
(-0.00335412 1.83575 0)
(-0.00276501 1.83629 0)
(-0.00225067 1.83657 0)
(-0.00173806 1.83579 0)
(-0.00135808 1.82241 0)
(-0.000966939 1.72213 0)
(-0.000431085 1.32374 0)
(-4.34974e-05 0.501167 0)
(-2.44268e-05 0.495494 0)
(-0.000298163 1.31194 0)
(-0.00089181 1.71074 0)
(-0.00146776 1.8134 0)
(-0.00182389 1.82785 0)
(-0.00237866 1.82947 0)
(-0.00272264 1.8299 0)
(-0.00323987 1.83066 0)
(-0.00350204 1.83144 0)
(-0.0036852 1.83255 0)
(-0.00349058 1.83361 0)
(-0.00314226 1.83451 0)
(-0.00267587 1.83513 0)
(-0.00219623 1.83557 0)
(-0.0017732 1.8358 0)
(-0.00136682 1.83498 0)
(-0.00105277 1.82154 0)
(-0.000744805 1.72102 0)
(-0.000326826 1.32236 0)
(-3.17355e-05 0.500438 0)
(-1.76919e-05 0.495999 0)
(-0.000223983 1.3131 0)
(-0.000664264 1.7121 0)
(-0.00107782 1.81439 0)
(-0.00137853 1.82863 0)
(-0.00178322 1.83007 0)
(-0.00208365 1.83044 0)
(-0.00246678 1.83102 0)
(-0.00269423 1.83164 0)
(-0.00283144 1.83253 0)
(-0.00269773 1.83341 0)
(-0.00242718 1.83416 0)
(-0.00206365 1.83467 0)
(-0.00169327 1.83504 0)
(-0.00136305 1.83522 0)
(-0.00104986 1.83436 0)
(-0.00080171 1.82087 0)
(-0.000566139 1.72019 0)
(-0.000245503 1.32132 0)
(-2.1641e-05 0.499898 0)
(-1.11579e-05 0.496388 0)
(-0.000170832 1.31399 0)
(-0.000518405 1.71311 0)
(-0.00082985 1.81515 0)
(-0.00108262 1.82927 0)
(-0.00139585 1.8306 0)
(-0.00166043 1.8309 0)
(-0.00195396 1.83135 0)
(-0.00215371 1.83186 0)
(-0.0022658 1.83257 0)
(-0.00217179 1.83327 0)
(-0.00195609 1.83388 0)
(-0.00166906 1.8343 0)
(-0.00137708 1.83459 0)
(-0.00110516 1.83474 0)
(-0.000848771 1.83385 0)
(-0.00064198 1.82033 0)
(-0.000451479 1.71951 0)
(-0.000191292 1.3205 0)
(-1.50812e-05 0.499479 0)
(-8.19475e-06 0.496656 0)
(-0.000117266 1.31467 0)
(-0.000356855 1.71393 0)
(-0.000572501 1.81576 0)
(-0.000759468 1.82976 0)
(-0.000976017 1.831 0)
(-0.00117123 1.83124 0)
(-0.00138777 1.83158 0)
(-0.0015519 1.83199 0)
(-0.00163971 1.83257 0)
(-0.00157503 1.83316 0)
(-0.00141479 1.83365 0)
(-0.00119823 1.834 0)
(-0.000981307 1.83425 0)
(-0.000783737 1.83437 0)
(-0.000602165 1.83346 0)
(-0.000454524 1.8199 0)
(-0.000316845 1.71898 0)
(-0.000131408 1.31987 0)
(-9.3847e-06 0.499185 0)
(-6.0931e-06 0.496867 0)
(-0.000101543 1.3151 0)
(-0.000306289 1.71439 0)
(-0.000485748 1.81612 0)
(-0.000646453 1.83007 0)
(-0.000828486 1.83127 0)
(-0.001005 1.83149 0)
(-0.00117491 1.83176 0)
(-0.00130122 1.83211 0)
(-0.00136553 1.83259 0)
(-0.00131515 1.83308 0)
(-0.00119238 1.8335 0)
(-0.00102485 1.8338 0)
(-0.000847486 1.83402 0)
(-0.000677487 1.83411 0)
(-0.00051768 1.83319 0)
(-0.000387083 1.81962 0)
(-0.000267452 1.71864 0)
(-0.000109238 1.31947 0)
(-7.47283e-06 0.498966 0)
(-3.54794e-06 0.497055 0)
(-6.27481e-05 1.31564 0)
(-0.000190779 1.71503 0)
(-0.000298906 1.81661 0)
(-0.00039202 1.83046 0)
(-0.000492003 1.83159 0)
(-0.000588837 1.83176 0)
(-0.000681758 1.83196 0)
(-0.000756493 1.83222 0)
(-0.000790893 1.8326 0)
(-0.000761562 1.83301 0)
(-0.000688502 1.83335 0)
(-0.000588548 1.83359 0)
(-0.000492739 1.83376 0)
(-0.000401355 1.83381 0)
(-0.000311666 1.83286 0)
(-0.000234644 1.81926 0)
(-0.000163625 1.71821 0)
(-6.73806e-05 1.31897 0)
(-4.51786e-06 0.498764 0)
(-0.308052 1.76162 1.96484e-22)
(0.441138 3.30089 -2.07107e-19)
(0.107773 3.51724 3.20924e-19)
(0.226517 3.47195 0)
(0.197409 3.41137 0)
(0.190473 3.35549 -1.86496e-19)
(0.192727 3.32781 2.48952e-19)
(0.163829 3.27111 -2.61526e-19)
(0.13774 3.15609 5.34818e-21)
(0.135823 2.5692 4.26163e-19)
(-0.0985496 2.4636 6.56003e-23)
(0.164256 3.35519 1.85508e-19)
(0.0231182 3.46482 0)
(0.120949 3.40894 0)
(0.0962937 3.35928 5.54161e-21)
(0.101636 3.31474 4.24193e-19)
(0.0961133 3.27357 -2.60615e-19)
(0.068512 3.23187 -5.12246e-21)
(0.0623085 3.06575 4.88198e-21)
(0.00480663 2.06712 0)
(-0.0251855 2.14163 -5.31038e-21)
(0.104484 3.17833 7.53777e-21)
(0.0449993 3.36886 0)
(0.0921783 3.34179 1.87693e-19)
(0.0704327 3.30896 -1.6488e-21)
(0.0703618 3.28336 -2.35687e-19)
(0.0579652 3.26696 -3.34401e-19)
(0.0412992 3.2414 -2.78727e-22)
(0.0467996 3.11104 5.09235e-21)
(-0.0152747 2.20275 0)
(-0.0375594 2.06782 5.63201e-20)
(0.0364765 3.14667 0)
(-0.00466182 3.32403 -1.01263e-19)
(0.0344087 3.31234 -6.35622e-20)
(0.025968 3.28946 8.91151e-21)
(0.0326089 3.26339 -1.73739e-19)
(0.0359213 3.24356 1.50568e-19)
(0.0276104 3.2307 -5.77845e-21)
(0.0459166 3.12001 7.87435e-21)
(0.00908401 2.24468 2.04674e-19)
(-0.0426272 2.05551 -5.30134e-20)
(0.0226342 3.10516 0)
(8.44543e-05 3.27576 2.37075e-19)
(0.0235204 3.2656 -1.37631e-19)
(0.0196412 3.24991 -7.75785e-22)
(0.023687 3.23691 -7.90768e-21)
(0.0246303 3.23326 -1.52653e-20)
(0.0248527 3.22195 -2.11738e-19)
(0.0453322 3.12374 5.78291e-21)
(-0.00313021 2.30894 -4.32443e-19)
(-0.0523814 2.09365 0)
(-0.00479818 3.09422 -1.48051e-19)
(-0.025232 3.24964 2.37916e-20)
(-0.00874232 3.2498 -1.05991e-20)
(-0.000827423 3.23409 1.09253e-20)
(0.00643459 3.22064 1.83927e-19)
(0.019429 3.2093 1.95812e-19)
(0.0231929 3.20432 4.20831e-19)
(0.0431444 3.12301 2.36811e-19)
(0.0115148 2.35271 -1.60094e-20)
(-0.0470251 2.15675 0)
(-0.01624 3.08822 1.52788e-19)
(-0.016362 3.21677 -1.63096e-19)
(-0.00870962 3.21366 -1.19474e-20)
(0.00217873 3.20262 2.48609e-20)
(0.0100161 3.19512 3.9424e-22)
(0.0171784 3.19587 -1.36064e-20)
(0.0225624 3.19022 -2.2211e-19)
(0.0434062 3.11989 -2.30771e-19)
(0.00360988 2.41887 -1.69428e-20)
(-0.0506091 2.22668 1.91063e-19)
(-0.02697 3.08678 -8.84527e-21)
(-0.0313376 3.19587 6.14148e-21)
(-0.0225568 3.19689 0)
(-0.0120105 3.18628 0)
(-0.000667863 3.17886 0)
(0.0152368 3.17095 0)
(0.0219733 3.16926 2.57326e-19)
(0.0410618 3.11289 -2.66723e-19)
(0.0158324 2.46368 2.60465e-19)
(-0.0443099 2.31495 2.60183e-20)
(-0.0323021 3.08824 2.15714e-19)
(-0.0196567 3.17058 0)
(-0.0139261 3.16588 -1.43498e-20)
(-0.00334085 3.15775 1.46845e-20)
(0.00639935 3.15253 0)
(0.0145949 3.15467 -8.09524e-21)
(0.0203264 3.15205 -2.49698e-19)
(0.0405343 3.10771 2.67673e-19)
(0.0102776 2.53203 0)
(-0.0454151 2.39965 1.78126e-20)
(-0.0359621 3.0858 -3.33516e-19)
(-0.0299707 3.15038 0)
(-0.0221191 3.14728 0)
(-0.0132992 3.13938 1.61662e-20)
(-0.00241754 3.13401 -1.37874e-19)
(0.0120239 3.12824 -1.71246e-20)
(0.0197255 3.12924 1.47904e-19)
(0.0385696 3.09664 0)
(0.0195256 2.58104 0)
(-0.0383672 2.49662 -3.5431e-19)
(-0.0380544 3.08418 1.1979e-19)
(-0.0200655 3.12426 0)
(-0.0129104 3.11581 0)
(-0.00352624 3.10894 0)
(0.00565639 3.10589 2.86578e-19)
(0.0136874 3.10949 0)
(0.0193727 3.11052 -1.57872e-19)
(0.0378522 3.0897 9.83004e-21)
(0.0147339 2.6537 1.68288e-19)
(-0.039139 2.58423 1.28266e-19)
(-0.0401491 3.07372 -1.26289e-20)
(-0.02971 3.10128 1.52922e-19)
(-0.0210376 3.09501 1.49028e-19)
(-0.011988 3.0886 0)
(-0.000606719 3.08445 -1.4847e-19)
(0.0132591 3.08047 0)
(0.0217494 3.0842 0)
(0.0386415 3.07248 0)
(0.0222713 2.70607 -1.6907e-19)
(-0.0336204 2.68489 -1.40762e-19)
(-0.0429478 3.06496 1.4557e-19)
(-0.022802 3.07211 -1.44239e-19)
(-0.0129312 3.06163 -2.29024e-19)
(-0.00299275 3.0565 0)
(0.00715573 3.05482 2.06047e-20)
(0.0161984 3.05909 -1.05055e-20)
(0.0240072 3.06283 7.91414e-20)
(0.0415374 3.06094 9.81791e-20)
(0.0207308 2.78023 -1.01099e-19)
(-0.0356648 2.76675 1.44394e-19)
(-0.0467311 3.04211 -1.39729e-19)
(-0.0334441 3.04528 1.00659e-20)
(-0.0212866 3.04002 5.86926e-20)
(-0.0110176 3.03633 -8.54825e-20)
(0.00035147 3.03418 0)
(0.0144642 3.03147 9.20163e-20)
(0.0263261 3.03547 4.93559e-21)
(0.0447916 3.03689 -1.91108e-19)
(0.0287184 2.83257 -6.54391e-21)
(-0.0285556 2.86116 -4.2594e-20)
(-0.0440739 3.0243 1.03105e-20)
(-0.0221781 3.01815 -5.36469e-20)
(-0.0107513 3.01467 2.19163e-20)
(-0.00210863 3.01413 1.0433e-19)
(0.00642976 3.01354 -4.45506e-20)
(0.01395 3.01473 -4.37335e-20)
(0.0227592 3.0169 -4.5579e-20)
(0.0417118 3.02139 9.87111e-20)
(0.0247001 2.90012 4.76943e-20)
(-0.0179409 2.93505 3.4223e-20)
(-0.0259848 2.99806 1.5167e-20)
(-0.0163989 3.00037 2.95756e-20)
(-0.00945826 3.00183 -6.04045e-20)
(-0.00409661 3.00266 2.05196e-20)
(0.00063482 3.0022 4.15565e-20)
(0.00580977 3.00061 -4.33403e-20)
(0.0111026 2.99897 -4.5476e-20)
(0.0218596 2.99751 6.22495e-21)
(0.0166417 2.94921 4.40567e-20)
)
;

boundaryField
{
    wall-4
    {
        type            noSlip;
    }
    pressure-outlet-7
    {
        type            zeroGradient;
    }
    velocity-inlet-6
    {
        type            fixedValue;
        value           uniform (0 3 0);
    }
    velocity-inlet-5
    {
        type            fixedValue;
        value           uniform (1 0 0);
    }
    frontAndBackPlanes
    {
        type            empty;
    }
}


// ************************************************************************* //
