/*--------------------------------*- C++ -*----------------------------------*\
| =========                 |                                                 |
| \\      /  F ield         | OpenFOAM: The Open Source CFD Toolbox           |
|  \\    /   O peration     | Version:  v2012                                 |
|   \\  /    A nd           | Website:  www.openfoam.com                      |
|    \\/     M anipulation  |                                                 |
\*---------------------------------------------------------------------------*/
FoamFile
{
    version     2.0;
    format      ascii;
    class       volVectorField;
    location    "20";
    object      U;
}
// * * * * * * * * * * * * * * * * * * * * * * * * * * * * * * * * * * * * * //

dimensions      [0 1 -1 0 0 0 0];


internalField   nonuniform List<vector> 
2200
(
(0.878745 -0.0303988 0)
(1.00571 -0.0513071 0)
(1.00302 -0.0354046 0)
(1.0001 -0.024541 0)
(0.999987 -0.0168514 0)
(1.00015 -0.010946 0)
(1.00005 -0.00700168 0)
(0.999954 -0.00422826 0)
(0.999957 -0.00222141 0)
(1.00016 -0.000740226 0)
(1.00007 0.000896068 0)
(0.99997 0.00239773 0)
(0.99994 0.00436771 0)
(1.00007 0.00717543 0)
(1.00018 0.0110675 0)
(1.00001 0.0169652 0)
(1.00014 0.0246326 0)
(1.00308 0.0354654 0)
(1.00572 0.0513321 0)
(0.878742 0.0304222 0)
(0.71207 -0.0327194 0)
(0.99662 -0.0628959 0)
(1.03333 -0.0560699 0)
(1.02472 -0.0461756 0)
(1.01548 -0.0358306 0)
(1.00947 -0.0262691 0)
(1.00607 -0.0180884 0)
(1.00409 -0.0114051 0)
(1.00284 -0.00597985 0)
(1.00214 -0.00156034 0)
(1.00213 0.00222593 0)
(1.00277 0.00665454 0)
(1.00408 0.0120217 0)
(1.00601 0.0185795 0)
(1.00938 0.0267292 0)
(1.0154 0.0361956 0)
(1.02459 0.0464401 0)
(1.0331 0.0563101 0)
(0.996467 0.0630503 0)
(0.711852 0.0327542 0)
(0.536104 -0.0238691 0)
(0.970119 -0.0567334 0)
(1.05661 -0.0544047 0)
(1.05236 -0.0483047 0)
(1.03622 -0.0397488 0)
(1.0244 -0.0313945 0)
(1.01586 -0.0233108 0)
(1.01017 -0.015874 0)
(1.00677 -0.0089719 0)
(1.0053 -0.0025551 0)
(1.00526 0.00372161 0)
(1.00672 0.0100695 0)
(1.01001 0.0168511 0)
(1.01563 0.0241557 0)
(1.02411 0.0320218 0)
(1.03586 0.0402624 0)
(1.05205 0.048752 0)
(1.05639 0.0545855 0)
(0.969602 0.0569914 0)
(0.535424 0.0239257 0)
(0.393103 -0.0134895 0)
(0.912281 -0.0462026 0)
(1.05791 -0.0465886 0)
(1.07019 -0.0441338 0)
(1.05534 -0.0377728 0)
(1.0393 -0.0309308 0)
(1.02741 -0.0242386 0)
(1.01902 -0.0171861 0)
(1.01371 -0.0100416 0)
(1.01115 -0.0028723 0)
(1.01109 0.00451193 0)
(1.01351 0.0115027 0)
(1.01864 0.0184265 0)
(1.02691 0.0252511 0)
(1.03876 0.0318694 0)
(1.05485 0.038604 0)
(1.0696 0.0448645 0)
(1.05697 0.0472189 0)
(0.911121 0.0465085 0)
(0.391703 0.0135816 0)
(0.309828 -0.00436269 0)
(0.847987 -0.0317499 0)
(1.04984 -0.0392278 0)
(1.07956 -0.0375723 0)
(1.06855 -0.0332787 0)
(1.05172 -0.0278145 0)
(1.03806 -0.0225337 0)
(1.02779 -0.0165543 0)
(1.02099 -0.00987254 0)
(1.01761 -0.00261597 0)
(1.0174 0.0049268 0)
(1.0205 0.0120037 0)
(1.02716 0.0184392 0)
(1.03736 0.0242597 0)
(1.051 0.0292792 0)
(1.06771 0.0344541 0)
(1.07854 0.0384818 0)
(1.04843 0.0399671 0)
(0.845739 0.0320907 0)
(0.307659 0.00444894 0)
(0.267863 0.000223012 0)
(0.792642 -0.0192199 0)
(1.03423 -0.0297334 0)
(1.08315 -0.0301934 0)
(1.07692 -0.0273725 0)
(1.06092 -0.0230251 0)
(1.04711 -0.0188748 0)
(1.03578 -0.0141582 0)
(1.02776 -0.00862908 0)
(1.02337 -0.00196966 0)
(1.02311 0.00489486 0)
(1.02709 0.011386 0)
(1.03479 0.0166366 0)
(1.04594 0.0209518 0)
(1.05949 0.0247389 0)
(1.07545 0.0288136 0)
(1.08143 0.0313191 0)
(1.03198 0.0305618 0)
(0.789323 0.0196074 0)
(0.264971 -0.000146907 0)
(0.245371 0.00130745 0)
(0.744902 -0.0115418 0)
(1.01636 -0.0232896 0)
(1.08343 -0.0246379 0)
(1.08158 -0.0223673 0)
(1.06667 -0.0186945 0)
(1.05364 -0.0152489 0)
(1.04326 -0.0110775 0)
(1.03534 -0.00641571 0)
(1.0304 -0.000909581 0)
(1.03013 0.00460954 0)
(1.03453 0.00982939 0)
(1.04197 0.0140778 0)
(1.05182 0.0178378 0)
(1.06488 0.0209553 0)
(1.07954 0.0242482 0)
(1.08093 0.0261952 0)
(1.01273 0.0244295 0)
(0.739777 0.0120376 0)
(0.241504 -0.00119708 0)
(0.232656 0.00115191 0)
(0.704148 -0.006995 0)
(0.996973 -0.0189667 0)
(1.0821 -0.0208757 0)
(1.08494 -0.0188186 0)
(1.0711 -0.0157477 0)
(1.05804 -0.0123286 0)
(1.048 -0.00854981 0)
(1.0404 -0.00444974 0)
(1.03575 1.97024e-05 0)
(1.03529 0.00463066 0)
(1.03909 0.00875139 0)
(1.04596 0.0123687 0)
(1.05596 0.0156306 0)
(1.06857 0.0185405 0)
(1.08205 0.0211234 0)
(1.07866 0.0227676 0)
(0.991954 0.0202762 0)
(0.697078 0.00754669 0)
(0.227721 -0.00100529 0)
(0.2262 0.00075784 0)
(0.673983 -0.00332347 0)
(0.978955 -0.0135108 0)
(1.07971 -0.0156512 0)
(1.08741 -0.0144698 0)
(1.07406 -0.0122438 0)
(1.06045 -0.00963508 0)
(1.04998 -0.00656552 0)
(1.04238 -0.00301748 0)
(1.03796 0.000820642 0)
(1.03724 0.00513489 0)
(1.0405 0.00861055 0)
(1.04742 0.0116151 0)
(1.05702 0.0140592 0)
(1.07038 0.0158003 0)
(1.08342 0.0175141 0)
(1.07471 0.0180603 0)
(0.971605 0.0150736 0)
(0.664657 0.00401615 0)
(0.219889 -0.000578804 0)
(0.224356 0.000416542 0)
(0.65657 -0.000670728 0)
(0.964169 -0.00753223 0)
(1.07628 -0.00968345 0)
(1.08906 -0.0094866 0)
(1.07659 -0.00804589 0)
(1.06256 -0.00656744 0)
(1.05163 -0.00444084 0)
(1.04378 -0.00153865 0)
(1.03935 0.00186621 0)
(1.03854 0.00579132 0)
(1.04163 0.00858359 0)
(1.04841 0.0106975 0)
(1.05855 0.0115576 0)
(1.07233 0.0125158 0)
(1.08367 0.0130856 0)
(1.06953 0.0124102 0)
(0.954499 0.00934714 0)
(0.644632 0.00146396 0)
(0.216339 -0.000267058 0)
(0.22479 0.000221572 0)
(0.648706 0.000432501 0)
(0.953845 -0.00338258 0)
(1.07314 -0.00522861 0)
(1.09015 -0.00556398 0)
(1.07939 -0.00475895 0)
(1.06573 -0.00361686 0)
(1.05512 -0.00207795 0)
(1.04712 0.000170946 0)
(1.04232 0.00297583 0)
(1.04113 0.00613165 0)
(1.04383 0.00823096 0)
(1.05034 0.00954645 0)
(1.06042 0.0104738 0)
(1.07302 0.0102929 0)
(1.08286 0.00997395 0)
(1.06403 0.00868142 0)
(0.941512 0.00566853 0)
(0.633812 0.000575134 0)
(0.214819 7.43403e-06 0)
(0.22607 -5.01073e-06 0)
(0.646419 0.000708814 0)
(0.94844 -0.00122093 0)
(1.0709 -0.00300033 0)
(1.09074 -0.00348123 0)
(1.0812 -0.00303547 0)
(1.06868 -0.00220459 0)
(1.05883 -0.000450875 0)
(1.05141 0.00181874 0)
(1.04668 0.00456494 0)
(1.04508 0.00725149 0)
(1.04704 0.00913006 0)
(1.0525 0.0100679 0)
(1.06051 0.010655 0)
(1.07226 0.00976318 0)
(1.0811 0.00889444 0)
(1.05898 0.00725359 0)
(0.932141 0.00424382 0)
(0.627494 0.000728552 0)
(0.213546 0.000167343 0)
(0.22743 8.94881e-05 0)
(0.646539 0.000889484 0)
(0.944579 1.95542e-05 0)
(1.06856 -0.00131763 0)
(1.09003 -0.00194169 0)
(1.08143 -0.00190973 0)
(1.06974 -0.00128881 0)
(1.06043 0.000532477 0)
(1.05344 0.00290538 0)
(1.04883 0.00598655 0)
(1.04687 0.00876308 0)
(1.04814 0.0108087 0)
(1.05269 0.0115505 0)
(1.05995 0.011225 0)
(1.07091 0.0103019 0)
(1.07756 0.00907379 0)
(1.05304 0.00680722 0)
(0.923669 0.00366385 0)
(0.621823 0.000920875 0)
(0.211437 0.00022327 0)
(0.229354 0.000296732 0)
(0.647668 0.00121276 0)
(0.941812 0.00133101 0)
(1.06612 0.000138571 0)
(1.08874 -0.000732182 0)
(1.08129 -0.000831624 0)
(1.07034 2.81077e-05 0)
(1.06143 0.00194087 0)
(1.05448 0.00450904 0)
(1.04963 0.00784603 0)
(1.04729 0.0106759 0)
(1.04807 0.0127722 0)
(1.05189 0.0133363 0)
(1.05847 0.012739 0)
(1.06799 0.0114082 0)
(1.07285 0.0091478 0)
(1.0464 0.00620244 0)
(0.916236 0.00301554 0)
(0.617283 0.000865072 0)
(0.209515 0.00020662 0)
(0.232616 0.000407115 0)
(0.651111 0.00156769 0)
(0.941775 0.00259899 0)
(1.06374 0.00184735 0)
(1.08756 0.00111887 0)
(1.08202 0.000836093 0)
(1.0724 0.00173125 0)
(1.06423 0.00373341 0)
(1.05744 0.00655006 0)
(1.05209 0.0100145 0)
(1.04894 0.0128241 0)
(1.04873 0.0147343 0)
(1.0514 0.0150628 0)
(1.05667 0.0144503 0)
(1.06419 0.0126634 0)
(1.06694 0.00991154 0)
(1.03868 0.00649431 0)
(0.908563 0.00314202 0)
(0.61233 0.00109256 0)
(0.207267 0.000262166 0)
(0.235928 0.00040012 0)
(0.655216 0.00184778 0)
(0.94305 0.00343261 0)
(1.06243 0.00316686 0)
(1.0869 0.00271672 0)
(1.08314 0.00273928 0)
(1.07518 0.00419034 0)
(1.06788 0.00655737 0)
(1.06126 0.00966702 0)
(1.05541 0.0131628 0)
(1.05131 0.0158351 0)
(1.04999 0.0172672 0)
(1.05126 0.0172312 0)
(1.05515 0.0160389 0)
(1.0603 0.0137611 0)
(1.06079 0.0105213 0)
(1.03087 0.00682645 0)
(0.901391 0.00354542 0)
(0.607492 0.00148431 0)
(0.204627 0.000346014 0)
(0.240867 0.00049297 0)
(0.663116 0.0023838 0)
(0.946422 0.00439834 0)
(1.06271 0.00504519 0)
(1.08693 0.00506504 0)
(1.08464 0.00553336 0)
(1.07804 0.00718803 0)
(1.07135 0.00983321 0)
(1.06478 0.0132703 0)
(1.05837 0.0168223 0)
(1.05323 0.0193816 0)
(1.05068 0.0202264 0)
(1.05045 0.0196462 0)
(1.05258 0.0178687 0)
(1.05551 0.0152415 0)
(1.05398 0.0117558 0)
(1.02286 0.00802475 0)
(0.893816 0.004558 0)
(0.600978 0.00200617 0)
(0.200793 0.000448118 0)
(0.245573 0.000628641 0)
(0.669254 0.00278905 0)
(0.950376 0.00539842 0)
(1.06442 0.006711 0)
(1.08826 0.00772626 0)
(1.08689 0.00912282 0)
(1.08115 0.0114823 0)
(1.07466 0.0146058 0)
(1.06768 0.0182272 0)
(1.06028 0.0216969 0)
(1.05379 0.0238684 0)
(1.04976 0.0239478 0)
(1.04812 0.0225394 0)
(1.04857 0.0200155 0)
(1.0497 0.0166474 0)
(1.04639 0.0126926 0)
(1.014 0.00866053 0)
(0.884986 0.00517187 0)
(0.593269 0.00238802 0)
(0.196213 0.000530056 0)
(0.25341 0.000861648 0)
(0.681675 0.00385844 0)
(0.958669 0.00759531 0)
(1.06829 0.00999044 0)
(1.09115 0.0117001 0)
(1.0904 0.0137985 0)
(1.08511 0.0167407 0)
(1.07862 0.0202639 0)
(1.07098 0.0241212 0)
(1.06236 0.027419 0)
(1.05425 0.0289587 0)
(1.04857 0.0280938 0)
(1.04545 0.0255898 0)
(1.04427 0.0222632 0)
(1.04378 0.0183363 0)
(1.03902 0.0142734 0)
(1.00581 0.0103065 0)
(0.876495 0.00649221 0)
(0.584357 0.00296629 0)
(0.190568 0.000632933 0)
(0.261453 0.00113149 0)
(0.692986 0.00457412 0)
(0.96761 0.00914061 0)
(1.0745 0.0125084 0)
(1.0965 0.0157919 0)
(1.09567 0.0192587 0)
(1.09032 0.0232176 0)
(1.08322 0.0275714 0)
(1.07448 0.031858 0)
(1.06415 0.0350381 0)
(1.05395 0.035801 0)
(1.04621 0.0338644 0)
(1.04132 0.0302914 0)
(1.03842 0.026024 0)
(1.0364 0.0213379 0)
(1.03022 0.0165042 0)
(0.99536 0.0117719 0)
(0.864372 0.00753856 0)
(0.572499 0.00352012 0)
(0.183675 0.000761126 0)
(0.274416 0.00150814 0)
(0.712369 0.00660638 0)
(0.981998 0.0127405 0)
(1.08377 0.0175318 0)
(1.10375 0.0214377 0)
(1.10262 0.0259959 0)
(1.09662 0.0310664 0)
(1.08846 0.0363026 0)
(1.07804 0.0409901 0)
(1.06548 0.0439953 0)
(1.05288 0.0438067 0)
(1.04298 0.0405214 0)
(1.03638 0.0356026 0)
(1.03204 0.0301401 0)
(1.02871 0.0245867 0)
(1.02142 0.0194885 0)
(0.985682 0.0146286 0)
(0.853622 0.00968769 0)
(0.560097 0.00445426 0)
(0.175589 0.0009182 0)
(0.289118 0.00210561 0)
(0.733632 0.0077957 0)
(0.998651 0.0155867 0)
(1.09581 0.0218363 0)
(1.11406 0.0278233 0)
(1.11175 0.0344192 0)
(1.1044 0.040904 0)
(1.09443 0.0472532 0)
(1.08166 0.0525685 0)
(1.06635 0.0553466 0)
(1.05087 0.0540957 0)
(1.03846 0.0493905 0)
(1.02982 0.0431491 0)
(1.02382 0.0365252 0)
(1.01923 0.0299936 0)
(1.01051 0.0235406 0)
(0.971962 0.0173265 0)
(0.835428 0.0113312 0)
(0.541393 0.00522481 0)
(0.165089 0.00109307 0)
(0.310839 0.00300414 0)
(0.762989 0.0118048 0)
(1.02147 0.0215271 0)
(1.11225 0.0298289 0)
(1.12746 0.0371837 0)
(1.12339 0.0453067 0)
(1.11383 0.0534464 0)
(1.10111 0.0610153 0)
(1.08519 0.0667584 0)
(1.06633 0.0690351 0)
(1.04739 0.0664912 0)
(1.03228 0.0600646 0)
(1.02165 0.0520893 0)
(1.0141 0.0436911 0)
(1.00816 0.0356829 0)
(0.998214 0.0284304 0)
(0.95825 0.0214656 0)
(0.820459 0.0143983 0)
(0.523988 0.00656933 0)
(0.153739 0.00124122 0)
(0.341144 0.00414764 0)
(0.803387 0.0145307 0)
(1.05109 0.0283757 0)
(1.13323 0.0393346 0)
(1.14483 0.0490282 0)
(1.13764 0.0602584 0)
(1.12479 0.0701945 0)
(1.10841 0.0787696 0)
(1.08858 0.0845913 0)
(1.0657 0.0860028 0)
(1.04312 0.0816411 0)
(1.02504 0.0730633 0)
(1.01204 0.0632065 0)
(1.0027 0.0534092 0)
(0.995322 0.0440588 0)
(0.983345 0.0351305 0)
(0.9389 0.0263918 0)
(0.792437 0.0172348 0)
(0.494275 0.00754892 0)
(0.138067 0.0014206 0)
(0.377475 0.00814265 0)
(0.85151 0.0242123 0)
(1.08831 0.0403845 0)
(1.15945 0.054397 0)
(1.1665 0.0672263 0)
(1.15449 0.0808743 0)
(1.13719 0.0917815 0)
(1.11606 0.100873 0)
(1.09139 0.106122 0)
(1.06369 0.105907 0)
(1.03665 0.0993207 0)
(1.01529 0.0885383 0)
(1.00005 0.0765621 0)
(0.988912 0.0645574 0)
(0.979893 0.0533191 0)
(0.965872 0.0426979 0)
(0.918082 0.0321888 0)
(0.770154 0.0215042 0)
(0.470606 0.00972542 0)
(0.123925 0.00142281 0)
(0.461734 0.0117108 0)
(0.928914 0.0341178 0)
(1.13769 0.0599242 0)
(1.19212 0.0773629 0)
(1.19241 0.0945127 6.36529e-35)
(1.17335 0.109301 -4.51781e-35)
(1.14992 0.120808 0)
(1.123 0.129307 0)
(1.09291 0.132862 0)
(1.06018 0.130245 0)
(1.02907 0.120707 0)
(1.00455 0.106803 0)
(0.986497 0.0922927 0)
(0.973155 0.0784916 0)
(0.962137 0.0655288 0)
(0.945087 0.0533652 0)
(0.890771 0.040907 0)
(0.728095 0.0269338 0)
(0.420676 0.0105014 0)
(0.0992105 0.00122817 0)
(0.527421 0.0268782 -8.31847e-21)
(1.01713 0.0586847 5.63563e-21)
(1.19206 0.0923739 0)
(1.22805 0.113474 4.49178e-22)
(1.2189 0.133392 -3.63998e-22)
(1.19175 0.147653 4.76646e-35)
(1.16175 0.158163 0)
(1.12863 0.164751 4.60345e-21)
(1.09248 0.165935 -1.65805e-20)
(1.05368 0.160307 3.67864e-21)
(1.01696 0.147277 0)
(0.987931 0.130692 -1.2215e-20)
(0.966993 0.114119 -1.53199e-20)
(0.951032 0.0981399 2.69486e-20)
(0.936867 0.0832602 -2.1692e-20)
(0.914543 0.0684741 0)
(0.849448 0.0524195 -8.36749e-21)
(0.673395 0.0349599 0)
(0.373615 0.0166413 -4.52194e-20)
(0.0817573 0.00219681 5.36124e-20)
(0.554218 0.0544968 3.99594e-23)
(1.06773 0.102924 -4.75984e-20)
(1.23526 0.144338 1.2286e-20)
(1.26094 0.162529 1.88127e-20)
(1.24262 0.181498 -1.57688e-23)
(1.20803 0.193624 7.80974e-22)
(1.17148 0.202225 0)
(1.13184 0.20678 0)
(1.08921 0.205723 2.59019e-20)
(1.0443 0.197502 0)
(1.0025 0.182158 4.18116e-20)
(0.969155 0.163369 1.31049e-20)
(0.942857 0.144637 3.59705e-22)
(0.921996 0.127439 -3.02862e-20)
(0.903855 0.111592 0)
(0.87797 0.0970526 0)
(0.81148 0.0789378 -1.41671e-19)
(0.643549 0.0583886 3.55871e-19)
(0.361852 0.0290298 -2.11533e-19)
(0.0822776 0.00803125 -2.51624e-19)
(0.55677 0.0809377 8.14653e-20)
(1.09588 0.161302 -2.3925e-20)
(1.26733 0.20743 -6.40697e-21)
(1.2872 0.222394 -3.59566e-20)
(1.26136 0.237779 1.36661e-20)
(1.22058 0.245886 3.22052e-21)
(1.17789 0.251236 3.00424e-21)
(1.13202 0.252838 0)
(1.08337 0.248818 -5.34992e-20)
(1.03241 0.237593 6.04649e-20)
(0.983942 0.219202 -1.14366e-19)
(0.944407 0.198051 5.59062e-20)
(0.915587 0.179033 -4.1563e-20)
(0.892873 0.161727 9.08867e-20)
(0.871764 0.146005 0)
(0.844182 0.131079 -3.58657e-20)
(0.780687 0.114193 0)
(0.62692 0.0858089 2.04752e-19)
(0.36472 0.0496935 -4.85979e-19)
(0.0953483 0.0135184 3.05077e-19)
(0.544047 0.112687 -3.83124e-19)
(1.10957 0.220731 1.53162e-19)
(1.28673 0.275437 2.47283e-20)
(1.30481 0.287478 0)
(1.27395 0.298777 1.99464e-20)
(1.22848 0.302248 -2.18037e-20)
(1.18053 0.30371 -3.06976e-21)
(1.1293 0.301538 0)
(1.07541 0.293772 3.77094e-20)
(1.01916 0.27885 -4.14454e-20)
(0.966737 0.257413 1.00506e-19)
(0.925197 0.235365 0)
(0.891419 0.214923 -8.7456e-20)
(0.86404 0.197563 4.81145e-20)
(0.841479 0.182049 1.31388e-19)
(0.81426 0.167384 -1.15582e-19)
(0.755445 0.148968 1.91787e-19)
(0.616037 0.116938 -4.264e-19)
(0.374672 0.0712156 2.70818e-19)
(0.107122 0.021434 -3.39967e-19)
(0.525981 0.136943 2.35535e-19)
(1.1105 0.276068 -1.73545e-19)
(1.29603 0.343218 7.72971e-20)
(1.31406 0.353105 -1.06742e-19)
(1.27973 0.361082 7.23342e-20)
(1.23107 0.360267 -1.22985e-20)
(1.17919 0.357767 3.69301e-21)
(1.12391 0.351504 -2.30383e-20)
(1.06566 0.339873 -3.73592e-20)
(1.00464 0.321468 -8.90147e-20)
(0.947188 0.297763 -2.16923e-19)
(0.900119 0.272548 -7.34166e-20)
(0.865765 0.251259 2.76436e-21)
(0.839533 0.233179 -1.7376e-19)
(0.81654 0.217926 -6.31433e-21)
(0.789845 0.202195 1.69753e-19)
(0.736088 0.183287 -5.28511e-20)
(0.608377 0.1479 -3.09779e-20)
(0.38069 0.0932328 0)
(0.114216 0.0289023 7.28188e-19)
(0.506358 0.158672 0)
(1.10166 0.327286 5.35766e-20)
(1.29764 0.407526 0)
(1.31711 0.416948 -1.21702e-20)
(1.28021 0.422861 -8.75446e-20)
(1.22928 0.418122 1.97647e-20)
(1.17444 0.411878 -4.3715e-22)
(1.11582 0.401665 4.20657e-20)
(1.05368 0.386285 -2.26574e-20)
(0.988504 0.36432 3.86746e-20)
(0.927605 0.33614 1.17038e-19)
(0.879841 0.30939 1.62711e-19)
(0.843322 0.286779 -1.0181e-19)
(0.814455 0.267481 1.88396e-19)
(0.791984 0.251104 -1.51462e-19)
(0.767923 0.236496 0)
(0.719225 0.216563 -4.0505e-19)
(0.600612 0.178655 5.44521e-19)
(0.38213 0.113278 4.12535e-20)
(0.116952 0.0357157 -7.70926e-19)
(0.49008 0.179341 -5.60497e-21)
(1.0913 0.376557 -1.40942e-19)
(1.29417 0.46887 -4.24152e-19)
(1.31491 0.478199 2.34736e-19)
(1.27589 0.482713 -5.22982e-20)
(1.22352 0.47456 2.89923e-20)
(1.16655 0.464988 -1.38481e-20)
(1.10538 0.451183 -1.80577e-21)
(1.04027 0.432197 -7.80901e-20)
(0.972132 0.406441 8.81734e-22)
(0.90942 0.375601 -1.27509e-19)
(0.860068 0.346338 -1.73299e-19)
(0.823682 0.321407 1.14892e-19)
(0.796378 0.301017 -6.77576e-20)
(0.772623 0.284447 1.64968e-19)
(0.747143 0.268091 0)
(0.699994 0.246183 -2.51097e-19)
(0.587512 0.205631 3.71462e-19)
(0.376379 0.131218 7.11711e-19)
(0.115639 0.0405866 -8.36125e-19)
(0.474937 0.197544 -6.93906e-19)
(1.07702 0.422113 3.50618e-19)
(1.2869 0.526872 2.73435e-19)
(1.30889 0.536686 -2.54537e-19)
(1.26827 0.540033 1.11964e-20)
(1.21495 0.528845 7.68007e-20)
(1.15636 0.516389 9.2062e-22)
(1.09321 0.499312 -1.54604e-20)
(1.0258 0.47693 -4.87918e-20)
(0.95528 0.447407 8.60969e-20)
(0.88947 0.412698 1.19777e-19)
(0.837092 0.378977 2.71507e-19)
(0.798551 0.352224 0)
(0.768685 0.329958 5.47352e-21)
(0.747185 0.311896 -4.59237e-19)
(0.726272 0.297461 1.05421e-19)
(0.684691 0.275197 5.39456e-19)
(0.576085 0.229324 -1.58208e-19)
(0.365883 0.145843 3.37442e-19)
(0.11184 0.0440952 -2.8021e-20)
(0.465188 0.216274 6.31078e-21)
(1.0641 0.466147 3.24248e-19)
(1.2771 0.582227 2.07358e-19)
(1.29997 0.592249 -4.52903e-19)
(1.25798 0.59427 2.9021e-19)
(1.20409 0.580437 -9.40612e-20)
(1.1443 0.56559 -4.47188e-21)
(1.07963 0.54568 3.03507e-20)
(1.01017 0.520231 8.47072e-20)
(0.937047 0.487648 -1.12057e-19)
(0.868951 0.449522 0)
(0.817499 0.414666 -1.0752e-19)
(0.780827 0.385887 1.23442e-19)
(0.754228 0.362906 1.67095e-19)
(0.729247 0.343004 -9.58049e-20)
(0.704183 0.323688 -2.42645e-19)
(0.660946 0.298468 -7.38105e-20)
(0.556427 0.248159 -1.21411e-21)
(0.353313 0.156638 0)
(0.106338 0.0470618 0)
(0.456224 0.231922 -3.42427e-19)
(1.05026 0.507141 0)
(1.26553 0.63441 2.3733e-19)
(1.28935 0.645275 -1.09113e-19)
(1.24631 0.645822 -3.02049e-19)
(1.19192 0.629345 8.32546e-20)
(1.13105 0.612381 -1.07413e-20)
(1.06509 0.59001 -1.18125e-20)
(0.99396 0.561902 5.13239e-20)
(0.919066 0.526123 -4.71703e-20)
(0.849285 0.484253 6.70997e-20)
(0.793662 0.444658 3.356e-19)
(0.751782 0.411559 1.33598e-20)
(0.720232 0.384458 -1.70368e-19)
(0.701375 0.362531 3.30253e-19)
(0.683237 0.347087 4.45672e-21)
(0.645547 0.319614 7.89691e-20)
(0.541688 0.266383 -3.84451e-19)
(0.339484 0.165403 3.89758e-19)
(0.10008 0.0488948 -4.65557e-19)
(0.449759 0.251519 3.21047e-23)
(1.03778 0.546628 0)
(1.25309 0.683481 0)
(1.27738 0.695422 1.02046e-19)
(1.23344 0.694545 1.18097e-19)
(1.17873 0.675634 -6.99008e-20)
(1.11691 0.656761 4.76881e-20)
(1.04981 0.632186 0)
(0.977114 0.601799 -8.53619e-20)
(0.899732 0.563363 1.64003e-19)
(0.826755 0.519019 2.06247e-19)
(0.770634 0.476708 -1.26822e-19)
(0.733439 0.442195 -1.59512e-19)
(0.708321 0.414752 3.77574e-19)
(0.683791 0.392588 -1.16793e-19)
(0.659469 0.367181 -1.42017e-19)
(0.618221 0.338897 -8.70397e-20)
(0.518456 0.278693 -4.17213e-19)
(0.324132 0.171854 5.84993e-20)
(0.0930122 0.0497039 5.06068e-19)
(0.446139 0.270393 -1.36739e-19)
(1.02599 0.583533 -2.15983e-19)
(1.24007 0.729267 2.37287e-20)
(1.26491 0.742775 1.07093e-22)
(1.22029 0.740783 3.93952e-20)
(1.16518 0.719546 -1.85566e-19)
(1.10243 0.698835 0)
(1.03429 0.672258 1.13261e-20)
(0.960088 0.639924 -8.93085e-21)
(0.88073 0.599038 2.57404e-19)
(0.805475 0.55091 -5.24664e-20)
(0.748007 0.504321 5.77258e-20)
(0.70545 0.465323 0)
(0.672185 0.433141 -2.06319e-19)
(0.653168 0.405001 2.57817e-19)
(0.636789 0.386773 0)
(0.601471 0.352932 -1.90856e-19)
(0.500057 0.291126 5.58016e-19)
(0.307751 0.176257 6.64942e-20)
(0.0854888 0.049396 -6.27313e-19)
(0.444085 0.287404 -3.03312e-19)
(1.0156 0.618822 3.89004e-19)
(1.22694 0.772276 0)
(1.25175 0.787214 2.53771e-19)
(1.20654 0.784274 0)
(1.15125 0.761091 1.74537e-19)
(1.0878 0.738738 0)
(1.01866 0.710343 0)
(0.942895 0.676277 -3.039e-20)
(0.861417 0.633543 -2.51606e-19)
(0.783976 0.583643 -3.8363e-19)
(0.724037 0.534863 7.34986e-20)
(0.682259 0.492071 2.75721e-19)
(0.658117 0.457798 2.3259e-19)
(0.63578 0.431101 -8.27367e-19)
(0.612087 0.402089 -3.42782e-19)
(0.571911 0.368292 1.99186e-19)
(0.474248 0.298397 0)
(0.289964 0.178354 5.75824e-19)
(0.0772318 0.0480702 -6.80949e-19)
(0.442503 0.303147 3.34514e-19)
(1.0051 0.651356 -4.27432e-19)
(1.21374 0.81204 0)
(1.23861 0.828749 -1.01827e-20)
(1.19299 0.825208 -1.04444e-19)
(1.13752 0.800384 0)
(1.07341 0.776583 -1.5355e-20)
(1.00345 0.746589 1.86581e-20)
(0.926611 0.711092 -3.55984e-20)
(0.843659 0.666706 2.3869e-20)
(0.763582 0.613691 0)
(0.699914 0.560544 2.9274e-19)
(0.655981 0.515706 3.8714e-21)
(0.620436 0.476207 1.26412e-19)
(0.602092 0.442442 1.526e-19)
(0.58739 0.416933 0)
(0.552859 0.375242 -3.37158e-19)
(0.453982 0.304608 6.60832e-19)
(0.271551 0.17823 -7.03998e-19)
(0.0691268 0.045611 1.47921e-18)
(0.441116 0.318118 0)
(0.995754 0.683023 0)
(1.20085 0.849558 -2.34726e-19)
(1.22526 0.867546 0)
(1.1792 0.863376 0)
(1.12378 0.837313 2.49513e-19)
(1.05935 0.812357 -1.92522e-20)
(0.988818 0.781029 1.683e-20)
(0.910839 0.744259 -1.21715e-21)
(0.825536 0.698462 0)
(0.742444 0.644126 -6.18649e-20)
(0.676867 0.590181 -2.42954e-19)
(0.629327 0.540006 -3.06063e-19)
(0.603841 0.497463 -1.2758e-19)
(0.581528 0.462866 1.68201e-19)
(0.559861 0.425382 -3.99745e-19)
(0.521839 0.387766 7.30163e-19)
(0.425711 0.306422 7.37113e-21)
(0.252248 0.175806 -6.81402e-19)
(0.0609801 0.0424281 -1.01155e-19)
(0.439606 0.332712 0)
(0.986201 0.712271 -3.32828e-19)
(1.18815 0.884303 2.62034e-19)
(1.21226 0.903793 0)
(1.16591 0.89911 0)
(1.11051 0.871945 -5.51133e-19)
(1.0458 0.846046 0)
(0.974727 0.813617 0)
(0.895639 0.775812 -5.5893e-20)
(0.80822 0.729128 4.81264e-20)
(0.721799 0.673544 -4.88417e-19)
(0.651954 0.615584 0)
(0.603262 0.56216 -3.3249e-19)
(0.563549 0.513835 1.16489e-20)
(0.544575 0.468691 -5.37633e-19)
(0.532494 0.437668 2.16781e-19)
(0.500857 0.384017 3.94842e-21)
(0.405829 0.30479 -7.81511e-19)
(0.234653 0.17153 3.70684e-19)
(0.0549522 0.0392009 1.08224e-19)
(0.43819 0.346812 0)
(0.977839 0.740886 -3.92227e-19)
(1.17594 0.917269 2.7868e-19)
(1.19936 0.937702 5.86295e-19)
(1.15266 0.932331 1.19425e-19)
(1.09741 0.904296 -8.33936e-20)
(1.03253 0.87764 5.21693e-20)
(0.961062 0.844362 -1.06767e-19)
(0.880996 0.805848 5.97895e-20)
(0.792152 0.758713 2.86531e-19)
(0.704386 0.702463 4.05012e-19)
(0.631589 0.642747 7.85131e-20)
(0.575318 0.586288 4.83161e-19)
(0.544855 0.534662 3.1514e-19)
(0.521594 0.490022 3.88407e-19)
(0.500388 0.437643 -2.43294e-19)
(0.46638 0.390273 -2.88777e-19)
(0.376647 0.29976 3.40277e-19)
(0.214776 0.162359 -2.01057e-19)
(0.0504104 0.0373552 3.5392e-19)
(0.43669 0.360408 5.16681e-19)
(0.969289 0.767033 6.22889e-19)
(1.164 0.947796 1.52863e-19)
(1.18698 0.969452 1.59807e-20)
(1.14009 0.963478 -4.14233e-19)
(1.08488 0.934533 1.5963e-19)
(1.01984 0.907221 -5.95226e-20)
(0.948004 0.87325 -2.11708e-20)
(0.867213 0.834135 -4.75325e-20)
(0.776605 0.786348 -3.21359e-19)
(0.684161 0.728885 2.38684e-20)
(0.60525 0.667929 0)
(0.549338 0.61091 0)
(0.500957 0.55309 -1.59893e-19)
(0.47645 0.493539 -6.39291e-19)
(0.465633 0.444731 5.28021e-19)
(0.441985 0.369523 3.23687e-19)
(0.364926 0.279179 0)
(0.216894 0.14142 6.41578e-19)
(0.0451486 0.0193247 -3.83968e-19)
(0.435338 0.373223 -2.7604e-19)
(0.96175 0.792511 2.38342e-19)
(1.15257 0.97677 -3.41024e-19)
(1.17484 0.999159 -3.67917e-19)
(1.12771 0.992463 -1.63165e-19)
(1.07268 0.962767 3.84683e-20)
(1.00755 0.934868 0)
(0.935559 0.900371 1.53457e-19)
(0.853999 0.860964 9.71384e-21)
(0.761626 0.813479 0)
(0.667057 0.757529 0)
(0.585205 0.698395 5.52309e-20)
(0.518443 0.636216 8.54995e-20)
(0.480224 0.574205 -1.72328e-19)
(0.448467 0.51704 4.6245e-19)
(0.423435 0.438537 -5.81459e-19)
(0.39536 0.365443 -6.96582e-19)
(0.341181 0.256248 6.18766e-19)
(0.240113 0.1545 -2.31513e-19)
(0.126791 0.0961181 1.32658e-19)
(0.433709 0.38525 3.1836e-19)
(0.953888 0.815493 0)
(1.14141 1.00344 0)
(1.16328 1.02691 -1.24006e-19)
(1.11609 1.01967 1.00369e-19)
(1.06116 0.989198 -2.05367e-20)
(0.995973 0.960752 -2.2653e-19)
(0.923754 0.925848 -2.33294e-19)
(0.841729 0.886181 3.39449e-20)
(0.74843 0.838363 -2.61837e-20)
(0.652479 0.781464 6.39757e-20)
(0.566743 0.721052 -4.51839e-19)
(0.497965 0.662801 -5.01293e-19)
(0.433059 0.599717 -9.18718e-20)
(0.392035 0.521992 0)
(0.370104 0.452867 -1.31034e-20)
(0.351026 0.3187 3.83228e-19)
(0.311614 0.161866 -6.49047e-19)
(0.275246 -0.00340989 4.80388e-19)
(0.0834734 -0.0819795 3.83205e-19)
(0.432206 0.396601 -6.93915e-19)
(0.946858 0.837989 -2.9907e-19)
(1.13069 1.0289 6.17552e-21)
(1.1519 1.05302 1.57528e-19)
(1.10459 1.04523 0)
(1.04989 1.01425 4.72422e-19)
(0.984735 0.985472 2.82512e-19)
(0.912482 0.950307 -4.59902e-20)
(0.829999 0.910628 -3.23086e-21)
(0.735001 0.863796 -2.45026e-20)
(0.633776 0.81032 2.27582e-20)
(0.540966 0.753694 3.99624e-19)
(0.462596 0.689697 4.90095e-19)
(0.411068 0.622941 8.84306e-20)
(0.362913 0.559717 4.90847e-19)
(0.305988 0.451456 0)
(0.212468 0.320318 0)
(0.0574617 0.302671 4.81536e-19)
(-0.061626 0.631278 -3.34191e-20)
(-0.000695706 1.48932 -6.20197e-19)
(0.430238 0.407356 3.77516e-19)
(0.939484 0.858262 8.97334e-19)
(1.12018 1.05244 -1.3499e-18)
(1.141 1.0777 8.14389e-19)
(1.09367 1.06968 -9.56054e-20)
(1.03912 1.03833 6.15508e-19)
(0.973958 1.00938 0)
(0.901547 0.974211 2.40172e-19)
(0.818431 0.934934 0)
(0.722488 0.888665 2.19473e-19)
(0.622484 0.834069 -3.66218e-20)
(0.530429 0.776912 4.10624e-20)
(0.449482 0.724821 5.41494e-19)
(0.360678 0.665535 -2.01257e-19)
(0.276533 0.582547 -2.57767e-19)
(0.209237 0.517136 0)
(0.111085 0.602628 0)
(0.0440153 1.22951 0)
(0.0812391 2.41658 -2.70933e-19)
(0.113174 2.888 -1.68051e-19)
(0.428397 0.417756 0)
(0.932937 0.87821 0)
(1.11014 1.07504 4.82925e-19)
(1.13032 1.10099 -6.78907e-19)
(1.0829 1.09272 4.66868e-19)
(1.02858 1.06125 -5.64232e-19)
(0.963476 1.03237 -3.27432e-20)
(0.891011 0.99747 2.54942e-20)
(0.80775 0.95872 4.11717e-21)
(0.710773 0.91379 -2.49104e-19)
(0.604887 0.863987 5.49392e-20)
(0.504061 0.813898 3.72846e-19)
(0.410196 0.75806 -5.33206e-19)
(0.340223 0.693722 -6.2729e-19)
(0.276202 0.647671 2.19719e-19)
(0.2115 0.763574 0)
(0.15085 1.47589 3.17746e-19)
(0.150072 2.66176 3.57355e-19)
(0.154275 3.07736 -3.99947e-19)
(0.145192 3.21777 4.43788e-19)
(0.426173 0.427138 0)
(0.926032 0.895898 7.28647e-19)
(1.10032 1.09579 -1.25146e-19)
(1.12017 1.12291 8.5385e-19)
(1.07275 1.11466 -4.90049e-19)
(1.0186 1.08316 0)
(0.953544 1.05445 0)
(0.881135 1.01988 0)
(0.797377 0.982031 -8.92819e-20)
(0.699195 0.93888 8.7234e-22)
(0.594317 0.889583 0)
(0.493379 0.839664 -3.63266e-19)
(0.408846 0.795627 0)
(0.29746 0.752512 4.45919e-19)
(0.219856 0.831163 -2.89023e-19)
(0.176411 1.43264 -2.43135e-19)
(0.185665 2.65258 -5.99885e-19)
(0.204734 3.12489 -2.98155e-19)
(0.193998 3.27348 -3.38599e-19)
(0.178696 3.31503 2.97331e-19)
(0.424175 0.436028 -2.46093e-19)
(0.919939 0.913431 1.48036e-20)
(1.091 1.11582 -1.34807e-19)
(1.11028 1.14363 -6.83443e-19)
(1.06276 1.13534 0)
(1.00884 1.10399 0)
(0.943841 1.07563 0)
(0.871368 1.0417 -1.66354e-20)
(0.787648 1.00498 1.03076e-19)
(0.689489 0.963384 0)
(0.580976 0.918457 0)
(0.479234 0.877601 0)
(0.370347 0.840406 0)
(0.311118 0.835483 2.90152e-19)
(0.290009 1.17941 7.60722e-19)
(0.284209 2.31705 2.38137e-19)
(0.294622 3.07879 4.29722e-19)
(0.28631 3.2939 -2.68804e-19)
(0.234494 3.36352 9.92359e-20)
(0.199865 3.37642 0)
(0.421791 0.444227 2.49345e-19)
(0.913233 0.929155 -1.57087e-18)
(1.08165 1.13462 -4.44971e-19)
(1.10069 1.16367 -1.08733e-19)
(1.05317 1.15557 1.25061e-19)
(0.999426 1.1244 -8.83833e-19)
(0.934534 1.09642 6.00494e-20)
(0.862387 1.06313 4.20656e-19)
(0.778629 1.02747 0)
(0.679389 0.988695 -1.3984e-20)
(0.571471 0.947684 1.27211e-20)
(0.462157 0.906874 0)
(0.380863 0.878996 0)
(0.332912 1.00236 -3.59722e-19)
(0.305837 1.81643 -4.83629e-21)
(0.301042 2.91965 -1.22679e-19)
(0.318636 3.29734 1.94488e-19)
(0.291775 3.40304 5.90637e-20)
(0.222751 3.43013 1.11077e-19)
(0.196079 3.43871 -5.73825e-20)
(0.419359 0.452571 4.80295e-19)
(0.906756 0.946425 1.50221e-18)
(1.07199 1.15451 5.47194e-19)
(1.09054 1.18418 0)
(1.04301 1.17606 0)
(0.989584 1.14504 6.77108e-19)
(0.924898 1.11743 -4.20333e-19)
(0.852851 1.08478 -3.86545e-19)
(0.769224 1.05057 -1.55682e-20)
(0.67094 1.01343 1.25485e-20)
(0.561968 0.973596 -2.44861e-19)
(0.459403 0.940961 0)
(0.379764 0.956743 0)
(0.354579 1.33169 -1.95177e-19)
(0.36815 2.41697 -2.5667e-19)
(0.410856 3.1978 0)
(0.438547 3.38917 8.75391e-20)
(0.368001 3.45651 2.18869e-19)
(0.290581 3.50156 -4.82327e-19)
(0.264465 3.52761 2.80299e-19)
(0.415943 0.461061 -9.09739e-19)
(0.898719 0.96296 -7.14602e-19)
(1.06128 1.17457 0)
(1.07976 1.20549 0)
(1.03239 1.19749 0)
(0.979286 1.16649 0)
(0.914897 1.13913 4.49094e-19)
(0.843479 1.10708 -4.96264e-19)
(0.760576 1.07379 0)
(0.662152 1.03943 -5.57671e-21)
(0.554454 1.00778 3.97664e-19)
(0.447971 0.985328 2.1339e-20)
(0.396141 1.06001 3.72789e-20)
(0.413406 1.7049 2.83309e-19)
(0.443394 2.86543 -7.25694e-20)
(0.478557 3.33218 0)
(0.459657 3.46764 -7.77708e-20)
(0.367104 3.55727 1.03839e-19)
(0.278452 3.63048 3.58444e-19)
(0.201114 3.61186 -3.14674e-19)
(0.412473 0.469974 4.31175e-19)
(0.890702 0.982115 -7.0207e-19)
(1.04982 1.19655 0)
(1.06793 1.2278 -1.74616e-19)
(1.02072 1.21957 6.63239e-19)
(0.968149 1.18848 0)
(0.904294 1.16127 0)
(0.833507 1.12954 9.27391e-19)
(0.751062 1.09743 1.64197e-20)
(0.653896 1.06538 -1.06098e-19)
(0.545509 1.03239 -1.63938e-19)
(0.460409 1.01958 1.33692e-19)
(0.428083 1.23134 0)
(0.463022 2.10601 -1.30268e-19)
(0.510499 3.12855 1.13338e-19)
(0.569197 3.44212 -4.86479e-20)
(0.565382 3.55023 0)
(0.491065 3.65276 -2.04782e-19)
(0.412718 3.69935 -7.83168e-19)
(0.327126 3.67063 -1.98089e-19)
(0.407535 0.478508 -8.36565e-19)
(0.880593 0.999996 9.98977e-19)
(1.03703 1.2185 7.43495e-19)
(1.05534 1.25091 -1.92711e-19)
(1.00845 1.24261 -1.01165e-18)
(0.956435 1.21129 0)
(0.893168 1.18402 3.88283e-19)
(0.823192 1.15274 -3.78926e-19)
(0.74201 1.12171 -3.88176e-20)
(0.646442 1.09123 9.03203e-20)
(0.539089 1.06824 9.46106e-22)
(0.46085 1.08873 -1.48958e-19)
(0.461747 1.42284 1.27105e-19)
(0.536098 2.48009 -1.97656e-20)
(0.609623 3.30111 1.33158e-19)
(0.667781 3.50565 -3.65887e-19)
(0.625343 3.57446 0)
(0.556875 3.5905 0)
(0.449349 3.56276 -9.06251e-19)
(0.198708 3.36275 1.8034e-18)
(0.402403 0.487828 3.96621e-19)
(0.870455 1.0211 9.63525e-19)
(1.0234 1.24274 -7.32069e-19)
(1.04155 1.27508 7.18862e-19)
(0.995049 1.26623 9.99835e-19)
(0.943874 1.2345 0)
(0.881562 1.20714 -4.22328e-19)
(0.813026 1.17591 -5.26808e-19)
(0.733228 1.1451 0)
(0.639357 1.11689 0)
(0.537407 1.09744 0)
(0.477082 1.14721 0)
(0.520131 1.65204 -1.30281e-19)
(0.612103 2.76935 6.51626e-20)
(0.688989 3.40882 0)
(0.733341 3.5313 2.23734e-19)
(0.729947 3.54352 0)
(0.799223 3.39979 3.5756e-19)
(0.892898 3.04525 -2.63018e-18)
(0.470641 2.6926 2.57782e-18)
(0.395353 0.495867 -7.74633e-19)
(0.857636 1.04023 -6.10768e-19)
(1.008 1.26669 -4.71181e-19)
(1.02678 1.30009 -6.72349e-19)
(0.980813 1.29091 -4.74683e-19)
(0.930571 1.25866 0)
(0.869286 1.23084 -9.44842e-20)
(0.801765 1.19954 3.88892e-20)
(0.723342 1.17008 2.85361e-19)
(0.632072 1.14359 0)
(0.536339 1.13209 4.61294e-22)
(0.494571 1.23579 -5.24123e-22)
(0.56712 1.86094 0)
(0.685377 3.01697 -5.95292e-20)
(0.782633 3.45976 0)
(0.828365 3.51504 -3.72616e-19)
(0.830298 3.44258 9.49489e-19)
(0.819339 3.08295 -3.51959e-19)
(0.572732 2.10276 5.42959e-19)
(-0.360234 0.564738 -1.33582e-18)
(0.387831 0.50486 -1.26054e-20)
(0.844371 1.06301 -3.00224e-19)
(0.991453 1.2935 6.55114e-19)
(1.01039 1.32662 -1.87092e-20)
(0.965064 1.31665 -1.25727e-19)
(0.915984 1.28375 0)
(0.856019 1.25571 4.29195e-19)
(0.790673 1.22467 4.38705e-19)
(0.71493 1.19516 -5.51097e-19)
(0.625939 1.16929 3.1148e-19)
(0.541262 1.16699 1.39782e-19)
(0.527141 1.33119 0)
(0.642467 2.125 -1.0802e-19)
(0.773359 3.18286 1.05685e-19)
(0.855899 3.4524 2.2839e-19)
(0.857757 3.46195 0)
(0.790026 3.25838 -4.68446e-19)
(0.617372 2.49835 5.66844e-19)
(0.156995 0.813003 -6.74343e-19)
(-0.267043 -0.450216 -6.10052e-19)
(0.377904 0.511791 7.01365e-19)
(0.827641 1.08281 -2.88335e-19)
(0.972503 1.31963 4.36204e-19)
(0.992591 1.3541 3.4404e-19)
(0.948019 1.34377 2.42968e-19)
(0.900348 1.31029 6.3731e-19)
(0.842045 1.28165 -8.24659e-19)
(0.778436 1.25 -5.33022e-19)
(0.704763 1.22132 5.91756e-19)
(0.616106 1.19912 7.41238e-20)
(0.544186 1.20692 5.03688e-20)
(0.557026 1.44427 1.08018e-19)
(0.698601 2.38526 -1.40601e-19)
(0.830559 3.26939 2.1736e-19)
(0.899842 3.42342 -3.37973e-19)
(0.896637 3.36511 3.38659e-19)
(0.768168 2.95958 -8.32744e-19)
(0.499582 1.84843 5.10606e-19)
(0.0796171 0.110365 0)
(-0.0818361 -0.197427 -9.6012e-19)
(0.366795 0.519451 0)
(0.809793 1.10605 -1.08487e-18)
(0.95233 1.34885 2.34385e-20)
(0.972953 1.38321 -6.02881e-19)
(0.929289 1.37186 0)
(0.883252 1.33752 -4.55402e-19)
(0.826625 1.30844 7.00195e-19)
(0.765464 1.27709 4.98628e-19)
(0.694752 1.24966 -6.15883e-19)
(0.612905 1.22866 -3.09206e-19)
(0.555244 1.25146 -1.82907e-19)
(0.601048 1.58971 4.48632e-20)
(0.774108 2.61536 1.5375e-19)
(0.908807 3.32089 1.62023e-19)
(0.962949 3.38849 -3.58234e-19)
(0.881426 3.22521 5.5184e-19)
(0.641097 2.52418 3.83297e-19)
(0.189363 0.687913 -4.53807e-19)
(-0.121972 -0.250953 0)
(-0.118645 -0.214172 0)
(0.352073 0.523797 -6.47934e-19)
(0.78728 1.1244 1.05125e-18)
(0.929171 1.37633 0)
(0.951347 1.41287 0)
(0.908657 1.40112 0)
(0.864766 1.36612 0)
(0.810575 1.33643 -2.9839e-19)
(0.752665 1.3045 -1.45751e-20)
(0.686506 1.2762 -7.73315e-20)
(0.6096 1.25793 -4.07888e-20)
(0.561383 1.29979 3.59946e-19)
(0.642151 1.71246 -1.51645e-19)
(0.836518 2.81383 0)
(0.951049 3.32323 3.96788e-20)
(0.972217 3.33318 5.9448e-19)
(0.856158 3.00307 -2.3567e-19)
(0.514535 1.93087 3.78715e-19)
(0.0365811 0.05963 2.25184e-19)
(-0.190386 -0.243025 -1.01786e-18)
(-0.0625581 -0.145328 -1.21276e-18)
(0.335898 0.528225 3.17412e-19)
(0.763488 1.14625 4.89974e-19)
(0.904767 1.407 -9.60476e-21)
(0.927555 1.44414 2.9028e-19)
(0.886085 1.4311 0)
(0.84465 1.39497 7.2665e-19)
(0.792692 1.36444 -1.99114e-19)
(0.737486 1.33157 7.22987e-20)
(0.673885 1.30467 -2.99569e-20)
(0.603848 1.29129 -4.52427e-20)
(0.574139 1.35678 -2.28901e-19)
(0.691159 1.88014 1.9134e-19)
(0.903366 2.96455 1.9291e-19)
(1.01107 3.32001 1.32403e-19)
(1.02283 3.2616 -3.71638e-19)
(0.798723 2.73258 8.2198e-19)
(0.327826 1.231 -4.79202e-19)
(-0.0904617 -0.215267 6.04181e-19)
(-0.226533 -0.259778 -1.7866e-18)
(-0.0738112 -0.163748 1.25658e-18)
(0.31587 0.527807 -2.96906e-19)
(0.735097 1.16179 0)
(0.87641 1.4339 -3.64759e-19)
(0.900707 1.47501 -5.51633e-19)
(0.860828 1.46166 0)
(0.822552 1.42471 -5.53191e-19)
(0.773511 1.3934 0)
(0.722723 1.36052 -4.13689e-19)
(0.663112 1.33278 2.25978e-19)
(0.60387 1.32146 -4.51545e-19)
(0.590255 1.40923 3.15905e-19)
(0.74361 2.02161 -7.34905e-20)
(0.963944 3.05086 -5.01963e-19)
(1.04796 3.30137 2.6668e-19)
(1.0061 3.15336 -3.42587e-19)
(0.719668 2.39244 -2.57713e-19)
(0.184473 0.52835 6.39343e-19)
(-0.128984 -0.298047 -7.49848e-19)
(-0.186549 -0.296738 -4.2185e-22)
(-0.0835431 -0.17104 -1.30918e-19)
(0.294322 0.526091 5.7574e-19)
(0.704813 1.1799 -4.51735e-19)
(0.846141 1.46376 3.68333e-19)
(0.87111 1.50722 2.61914e-19)
(0.833324 1.49264 2.58436e-20)
(0.798535 1.45411 2.94186e-19)
(0.75254 1.42178 0)
(0.705573 1.38693 -2.91471e-20)
(0.651426 1.35843 0)
(0.601991 1.35136 4.22354e-19)
(0.607462 1.4698 -2.88729e-19)
(0.796012 2.17852 5.07492e-20)
(1.01369 3.11593 4.86854e-19)
(1.09416 3.27817 2.92525e-19)
(1.02992 3.01701 -1.58121e-19)
(0.650842 2.08058 2.7303e-19)
(0.116006 0.107748 -8.74116e-19)
(-0.161375 -0.28179 -5.25767e-19)
(-0.151861 -0.302136 -2.06495e-19)
(-0.0645882 -0.146902 9.67823e-19)
(0.268456 0.51656 4.12997e-21)
(0.668536 1.18829 2.24137e-19)
(0.810328 1.48669 0)
(0.83744 1.53687 4.88072e-19)
(0.802811 1.52296 -7.37011e-19)
(0.77196 1.48374 2.84637e-19)
(0.729006 1.45006 -2.05059e-19)
(0.68715 1.41382 3.54688e-19)
(0.636988 1.38478 -3.49924e-19)
(0.595921 1.38248 5.39385e-20)
(0.625567 1.52493 -3.471e-19)
(0.84847 2.28211 -4.72956e-19)
(1.07743 3.13577 4.54321e-20)
(1.13102 3.257 -5.59546e-19)
(1.00463 2.91164 -3.23101e-19)
(0.584011 1.70359 6.05572e-19)
(-0.0683333 -0.0157047 -4.84246e-19)
(-0.195095 -0.206917 2.70102e-19)
(-0.171342 -0.252062 -6.46701e-22)
(-0.0293522 -0.0703172 -8.61051e-19)
(0.240473 0.503017 1.04502e-18)
(0.628975 1.19767 -2.17852e-19)
(0.771839 1.51319 -6.30267e-19)
(0.800641 1.56761 5.1157e-19)
(0.769666 1.55374 -3.3121e-19)
(0.742366 1.51196 5.36171e-19)
(0.703375 1.47691 3.54432e-19)
(0.666994 1.43922 0)
(0.624085 1.40888 4.07063e-19)
(0.591422 1.40896 -6.2476e-20)
(0.633658 1.5726 8.72264e-20)
(0.896976 2.35115 4.70086e-19)
(1.12532 3.16405 7.14204e-20)
(1.15526 3.25287 2.10312e-20)
(0.924339 2.78105 -5.00568e-19)
(0.310739 1.2961 -2.60105e-19)
(-0.294068 0.0828944 5.97037e-19)
(-0.417414 -0.276275 3.35815e-19)
(-0.385512 -0.369915 8.71096e-20)
(-0.125715 -0.21908 8.61694e-19)
(0.208 0.478143 0)
(0.581917 1.19192 2.02985e-19)
(0.726238 1.52792 -2.88026e-19)
(0.759395 1.59294 4.87978e-19)
(0.733472 1.58149 -6.66886e-19)
(0.709399 1.53965 2.70299e-19)
(0.673974 1.50268 0)
(0.643323 1.46354 0)
(0.609094 1.42782 0)
(0.58635 1.42779 1.10833e-19)
(0.649123 1.61107 -1.03977e-19)
(0.945875 2.38821 7.57782e-20)
(1.20057 3.13719 3.6299e-19)
(1.21456 3.23002 4.04096e-19)
(0.957287 2.76715 -7.35008e-19)
(0.324087 1.34524 4.89903e-19)
(-0.333542 0.154035 -6.06287e-21)
(-0.600064 -0.592752 -1.09915e-18)
(-0.632191 -0.850032 1.69011e-19)
(-0.401335 -0.833986 0)
(0.174054 0.446893 9.41755e-19)
(0.531205 1.18497 -1.89823e-19)
(0.677736 1.54694 4.00534e-21)
(0.714382 1.62006 0)
(0.692731 1.60936 -3.12944e-19)
(0.671802 1.56475 1.75281e-20)
(0.642432 1.52585 0)
(0.617898 1.48376 1.09848e-19)
(0.590409 1.4461 -8.66728e-20)
(0.577077 1.43492 0)
(0.642011 1.62957 0)
(0.979034 2.35944 -2.04128e-19)
(1.28724 3.13551 -3.80534e-19)
(1.35234 3.22486 1.23772e-19)
(1.11894 2.79178 -2.72587e-19)
(0.555692 1.33996 4.00683e-19)
(-0.084653 0.191207 0)
(-0.565837 -0.767263 -1.02642e-18)
(-0.681102 -1.23676 -1.36381e-18)
(-0.541157 -1.2737 3.47934e-18)
(0.136854 0.40049 7.75258e-19)
(0.472119 1.1544 -1.80221e-19)
(0.621179 1.54603 2.63454e-19)
(0.663717 1.63719 -6.49659e-19)
(0.64762 1.63097 0)
(0.630538 1.58701 0)
(0.606289 1.5459 0)
(0.58709 1.50316 1.04863e-19)
(0.564817 1.46238 -8.27367e-20)
(0.564114 1.43845 0)
(0.616982 1.62189 0)
(1.00915 2.3047 3.09494e-19)
(1.39102 3.04391 -2.02318e-19)
(1.57927 3.11536 1.86079e-19)
(1.53663 2.78068 6.90468e-19)
(1.18356 1.79733 0)
(0.591271 0.633435 -1.73446e-19)
(-0.00120975 -0.364998 -3.18662e-19)
(-0.462083 -1.41106 2.38661e-18)
(-0.554108 -1.54182 -2.92588e-18)
(0.10001 0.347044 -7.21518e-19)
(0.409289 1.11881 1.85427e-19)
(0.560148 1.54804 5.3881e-19)
(0.606827 1.6552 3.80093e-19)
(0.596756 1.65135 -3.07348e-19)
(0.584025 1.60778 -2.12685e-19)
(0.565298 1.56386 1.51071e-19)
(0.552733 1.51699 0)
(0.537444 1.47313 0)
(0.546222 1.43968 0)
(0.595172 1.58073 -1.57324e-19)
(0.968141 2.15643 -2.67237e-19)
(1.42173 2.91931 1.59794e-19)
(1.63385 2.92783 -1.17099e-19)
(1.57039 2.65006 -1.59299e-19)
(1.38798 1.9743 0)
(0.885917 0.905007 1.53133e-19)
(0.389511 -0.087451 -5.14161e-19)
(-0.0617329 -0.91544 9.9212e-19)
(-0.269464 -1.198 -5.29993e-19)
(0.0644738 0.279929 7.65886e-19)
(0.337044 1.04927 -6.29344e-19)
(0.490435 1.52039 0)
(0.544245 1.65757 1.8573e-19)
(0.540001 1.66235 1.36172e-19)
(0.533295 1.62245 2.97354e-19)
(0.519844 1.57578 -1.41226e-19)
(0.512265 1.52425 0)
(0.501221 1.48052 0)
(0.526447 1.42661 -2.42454e-19)
(0.552963 1.53128 3.84556e-20)
(0.859088 1.9202 1.11978e-19)
(1.29333 2.74998 8.24555e-20)
(1.48816 2.74395 -8.71499e-20)
(1.46423 2.57477 1.46183e-19)
(1.35742 2.11707 -5.46571e-19)
(1.01198 1.3423 3.97283e-19)
(0.580336 0.492953 0)
(0.172309 -0.244084 5.67569e-20)
(-0.108058 -0.654997 -1.56551e-18)
(0.034616 0.21172 7.93233e-19)
(0.262723 0.969705 0)
(0.414985 1.48896 0)
(0.474007 1.65689 0)
(0.478059 1.66785 1.14857e-19)
(0.476023 1.63226 -2.87172e-19)
(0.468048 1.58395 -1.29482e-19)
(0.466131 1.53158 0)
(0.454074 1.48079 0)
(0.488096 1.4058 1.4657e-19)
(0.478505 1.46136 5.61507e-20)
(0.68919 1.72951 -4.29875e-20)
(1.05552 2.52484 -8.2763e-20)
(1.22237 2.62415 -1.84452e-19)
(1.20682 2.54058 2.72406e-19)
(1.13597 2.26751 -5.69594e-19)
(0.926825 1.74547 5.70378e-19)
(0.598141 1.05272 0)
(0.278169 0.434212 -5.2989e-20)
(0.0502952 -0.0030488 -1.31103e-18)
(0.0126152 0.14112 -7.6038e-19)
(0.183081 0.846253 2.62589e-19)
(0.332912 1.41826 4.0255e-19)
(0.396654 1.63322 -2.32543e-20)
(0.406784 1.66415 -2.43981e-19)
(0.413213 1.63596 -1.59932e-19)
(0.408332 1.58633 3.61834e-19)
(0.414044 1.53043 -8.31919e-21)
(0.400142 1.47609 0)
(0.410637 1.40567 3.97341e-20)
(0.389877 1.40675 -4.65724e-21)
(0.45698 1.60579 3.28887e-20)
(0.782894 2.37088 0)
(0.92164 2.62713 6.67304e-20)
(0.896337 2.6105 0)
(0.847949 2.47316 1.15253e-19)
(0.737896 2.14685 7.85141e-20)
(0.512418 1.60276 0)
(0.287798 1.0677 0)
(0.107252 0.538083 -1.25874e-18)
(0.00307305 0.0816539 6.27139e-19)
(0.109368 0.705897 -2.35343e-19)
(0.249538 1.33024 1.82244e-19)
(0.31482 1.59511 -2.85833e-19)
(0.333763 1.64489 1.10712e-19)
(0.343891 1.62966 -3.77564e-20)
(0.347909 1.58162 2.42103e-20)
(0.356303 1.52816 -4.76867e-20)
(0.339926 1.48255 -3.018e-20)
(0.329653 1.43368 -2.26354e-20)
(0.31386 1.40706 5.43019e-21)
(0.255889 1.5402 0)
(0.472632 2.27119 4.49042e-21)
(0.622325 2.66569 0)
(0.588217 2.72131 0)
(0.553986 2.67157 0)
(0.494239 2.47078 5.17536e-19)
(0.355399 2.05577 -1.38466e-18)
(0.213409 1.57094 3.76918e-23)
(0.0925561 0.894102 9.93347e-19)
(0.00148112 0.0176696 1.10681e-19)
(0.0479458 0.524026 1.03555e-19)
(0.161233 1.19151 -8.44023e-20)
(0.226228 1.52796 -6.20041e-20)
(0.256627 1.61441 5.01344e-20)
(0.274485 1.61078 3.54109e-20)
(0.287965 1.56942 2.51621e-20)
(0.300914 1.53018 0)
(0.287003 1.4883 -1.24926e-20)
(0.292786 1.46136 -7.78872e-21)
(0.265668 1.44869 1.47459e-20)
(0.185758 1.5447 0)
(0.236795 2.11719 5.00408e-21)
(0.39005 2.66972 -1.07414e-20)
(0.349932 2.8192 0)
(0.311338 2.81889 0)
(0.271301 2.70797 -2.68845e-20)
(0.188463 2.38344 0)
(0.100862 1.87107 -2.21677e-20)
(0.03935 1.07543 0)
(0.00342986 -0.0377228 0)
(0.0124392 0.375996 0)
(0.0702843 1.02394 0)
(0.126901 1.41355 0)
(0.169217 1.54963 -1.21895e-33)
(0.19989 1.57172 9.22125e-34)
(0.228035 1.54424 0)
(0.255338 1.52389 0)
(0.26469 1.47643 0)
(0.292709 1.47327 0)
(0.264694 1.49344 0)
(0.185632 1.56523 0)
(0.139458 2.03277 0)
(0.26018 2.64099 0)
(0.210113 2.86424 0)
(0.168148 2.91634 0)
(0.139977 2.85954 0)
(0.0879546 2.58332 0)
(0.0327744 2.07173 0)
(-0.00382928 1.19687 0)
(0.00105322 -0.0483764 0)
(-0.0100728 0.350935 0)
(0.00595647 0.929488 0)
(0.0465896 1.30696 0)
(0.0922555 1.4657 0)
(0.137276 1.50889 0)
(0.181608 1.49991 0)
(0.230936 1.49069 0)
(0.269992 1.45294 0)
(0.312864 1.47169 0)
(0.314405 1.54216 0)
(0.20995 1.61673 0)
(0.114651 2.03591 0)
(0.177612 2.63524 0)
(0.12114 2.91245 0)
(0.0825035 2.99486 0)
(0.0706236 2.93633 0)
(0.0364203 2.67416 0)
(0.00322185 2.19924 0)
(-0.0117872 1.20459 0)
(-0.00497718 -0.0146483 0)
(-0.016687 0.369342 0)
(-0.022253 0.88506 0)
(0.0019865 1.22115 0)
(0.0439673 1.3715 0)
(0.0979541 1.4231 0)
(0.155201 1.42565 0)
(0.23133 1.419 0)
(0.296788 1.38934 0)
(0.382804 1.44061 0)
(0.390816 1.58397 0)
(0.285769 1.73455 0)
(0.101683 2.07817 0)
(0.107505 2.67478 0)
(0.0521882 2.97483 0)
(0.0283068 3.04723 0)
(0.0224266 2.97072 0)
(-0.00237913 2.76103 0)
(-0.0232484 2.23589 0)
(-0.0109335 1.17974 0)
(-0.00414712 0.0218916 0)
(-0.0166839 0.409403 0)
(-0.028448 0.874486 0)
(-0.0131753 1.15323 0)
(0.0227002 1.27725 0)
(0.0810303 1.32193 0)
(0.146225 1.32528 0)
(0.242634 1.315 0)
(0.323863 1.29975 0)
(0.454685 1.38708 0)
(0.442461 1.6216 0)
(0.382676 1.89992 0)
(0.115667 2.18421 0)
(0.071471 2.74089 0)
(0.0213524 3.02436 0)
(-0.00255974 3.07589 0)
(-0.00982609 3.02936 0)
(-0.0558161 2.81116 0)
(-0.0353236 2.21846 0)
(-0.0253537 1.10617 0)
(-0.00228183 0.054352 0)
(-0.0133133 0.454353 0)
(-0.0251639 0.876478 0)
(-0.012455 1.09912 0)
(0.0175232 1.19065 0)
(0.0741334 1.21855 0)
(0.140212 1.21545 0)
(0.240944 1.19851 0)
(0.33075 1.19787 0)
(0.478532 1.3212 0)
(0.460309 1.65681 0)
(0.449165 2.06458 0)
(0.181326 2.35897 0)
(0.0790171 2.82821 0)
(0.0146576 3.0859 0)
(-0.0263516 3.12879 0)
(-0.0687883 3.12848 0)
(-0.0996024 2.79764 0)
(-0.0568691 2.15626 0)
(-0.0323593 0.933401 0)
(-0.000635919 0.0765107 0)
(-0.0101361 0.490747 0)
(-0.0189235 0.878292 0)
(-0.00954141 1.05665 0)
(0.0147444 1.11609 0)
(0.0613229 1.12519 0)
(0.119519 1.11153 0)
(0.207865 1.08453 0)
(0.296916 1.08992 0)
(0.432646 1.25057 0)
(0.43837 1.67849 0)
(0.438373 2.20475 0)
(0.196941 2.54288 0)
(0.0541647 2.96481 0)
(-0.0409383 3.19239 0)
(-0.10434 3.25741 0)
(-0.168504 3.17402 0)
(-0.131129 2.73209 0)
(-0.0745283 2.0116 0)
(-0.0195895 0.754653 0)
(8.19638e-06 0.0932689 0)
(-0.0094529 0.523397 0)
(-0.0177708 0.880267 0)
(-0.012648 1.02727 0)
(0.0029339 1.06068 0)
(0.0331296 1.05336 0)
(0.0730579 1.02839 0)
(0.134038 0.992191 0)
(0.197649 0.995902 0)
(0.285293 1.18924 0)
(0.303721 1.70533 0)
(0.284715 2.34012 0)
(0.0196472 2.77281 0)
(-0.124966 3.18408 0)
(-0.223058 3.34551 0)
(-0.262488 3.36628 0)
(-0.253946 3.11047 0)
(-0.1609 2.54704 0)
(-0.0744227 1.75983 0)
(-0.0103151 0.602093 0)
(-0.000240292 0.109896 0)
(-0.0107545 0.560026 0)
(-0.0223567 0.891191 0)
(-0.0241753 1.01583 0)
(-0.0208315 1.03376 0)
(-0.0104153 1.0154 0)
(0.00194911 0.982742 0)
(0.0219836 0.944448 0)
(0.0324888 0.952824 0)
(0.0382329 1.18211 0)
(-0.0429424 1.76439 0)
(-0.0715913 2.52278 0)
(-0.324993 3.01107 0)
(-0.378707 3.31756 0)
(-0.421581 3.39734 0)
(-0.387026 3.30754 0)
(-0.280364 2.92078 0)
(-0.148493 2.24794 0)
(-0.0597802 1.50131 0)
(-0.00702274 0.474368 0)
(-0.000986069 0.130172 0)
(-0.0124766 0.604162 0)
(-0.0300004 0.922544 0)
(-0.0383491 1.02476 0)
(-0.0517128 1.04073 0)
(-0.0642318 1.02013 0)
(-0.0803778 0.986889 0)
(-0.104833 0.952338 0)
(-0.155953 0.979046 0)
(-0.239504 1.23968 0)
(-0.390149 1.85642 0)
(-0.437562 2.6519 0)
(-0.586188 3.09911 0)
(-0.559268 3.29975 0)
(-0.521119 3.32608 0)
(-0.419885 3.11421 0)
(-0.221917 2.50815 0)
(-0.107954 1.98861 0)
(-0.0387539 1.29565 0)
(-0.00401136 0.378663 0)
(-0.00188388 0.156364 0)
(-0.0148657 0.656968 0)
(-0.0369301 0.972416 0)
(-0.0552233 1.06751 0)
(-0.0856545 1.08481 0)
(-0.115671 1.0649 0)
(-0.158575 1.03795 0)
(-0.221514 1.01357 0)
(-0.321183 1.05817 0)
(-0.458291 1.33922 0)
(-0.634073 1.97095 0)
(-0.672131 2.68843 0)
(-0.70367 3.06584 0)
(-0.612158 3.20427 0)
(-0.512182 3.17379 0)
(-0.307867 2.70808 0)
(-0.136174 2.1828 0)
(-0.0656468 1.79257 0)
(-0.0197306 1.16353 0)
(-0.0016332 0.320222 0)
(-0.00255302 0.188476 0)
(-0.0165449 0.717446 0)
(-0.0417233 1.03803 0)
(-0.0677973 1.137 0)
(-0.108936 1.15444 0)
(-0.153178 1.1404 0)
(-0.215786 1.1248 0)
(-0.304275 1.11578 0)
(-0.43219 1.17405 0)
(-0.586952 1.45372 0)
(-0.737836 2.07207 0)
(-0.743751 2.67001 0)
(-0.725263 2.9594 0)
(-0.543521 3.04418 0)
(-0.379562 2.82754 0)
(-0.148648 2.37268 0)
(-0.0633709 1.98732 0)
(-0.0269093 1.67586 0)
(-0.00502926 1.09575 0)
(0.000415565 0.296443 0)
(-0.00281296 0.223691 0)
(-0.0164552 0.781112 0)
(-0.0429203 1.1144 0)
(-0.0727811 1.21999 0)
(-0.119097 1.2418 0)
(-0.171437 1.23561 0)
(-0.243826 1.23277 0)
(-0.342963 1.24016 0)
(-0.479586 1.30738 0)
(-0.633936 1.56306 0)
(-0.734525 2.1371 0)
(-0.733704 2.6295 0)
(-0.620645 2.80875 0)
(-0.389541 2.75035 0)
(-0.212689 2.47705 0)
(-0.0442618 2.16056 0)
(-0.0145599 1.89571 0)
(-0.00107609 1.62737 0)
(0.00432025 1.07707 0)
(0.00235067 0.297739 0)
(-0.00273419 0.258228 0)
(-0.0148773 0.842654 0)
(-0.0403609 1.19404 0)
(-0.0709845 1.3093 0)
(-0.117783 1.3369 0)
(-0.171573 1.33792 0)
(-0.24413 1.34602 0)
(-0.340302 1.36754 0)
(-0.468565 1.44042 0)
(-0.604327 1.66227 0)
(-0.682836 2.14466 0)
(-0.624561 2.52767 0)
(-0.430574 2.58721 0)
(-0.232577 2.48867 0)
(-0.0941334 2.24695 0)
(-0.000626452 2.04605 0)
(0.00697853 1.86826 0)
(0.00791256 1.62262 0)
(0.00705249 1.08016 0)
(0.00297122 0.313674 0)
(-0.00242274 0.289277 0)
(-0.0126774 0.898007 0)
(-0.0354751 1.26966 0)
(-0.064355 1.39644 0)
(-0.107844 1.42992 0)
(-0.15799 1.43644 0)
(-0.22368 1.45158 0)
(-0.307244 1.48191 0)
(-0.413676 1.5551 0)
(-0.518284 1.74119 0)
(-0.547901 2.11315 0)
(-0.441512 2.38027 0)
(-0.265464 2.39368 0)
(-0.11776 2.29536 0)
(-0.0294745 2.11638 0)
(0.0133353 1.99374 0)
(0.0123243 1.86871 0)
(0.00911489 1.62795 0)
(0.00693455 1.09123 0)
(0.00244148 0.332046 0)
(-0.00196891 0.315607 0)
(-0.0103912 0.945454 0)
(-0.0297249 1.3364 0)
(-0.0554108 1.47513 0)
(-0.0933919 1.51369 0)
(-0.137392 1.524 0)
(-0.193112 1.54217 0)
(-0.260904 1.57545 0)
(-0.34218 1.64247 0)
(-0.417309 1.79037 0)
(-0.415948 2.06149 0)
(-0.305813 2.25572 0)
(-0.161053 2.24591 0)
(-0.0585742 2.16777 0)
(-0.00510801 2.0498 0)
(0.0125763 1.97423 0)
(0.0116716 1.87422 0)
(0.00676725 1.63883 0)
(0.00538824 1.10135 0)
(0.00186599 0.347643 0)
(-0.00145465 0.336707 0)
(-0.00808354 0.984226 0)
(-0.0237716 1.39241 0)
(-0.045559 1.54301 0)
(-0.0770153 1.58545 0)
(-0.114064 1.59817 0)
(-0.159405 1.61638 0)
(-0.21236 1.64838 0)
(-0.271863 1.7056 0)
(-0.323266 1.81771 0)
(-0.312904 2.00754 0)
(-0.216506 2.14791 0)
(-0.10556 2.13629 0)
(-0.036688 2.08479 0)
(-0.00256878 2.01358 0)
(0.00627884 1.96538 0)
(0.00659785 1.88127 0)
(0.00376576 1.64474 0)
(0.00380179 1.10775 0)
(0.00135378 0.359395 0)
(-0.00098575 0.352652 0)
(-0.00588215 1.0149 0)
(-0.0182668 1.43765 0)
(-0.0362448 1.59885 0)
(-0.0615366 1.644 0)
(-0.091951 1.65805 0)
(-0.128004 1.67467 0)
(-0.168716 1.70334 0)
(-0.211643 1.75041 0)
(-0.245917 1.83391 0)
(-0.235244 1.96359 0)
(-0.160119 2.06307 0)
(-0.0789237 2.05816 0)
(-0.0323118 2.02945 0)
(-0.00799171 1.98967 0)
(-0.00070203 1.95765 0)
(0.00186785 1.882 0)
(0.00176521 1.64573 0)
(0.00257546 1.11079 0)
(0.000951778 0.367593 0)
(-0.000627958 0.36385 0)
(-0.00400628 1.03819 0)
(-0.0135422 1.47382 0)
(-0.027929 1.64453 0)
(-0.0477991 1.69175 0)
(-0.0720087 1.70598 0)
(-0.100001 1.72 0)
(-0.130844 1.74417 0)
(-0.161761 1.78168 0)
(-0.184553 1.84356 0)
(-0.175924 1.93181 0)
(-0.122179 2.00116 0)
(-0.064763 2.00305 0)
(-0.032268 1.98987 0)
(-0.0133476 1.96922 0)
(-0.00574657 1.94691 0)
(-0.00134065 1.87709 0)
(0.000414024 1.64278 0)
(0.00173569 1.11154 0)
(0.000652496 0.373192 0)
(-0.000413356 0.371468 0)
(-0.00270524 1.05558 0)
(-0.0100931 1.5016 0)
(-0.0216254 1.67963 0)
(-0.0371816 1.72842 0)
(-0.0562563 1.74228 0)
(-0.07775 1.75369 0)
(-0.101066 1.77335 0)
(-0.123462 1.8028 0)
(-0.138904 1.84896 0)
(-0.13237 1.91002 0)
(-0.0957045 1.95854 0)
(-0.0559338 1.96491 0)
(-0.0323379 1.96112 0)
(-0.0168597 1.95141 0)
(-0.00876838 1.9351 0)
(-0.00339178 1.86929 0)
(-0.000564284 1.63747 0)
(0.0010948 1.11095 0)
(0.000421969 0.376838 0)
(-0.000284761 0.376609 0)
(-0.00182512 1.06856 0)
(-0.00747489 1.524 0)
(-0.0165575 1.70826 0)
(-0.0284736 1.75819 0)
(-0.0431687 1.77121 0)
(-0.0593336 1.7802 0)
(-0.0767091 1.79547 0)
(-0.0928839 1.81795 0)
(-0.103486 1.85204 0)
(-0.0987875 1.89468 0)
(-0.0743742 1.92875 0)
(-0.0473334 1.93681 0)
(-0.0299346 1.93787 0)
(-0.0173514 1.934 0)
(-0.00952046 1.92147 0)
(-0.00404557 1.85928 0)
(-0.000947602 1.63109 0)
(0.000622863 1.10939 0)
(0.000268225 0.37906 0)
(-0.000199416 0.380125 0)
(-0.00124428 1.07795 0)
(-0.00564959 1.54051 0)
(-0.0130734 1.72886 0)
(-0.0222764 1.77956 0)
(-0.0338432 1.79185 0)
(-0.0460334 1.79912 0)
(-0.0593783 1.81105 0)
(-0.0712404 1.8285 0)
(-0.0788312 1.85412 0)
(-0.0754394 1.88481 0)
(-0.0589945 1.90936 0)
(-0.0403473 1.91773 0)
(-0.0270741 1.92102 0)
(-0.0167223 1.92016 0)
(-0.00942816 1.90993 0)
(-0.00421514 1.8505 0)
(-0.00111595 1.62556 0)
(0.000337373 1.10779 0)
(0.000171821 0.380362 0)
(-0.000134458 0.382541 0)
(-0.000783606 1.08531 0)
(-0.00406725 1.55514 0)
(-0.00992993 1.74729 0)
(-0.016803 1.79815 0)
(-0.0256014 1.8094 0)
(-0.034489 1.81507 0)
(-0.0445114 1.82396 0)
(-0.0531082 1.83707 0)
(-0.0585691 1.85584 0)
(-0.0562355 1.87768 0)
(-0.045216 1.89513 0)
(-0.0324487 1.90246 0)
(-0.0225249 1.90615 0)
(-0.0143954 1.90649 0)
(-0.00820046 1.89766 0)
(-0.00373165 1.84075 0)
(-0.000999251 1.61943 0)
(0.000198044 1.10577 0)
(0.000112819 0.381079 0)
(-9.26869e-05 0.384013 0)
(-0.000507497 1.08995 0)
(-0.0030559 1.56459 0)
(-0.00806714 1.75879 0)
(-0.013404 1.80969 0)
(-0.0205729 1.82023 0)
(-0.0272143 1.82494 0)
(-0.0353485 1.83195 0)
(-0.0418246 1.84241 0)
(-0.0461433 1.85701 0)
(-0.04443 1.87358 0)
(-0.0366352 1.88674 0)
(-0.0273485 1.89323 0)
(-0.0194718 1.89688 0)
(-0.0128007 1.89771 0)
(-0.00735849 1.88967 0)
(-0.00343324 1.83437 0)
(-0.000958574 1.61549 0)
(8.09316e-05 1.10452 0)
(6.85637e-05 0.381552 0)
(-7.01407e-05 0.385176 0)
(-0.000324333 1.0944 0)
(-0.00213524 1.57502 0)
(-0.00601767 1.77179 0)
(-0.00989274 1.82209 0)
(-0.0151915 1.8316 0)
(-0.019819 1.83516 0)
(-0.0258595 1.84018 0)
(-0.0304126 1.84769 0)
(-0.0336013 1.85812 0)
(-0.0324267 1.86975 0)
(-0.0271747 1.87894 0)
(-0.0207763 1.88383 0)
(-0.0150264 1.88671 0)
(-0.0100623 1.88738 0)
(-0.00583737 1.87986 0)
(-0.00277506 1.82631 0)
(-0.000803848 1.61043 0)
(1.63313e-05 1.10264 0)
(4.13983e-05 0.381684 0)
(-6.23105e-05 0.385694 0)
(-0.00025654 1.0962 0)
(-0.00172417 1.57932 0)
(-0.00522307 1.77712 0)
(-0.00843392 1.82706 0)
(-0.0130835 1.83621 0)
(-0.0167209 1.83933 0)
(-0.0220061 1.84357 0)
(-0.0256324 1.84993 0)
(-0.0284257 1.85859 0)
(-0.0274534 1.86818 0)
(-0.0233573 1.87566 0)
(-0.0182192 1.87999 0)
(-0.0133195 1.88257 0)
(-0.00904164 1.88314 0)
(-0.00527787 1.87584 0)
(-0.00256968 1.823 0)
(-0.000791681 1.60836 0)
(-5.30963e-05 1.1019 0)
(1.05389e-05 0.381795 0)
(-5.8207e-05 0.386635 0)
(-0.000251543 1.0997 0)
(-0.00123312 1.58796 0)
(-0.00371098 1.78791 0)
(-0.00586789 1.83698 0)
(-0.00906761 1.84515 0)
(-0.0113971 1.84726 0)
(-0.0150194 1.85007 0)
(-0.0172918 1.85404 0)
(-0.019229 1.85959 0)
(-0.0185398 1.86552 0)
(-0.0159879 1.87008 0)
(-0.012678 1.87276 0)
(-0.00940209 1.87436 0)
(-0.00651566 1.87453 0)
(-0.00389818 1.86748 0)
(-0.00199536 1.81602 0)
(-0.000717755 1.60386 0)
(-0.000142553 1.09999 0)
(-2.34395e-05 0.381443 0)
(-0.272376 1.66818 1.85474e-22)
(0.418629 3.27179 -1.92409e-19)
(0.0996812 3.49376 2.92358e-19)
(0.213069 3.45464 0)
(0.17857 3.40115 0)
(0.173294 3.34965 -1.77559e-19)
(0.175824 3.3236 2.33919e-19)
(0.147757 3.27182 -2.46151e-19)
(0.125996 3.16632 5.02672e-21)
(0.118444 2.56646 3.9783e-19)
(-0.10315 2.39584 6.04304e-23)
(0.1474 3.32593 1.77406e-19)
(0.0167137 3.45329 0)
(0.109194 3.40184 0)
(0.0852585 3.35328 5.26954e-21)
(0.0912632 3.31185 4.02305e-19)
(0.0864143 3.27428 -2.45971e-19)
(0.0602779 3.23558 -4.7726e-21)
(0.0568551 3.07341 4.55398e-21)
(0.00262556 2.07608 0)
(-0.0266909 2.11 -1.52061e-21)
(0.0948115 3.16171 1.64826e-21)
(0.0356529 3.35823 0)
(0.0833402 3.33257 1.79568e-19)
(0.061771 3.30602 -1.52178e-21)
(0.0628551 3.28225 -2.23238e-19)
(0.0521748 3.26693 -3.16389e-19)
(0.0363807 3.24314 -2.48042e-22)
(0.0440146 3.11454 4.7328e-21)
(-0.0159723 2.20652 0)
(-0.0386204 2.04648 5.07779e-20)
(0.0322473 3.13362 0)
(-0.00843791 3.31715 -9.72117e-20)
(0.0288019 3.31087 -6.10465e-20)
(0.0215965 3.28718 8.46333e-21)
(0.0283191 3.26259 -1.65268e-19)
(0.0322974 3.24435 1.41676e-19)
(0.0247487 3.23197 -5.48441e-21)
(0.0441579 3.12226 7.398e-21)
(0.00818799 2.24706 1.94773e-19)
(-0.0451871 2.03972 -5.14321e-20)
(0.0182757 3.09808 0)
(-0.00307583 3.27167 2.27085e-19)
(0.0182795 3.26392 -1.30671e-19)
(0.0173568 3.24921 -7.39838e-22)
(0.0209218 3.23706 -8.14579e-21)
(0.0229488 3.23339 -1.53185e-20)
(0.0236468 3.22268 -2.02066e-19)
(0.0442589 3.12536 5.50342e-21)
(-0.00310879 2.31025 -4.12659e-19)
(-0.0523595 2.08975 0)
(-0.0071448 3.09009 -1.41868e-19)
(-0.0265281 3.24656 2.29466e-20)
(-0.0113988 3.24865 -1.01332e-20)
(-0.00282565 3.23334 1.04368e-20)
(0.00506001 3.22039 1.75463e-19)
(0.0180862 3.20989 1.86791e-19)
(0.0222294 3.20491 4.02571e-19)
(0.0430309 3.12339 2.27113e-19)
(0.011055 2.35319 -1.63165e-20)
(-0.0478015 2.14918 0)
(-0.0178373 3.08557 1.46734e-19)
(-0.0173821 3.21542 -1.56541e-19)
(-0.00993016 3.2133 -1.14551e-20)
(0.00116451 3.20262 2.38499e-20)
(0.00897412 3.19538 3.83317e-22)
(0.0166045 3.19587 -1.30552e-20)
(0.022316 3.19033 -2.1293e-19)
(0.0429011 3.12044 -2.21336e-19)
(0.00375488 2.41905 -1.70479e-20)
(-0.0501385 2.22716 1.83915e-19)
(-0.0278056 3.0857 -8.52653e-21)
(-0.0313257 3.19505 5.90835e-21)
(-0.0227933 3.19631 0)
(-0.0123777 3.18605 0)
(-0.000917207 3.17843 0)
(0.0145101 3.17095 0)
(0.0211585 3.16924 2.48228e-19)
(0.0410769 3.1126 -2.5737e-19)
(0.0156937 2.46357 2.51e-19)
(-0.0444027 2.31166 2.55005e-20)
(-0.0324051 3.0873 2.08061e-19)
(-0.0201253 3.17009 0)
(-0.014338 3.16563 -1.38555e-20)
(-0.00376727 3.15765 1.41747e-20)
(0.0057448 3.1528 0)
(0.0143463 3.15468 -7.81667e-21)
(0.020704 3.15239 -2.40863e-19)
(0.0404274 3.10878 2.58287e-19)
(0.0102661 2.53278 0)
(-0.0451498 2.40058 1.76889e-20)
(-0.0362614 3.08544 -3.21931e-19)
(-0.0302297 3.15003 0)
(-0.0224385 3.14718 0)
(-0.0134193 3.13943 1.56414e-20)
(-0.00218086 3.13407 -1.33554e-19)
(0.0123872 3.12835 -1.65718e-20)
(0.0194498 3.12938 1.4337e-19)
(0.0383761 3.09624 0)
(0.0194514 2.58103 0)
(-0.0385831 2.49443 -3.42885e-19)
(-0.0381722 3.08386 1.15887e-19)
(-0.0201146 3.12442 0)
(-0.0130128 3.11616 0)
(-0.00357087 3.10937 0)
(0.00571678 3.10618 2.77897e-19)
(0.013785 3.10929 0)
(0.0200519 3.11037 -1.53045e-19)
(0.0380619 3.09026 9.54058e-21)
(0.0147652 2.65366 1.63525e-19)
(-0.0387349 2.58608 1.24322e-19)
(-0.0404441 3.07394 -1.22599e-20)
(-0.0300408 3.10113 1.48653e-19)
(-0.0213341 3.09509 1.44892e-19)
(-0.0123822 3.08862 0)
(-0.000900188 3.08462 -1.44113e-19)
(0.0131661 3.08076 0)
(0.0212405 3.08457 0)
(0.0383076 3.07233 0)
(0.0224749 2.70646 -1.64284e-19)
(-0.0341475 2.68148 -1.37073e-19)
(-0.0429074 3.06393 1.41777e-19)
(-0.0230333 3.07208 -1.40226e-19)
(-0.0131165 3.06197 -2.22814e-19)
(-0.002928 3.05678 0)
(0.0072928 3.05513 2.00566e-20)
(0.0162065 3.05925 -1.02241e-20)
(0.0246521 3.06287 7.70859e-20)
(0.0418341 3.0614 9.56142e-20)
(0.0206464 2.7803 -9.85488e-20)
(-0.0352654 2.76957 1.40607e-19)
(-0.0468661 3.04301 -1.36077e-19)
(-0.0330526 3.04549 9.81347e-21)
(-0.0209091 3.04037 5.71846e-20)
(-0.010991 3.03644 -8.34067e-20)
(0.000229991 3.03417 0)
(0.014371 3.03148 8.97942e-20)
(0.0258282 3.03563 4.94938e-21)
(0.0444892 3.03677 -1.8641e-19)
(0.0288199 2.83265 -6.54922e-21)
(-0.0288848 2.85778 -4.16441e-20)
(-0.0437609 3.02347 1.00666e-20)
(-0.0227639 3.01804 -5.24004e-20)
(-0.0110145 3.01451 2.14752e-20)
(-0.00221061 3.01406 1.01847e-19)
(0.00630296 3.01349 -4.35166e-20)
(0.0138467 3.01472 -4.26311e-20)
(0.0231937 3.0168 -4.4463e-20)
(0.041947 3.02162 9.6354e-20)
(0.0246395 2.90022 4.64827e-20)
(-0.0179246 2.93787 3.3457e-20)
(-0.0261605 2.99881 1.48186e-20)
(-0.0162396 3.00049 2.8858e-20)
(-0.00938819 3.00169 -5.91319e-20)
(-0.00409031 3.00262 2.0054e-20)
(0.000626959 3.00219 4.05896e-20)
(0.00587166 3.0006 -4.23268e-20)
(0.0108258 2.99895 -4.44535e-20)
(0.0217657 2.99734 6.09105e-21)
(0.0166382 2.94919 4.30914e-20)
)
;

boundaryField
{
    wall-4
    {
        type            noSlip;
    }
    pressure-outlet-7
    {
        type            zeroGradient;
    }
    velocity-inlet-6
    {
        type            fixedValue;
        value           uniform (0 3 0);
    }
    velocity-inlet-5
    {
        type            fixedValue;
        value           uniform (1 0 0);
    }
    frontAndBackPlanes
    {
        type            empty;
    }
}


// ************************************************************************* //
