/*--------------------------------*- C++ -*----------------------------------*\
| =========                 |                                                 |
| \\      /  F ield         | OpenFOAM: The Open Source CFD Toolbox           |
|  \\    /   O peration     | Version:  v2012                                 |
|   \\  /    A nd           | Website:  www.openfoam.com                      |
|    \\/     M anipulation  |                                                 |
\*---------------------------------------------------------------------------*/
FoamFile
{
    version     2.0;
    format      ascii;
    class       volVectorField;
    location    "28";
    object      U;
}
// * * * * * * * * * * * * * * * * * * * * * * * * * * * * * * * * * * * * * //

dimensions      [0 1 -1 0 0 0 0];


internalField   nonuniform List<vector> 
2200
(
(0.878841 -0.0304137 0)
(1.00578 -0.0512893 0)
(1.00323 -0.0354097 0)
(1.00021 -0.0244784 0)
(0.999845 -0.0167403 0)
(0.999951 -0.0108299 0)
(0.999966 -0.0069592 0)
(1.00005 -0.00427438 0)
(1.00011 -0.00225499 0)
(1.00017 -0.000660322 0)
(1.00011 0.000879353 0)
(1.0001 0.00248924 0)
(1.00007 0.00447392 0)
(0.999925 0.00715581 0)
(0.999985 0.0109759 0)
(0.999853 0.0167953 0)
(1.00019 0.0245468 0)
(1.00339 0.0352415 0)
(1.00586 0.051343 0)
(0.878936 0.0303909 0)
(0.711977 -0.0327628 0)
(0.996617 -0.0630133 0)
(1.03329 -0.0561593 0)
(1.02484 -0.046381 0)
(1.0158 -0.0360791 0)
(1.00969 -0.0263739 0)
(1.006 -0.0180469 0)
(1.00376 -0.0113901 0)
(1.00244 -0.0061507 0)
(1.00196 -0.0017214 0)
(1.00185 0.00254516 0)
(1.0024 0.00693445 0)
(1.00367 0.0120978 0)
(1.00601 0.0186281 0)
(1.00955 0.026941 0)
(1.01564 0.0366451 0)
(1.02472 0.0468832 0)
(1.033 0.0571009 0)
(0.996545 0.0631419 0)
(0.711688 0.03291 0)
(0.535559 -0.0238889 0)
(0.969892 -0.0569245 0)
(1.05647 -0.0547082 0)
(1.05223 -0.0487214 0)
(1.03616 -0.0402815 0)
(1.02439 -0.0320211 0)
(1.01589 -0.0239082 0)
(1.0104 -0.0161523 0)
(1.00731 -0.0089648 0)
(1.00585 -0.00250084 0)
(1.00584 0.00378419 0)
(1.0072 0.0102187 0)
(1.01022 0.017292 0)
(1.01553 0.0248957 0)
(1.02404 0.0327144 0)
(1.03595 0.0408825 0)
(1.05202 0.0491984 0)
(1.05637 0.0539567 0)
(0.969277 0.0574234 0)
(0.534682 0.0238795 0)
(0.392277 -0.0136431 0)
(0.911716 -0.0464051 0)
(1.05747 -0.0469486 0)
(1.06974 -0.0444538 0)
(1.05514 -0.0383053 0)
(1.03932 -0.0315871 0)
(1.02734 -0.0248657 0)
(1.01883 -0.0177201 0)
(1.01357 -0.0103021 0)
(1.01109 -0.00278447 0)
(1.01102 0.00480577 0)
(1.01334 0.0121141 0)
(1.01843 0.0192156 0)
(1.02683 0.0260862 0)
(1.03878 0.0327277 0)
(1.05453 0.0392477 0)
(1.06892 0.0453644 0)
(1.05608 0.0478742 0)
(0.91035 0.0467588 0)
(0.390679 0.013731 0)
(0.307783 -0.00449343 0)
(0.846681 -0.0323032 0)
(1.04921 -0.0398378 0)
(1.07926 -0.0381359 0)
(1.06819 -0.0336909 0)
(1.0518 -0.0282719 0)
(1.03821 -0.0227443 0)
(1.02789 -0.0166973 0)
(1.02077 -0.00991397 0)
(1.01706 -0.00253754 0)
(1.01682 0.00510778 0)
(1.02016 0.0123035 0)
(1.02711 0.018886 0)
(1.03744 0.0248074 0)
(1.05081 0.0299404 0)
(1.06701 0.03509 0)
(1.07784 0.0392781 0)
(1.04758 0.0409837 0)
(0.844099 0.0326571 0)
(0.30518 0.00464561 0)
(0.264601 0.000135773 0)
(0.789391 -0.019959 0)
(1.03335 -0.0312441 0)
(1.08311 -0.0317646 0)
(1.07681 -0.0286115 0)
(1.06055 -0.0239403 0)
(1.04722 -0.0196664 0)
(1.03641 -0.0146167 0)
(1.02858 -0.00859904 0)
(1.02422 -0.0017279 0)
(1.02399 0.00529855 0)
(1.02796 0.0120038 0)
(1.03547 0.017686 0)
(1.04572 0.0222707 0)
(1.05893 0.0261698 0)
(1.0752 0.0305081 0)
(1.08116 0.0332203 0)
(1.03065 0.0325003 0)
(0.785152 0.0204093 0)
(0.26099 6.48233e-06 0)
(0.240701 0.00105404 0)
(0.738573 -0.0122333 0)
(1.01367 -0.0250348 0)
(1.08353 -0.0267901 0)
(1.08224 -0.0244163 0)
(1.06711 -0.0202993 0)
(1.05392 -0.0164993 0)
(1.04332 -0.012144 0)
(1.03529 -0.00704627 0)
(1.03048 -0.00102238 0)
(1.03012 0.00528951 0)
(1.03421 0.0110096 0)
(1.04167 0.0157161 0)
(1.05212 0.0195886 0)
(1.06514 0.023158 0)
(1.0798 0.026761 0)
(1.08048 0.0286442 0)
(1.00924 0.0264433 0)
(0.732169 0.0128048 0)
(0.235913 -0.000903367 0)
(0.226516 0.000940533 0)
(0.696095 -0.00788349 0)
(0.993002 -0.0203917 0)
(1.08206 -0.0227662 0)
(1.08643 -0.0208974 0)
(1.07263 -0.0174106 0)
(1.0592 -0.0137387 0)
(1.04867 -0.00970104 0)
(1.04065 -0.00515679 0)
(1.03565 4.20736e-05 0)
(1.03511 0.0056119 0)
(1.03917 0.0104542 0)
(1.0465 0.014349 0)
(1.05657 0.0179075 0)
(1.06961 0.0207216 0)
(1.08299 0.0236651 0)
(1.07795 0.0250696 0)
(0.986907 0.0220372 0)
(0.68746 0.00855425 0)
(0.220462 -0.00079477 0)
(0.217474 0.000714948 0)
(0.662217 -0.0052667 0)
(0.973281 -0.0167264 0)
(1.07915 -0.0193504 0)
(1.08942 -0.0179218 0)
(1.07714 -0.0149818 0)
(1.06369 -0.0116549 0)
(1.05319 -0.00793111 0)
(1.04544 -0.00376513 0)
(1.04067 0.00094496 0)
(1.04001 0.00602672 0)
(1.04357 0.010268 0)
(1.05048 0.0138715 0)
(1.05998 0.0167364 0)
(1.07314 0.0195741 0)
(1.08481 0.0219413 0)
(1.07308 0.0225109 0)
(0.963937 0.018871 0)
(0.650087 0.00619833 0)
(0.20963 -0.000510839 0)
(0.211025 0.000389065 0)
(0.6346 -0.00371407 0)
(0.954158 -0.0139667 0)
(1.07531 -0.0168317 0)
(1.09179 -0.0158704 0)
(1.08093 -0.0132869 0)
(1.06728 -0.0100672 0)
(1.05676 -0.00642512 0)
(1.04916 -0.00233639 0)
(1.0446 0.00212988 0)
(1.04364 0.00665208 0)
(1.04654 0.0105293 0)
(1.05288 0.0136966 0)
(1.06278 0.0163697 0)
(1.07588 0.018779 0)
(1.08549 0.0203158 0)
(1.06724 0.0203631 0)
(0.942399 0.0164324 0)
(0.619379 0.00476625 0)
(0.201281 -0.000159157 0)
(0.206404 0.00013375 0)
(0.613914 -0.00239106 0)
(0.938506 -0.0109957 0)
(1.07236 -0.0137887 0)
(1.0943 -0.0130543 0)
(1.08475 -0.0110047 0)
(1.07073 -0.00835474 0)
(1.05977 -0.0051187 0)
(1.05187 -0.001205 0)
(1.04708 0.00323813 0)
(1.04578 0.00750157 0)
(1.04838 0.0113017 0)
(1.05455 0.0141842 0)
(1.06446 0.016452 0)
(1.07764 0.017717 0)
(1.08597 0.0188051 0)
(1.0612 0.0185132 0)
(0.921822 0.0141539 0)
(0.593579 0.00374755 0)
(0.193964 0.000189997 0)
(0.203209 -2.08994e-06 0)
(0.599142 -0.00118189 0)
(0.924439 -0.00786304 0)
(1.06941 -0.0103843 0)
(1.09689 -0.00973733 0)
(1.08858 -0.00784889 0)
(1.0745 -0.00539357 0)
(1.06315 -0.00246038 0)
(1.05456 0.000912465 0)
(1.049 0.004926 0)
(1.04741 0.00866081 0)
(1.05023 0.0117794 0)
(1.05683 0.0138491 0)
(1.06659 0.015116 0)
(1.07961 0.0162888 0)
(1.08611 0.0167991 0)
(1.05512 0.0159731 0)
(0.903477 0.0115051 0)
(0.573915 0.0028343 0)
(0.187778 0.000356286 0)
(0.2018 -9.89353e-05 0)
(0.590065 -0.000163175 0)
(0.913955 -0.00444511 0)
(1.06732 -0.00664167 0)
(1.09935 -0.00598986 0)
(1.09228 -0.00424749 0)
(1.07877 -0.00203417 0)
(1.06763 0.000574887 0)
(1.05884 0.00347889 0)
(1.05278 0.00672097 0)
(1.05078 0.00961863 0)
(1.05326 0.011741 0)
(1.05941 0.0130759 0)
(1.06889 0.0140517 0)
(1.08111 0.0146972 0)
(1.0857 0.0148552 0)
(1.04862 0.0136374 0)
(0.886665 0.00903471 0)
(0.558672 0.00213172 0)
(0.182388 0.000386762 0)
(0.202021 -0.000144762 0)
(0.586875 0.000813226 0)
(0.906598 -0.00156909 0)
(1.06548 -0.00366782 0)
(1.10178 -0.0029777 0)
(1.09578 -0.00117893 0)
(1.08266 0.00105843 0)
(1.07169 0.00368 0)
(1.06302 0.00648093 0)
(1.05678 0.00926245 0)
(1.05412 0.0117016 0)
(1.05555 0.0131581 0)
(1.06069 0.0138383 0)
(1.06913 0.0142759 0)
(1.08074 0.0138058 0)
(1.08346 0.0133517 0)
(1.04063 0.0116696 0)
(0.871479 0.00712278 0)
(0.547288 0.00177629 0)
(0.178072 0.000379412 0)
(0.203691 0.000184861 0)
(0.587192 0.00128198 0)
(0.901655 0.000609063 0)
(1.06442 -0.000392682 0)
(1.10371 0.000383206 0)
(1.09847 0.00197569 0)
(1.08529 0.00405837 0)
(1.07403 0.00648244 0)
(1.06507 0.00920735 0)
(1.05847 0.011773 0)
(1.0552 0.0139611 0)
(1.05599 0.0148719 0)
(1.06057 0.0150661 0)
(1.06869 0.0147039 0)
(1.07963 0.0137396 0)
(1.08108 0.0129179 0)
(1.03341 0.0109342 0)
(0.858688 0.00625641 0)
(0.537685 0.00180938 0)
(0.174005 0.000407598 0)
(0.206776 0.000487091 0)
(0.589631 0.0019243 0)
(0.901424 0.00308863 0)
(1.06399 0.00243479 0)
(1.10583 0.00368549 0)
(1.10111 0.00550181 0)
(1.08765 0.00762565 0)
(1.07577 0.0100299 0)
(1.06612 0.0126709 0)
(1.05879 0.0150929 0)
(1.05476 0.0169095 0)
(1.05493 0.0172538 0)
(1.05926 0.0167534 0)
(1.06737 0.0157489 0)
(1.07741 0.0144236 0)
(1.07688 0.0128303 0)
(1.02452 0.0100932 0)
(0.845998 0.00559696 0)
(0.528864 0.00188232 0)
(0.170019 0.00041643 0)
(0.212437 0.000601939 0)
(0.596915 0.00280232 0)
(0.904436 0.00480368 0)
(1.06611 0.00574025 0)
(1.10867 0.00724661 0)
(1.10447 0.00913231 0)
(1.09099 0.0113957 0)
(1.07881 0.0139983 0)
(1.06851 0.0166302 0)
(1.06009 0.0189887 0)
(1.05483 0.0204011 0)
(1.05386 0.0201889 0)
(1.05753 0.0189431 0)
(1.06501 0.0171471 0)
(1.07425 0.0152785 0)
(1.07243 0.0133069 0)
(1.01688 0.0103002 0)
(0.835743 0.00583581 0)
(0.520621 0.00214927 0)
(0.165811 0.000437014 0)
(0.21795 0.000642754 0)
(0.604622 0.00325598 0)
(0.90915 0.00626614 0)
(1.06932 0.00777525 0)
(1.11256 0.00976343 0)
(1.10871 0.0122952 0)
(1.09521 0.0150874 0)
(1.08287 0.0182373 0)
(1.07211 0.0213683 0)
(1.06287 0.024105 0)
(1.05633 0.0252851 0)
(1.05377 0.0246614 0)
(1.05596 0.0228996 0)
(1.0624 0.0206472 0)
(1.07055 0.0180471 0)
(1.06646 0.0150579 0)
(1.00648 0.011163 0)
(0.822587 0.00648521 0)
(0.510477 0.00262255 0)
(0.160766 0.000510131 0)
(0.226394 0.000835997 0)
(0.618368 0.00415319 0)
(0.918799 0.00841171 0)
(1.07461 0.010889 0)
(1.11715 0.0130209 0)
(1.11352 0.0156767 0)
(1.0998 0.0188591 0)
(1.08698 0.0227449 0)
(1.07535 0.0265801 0)
(1.06473 0.0299472 0)
(1.05621 0.0312523 0)
(1.05228 0.0306026 0)
(1.05323 0.0283247 0)
(1.05867 0.0251595 0)
(1.06542 0.0217674 0)
(1.05969 0.0179436 0)
(0.997125 0.0133875 0)
(0.811792 0.00811896 0)
(0.500038 0.00335144 0)
(0.15487 0.000627389 0)
(0.235223 0.00113775 0)
(0.631595 0.00501421 0)
(0.929119 0.0102917 0)
(1.08106 0.0137165 0)
(1.12243 0.0166988 0)
(1.11876 0.0200169 0)
(1.1048 0.0242469 0)
(1.09133 0.0289219 0)
(1.07851 0.0336398 0)
(1.06634 0.0376613 0)
(1.05625 0.0389644 0)
(1.05071 0.0377549 0)
(1.04973 0.0348553 0)
(1.05378 0.0310465 0)
(1.05863 0.0270294 0)
(1.05005 0.0217291 0)
(0.982675 0.0158293 0)
(0.793919 0.00959057 0)
(0.484527 0.00409273 0)
(0.14691 0.00076561 0)
(0.248381 0.00146564 0)
(0.65168 0.00684122 0)
(0.944245 0.0136294 0)
(1.08952 0.018383 0)
(1.12855 0.0218111 0)
(1.12533 0.0260675 0)
(1.11137 0.0309512 0)
(1.09705 0.0367222 0)
(1.0826 0.0423013 0)
(1.06795 0.0466036 0)
(1.05501 0.0477039 0)
(1.04725 0.0460536 0)
(1.04504 0.0424112 0)
(1.04748 0.0372673 0)
(1.05024 0.0319426 0)
(1.03886 0.0254209 0)
(0.969122 0.0185979 0)
(0.779746 0.0116076 0)
(0.469787 0.00491527 0)
(0.138325 0.000868476 0)
(0.263929 0.00197785 0)
(0.675378 0.00827972 0)
(0.963105 0.0172491 0)
(1.10145 0.0235437 0)
(1.1376 0.0287343 0)
(1.1339 0.0339738 0)
(1.1194 0.0404647 0)
(1.10386 0.0473818 0)
(1.08745 0.0537341 0)
(1.07037 0.0582364 0)
(1.05523 0.0589327 0)
(1.04515 0.055979 0)
(1.03988 0.050909 0)
(1.03961 0.0448029 0)
(1.0397 0.0380317 0)
(1.02436 0.0303413 0)
(0.949294 0.0219904 0)
(0.754865 0.0136326 0)
(0.446884 0.00577565 0)
(0.126808 0.00100996 0)
(0.285664 0.00279298 0)
(0.707541 0.012079 0)
(0.988425 0.0232076 0)
(1.11688 0.0318556 0)
(1.14829 0.0380365 0)
(1.14426 0.0454189 0)
(1.12894 0.0532247 0)
(1.11164 0.0611434 0)
(1.09258 0.0681186 0)
(1.07204 0.0722327 0)
(1.05291 0.0717362 0)
(1.03961 0.0672173 0)
(1.03284 0.0608229 0)
(1.03033 0.052988 0)
(1.0273 0.0445204 0)
(1.00845 0.0352623 0)
(0.930538 0.0258283 0)
(0.735447 0.0164976 0)
(0.426534 0.00695037 0)
(0.115199 0.00109352 0)
(0.315834 0.00381711 0)
(0.750569 0.0149424 0)
(1.02085 0.0305056 0)
(1.13754 0.0417438 0)
(1.1639 0.0511563 0)
(1.15735 0.0608387 0)
(1.13984 0.0702757 0)
(1.11966 0.0792536 0)
(1.09724 0.0861467 0)
(1.0731 0.0892372 0)
(1.05101 0.0871186 0)
(1.035 0.0807719 0)
(1.02419 0.0719883 0)
(1.01821 0.0625505 0)
(1.01227 0.0525544 0)
(0.98921 0.042208 0)
(0.904713 0.0310802 0)
(0.700793 0.0196164 0)
(0.392704 0.00792579 0)
(0.0990854 0.00122827 0)
(0.352251 0.00764905 0)
(0.804314 0.0246176 0)
(1.06259 0.0431246 0)
(1.16442 0.0583655 0)
(1.18265 0.0696492 0)
(1.17269 0.0820779 0)
(1.15166 0.0930661 0)
(1.12771 0.102213 0)
(1.10109 0.108376 0)
(1.07236 0.109888 0)
(1.04553 0.105377 0)
(1.02551 0.0957953 0)
(1.0133 0.0849995 0)
(1.00517 0.0734309 0)
(0.995513 0.0615677 0)
(0.968002 0.049221 0)
(0.878389 0.036516 0)
(0.672586 0.023301 0)
(0.365379 0.00954514 0)
(0.0846495 0.00114583 0)
(0.434981 0.0113576 0)
(0.885908 0.0350072 0)
(1.11788 0.0629777 0)
(1.19753 0.0823608 0)
(1.20706 0.0964469 3.73026e-34)
(1.19026 0.112178 -1.75005e-34)
(1.16404 0.122906 0)
(1.13523 0.131188 0)
(1.10367 0.135443 0)
(1.07025 0.133876 0)
(1.03955 0.125548 0)
(1.01661 0.113584 0)
(0.999946 0.100025 0)
(0.987958 0.0865382 0)
(0.975556 0.0731035 0)
(0.943039 0.0596031 0)
(0.844173 0.0445592 0)
(0.623836 0.0281642 0)
(0.315088 0.00987391 0)
(0.062619 0.000874375 0)
(0.503697 0.0263274 2.17428e-20)
(0.979463 0.0591518 -1.67258e-20)
(1.17725 0.0954434 0)
(1.23302 0.118028 1.52047e-20)
(1.23278 0.135836 -1.23195e-20)
(1.20754 0.151369 1.8464e-34)
(1.17554 0.16081 0)
(1.14106 0.167308 1.07588e-20)
(1.10382 0.169069 -3.60193e-20)
(1.06482 0.164486 7.48252e-21)
(1.02907 0.153287 0)
(1.00137 0.137213 -2.03341e-20)
(0.982513 0.120796 -2.46505e-20)
(0.967942 0.104879 4.31605e-20)
(0.949542 0.0893643 -3.42905e-20)
(0.907752 0.0728879 0)
(0.794514 0.0546228 -1.26729e-20)
(0.560589 0.033657 0)
(0.263233 0.0132596 -6.91693e-20)
(0.0446783 0.00142696 8.17794e-20)
(0.535286 0.05456 -3.30006e-21)
(1.03553 0.102189 3.65027e-20)
(1.22219 0.146526 2.25949e-21)
(1.26515 0.166241 -2.86408e-20)
(1.25608 0.184379 -2.56687e-20)
(1.22283 0.197893 4.20826e-20)
(1.18474 0.20544 0)
(1.14418 0.210022 0)
(1.10112 0.209212 5.71929e-20)
(1.05629 0.201269 0)
(1.01422 0.185717 7.25352e-20)
(0.980943 0.16686 2.18164e-20)
(0.955715 0.14916 3.32114e-22)
(0.935011 0.132127 -4.76625e-20)
(0.914023 0.115829 0)
(0.869163 0.0993029 0)
(0.752855 0.0756943 -2.1015e-19)
(0.52602 0.0501097 5.26245e-19)
(0.249172 0.0205418 -3.12244e-19)
(0.0415672 0.00429187 -3.69416e-19)
(0.539748 0.0776307 3.36284e-21)
(1.06712 0.159384 1.94424e-21)
(1.2557 0.208082 4.04146e-21)
(1.29098 0.225525 4.8626e-20)
(1.27422 0.241201 1.38438e-20)
(1.23443 0.250656 -1.07405e-19)
(1.19064 0.25486 3.84312e-20)
(1.14423 0.256373 0)
(1.09538 0.252138 -1.20557e-19)
(1.04445 0.240979 1.1311e-19)
(0.997477 0.222939 -1.96604e-19)
(0.961208 0.203455 9.3275e-20)
(0.933955 0.18382 -6.30276e-20)
(0.911612 0.165188 1.40574e-19)
(0.884772 0.147175 0)
(0.835953 0.128658 -5.28015e-20)
(0.723538 0.104046 0)
(0.514072 0.0685676 2.95388e-19)
(0.252829 0.0342513 -7.0113e-19)
(0.0508473 0.0065591 4.39482e-19)
(0.529651 0.109755 -7.97286e-20)
(1.08198 0.217074 2.82366e-20)
(1.27551 0.273869 2.40493e-21)
(1.30826 0.289774 0)
(1.28629 0.302583 -3.88662e-20)
(1.24167 0.307312 4.9171e-20)
(1.19307 0.307456 -4.10611e-20)
(1.1416 0.305152 0)
(1.0877 0.297039 8.55666e-20)
(1.03148 0.28203 -7.90113e-20)
(0.979189 0.260491 1.71389e-19)
(0.936173 0.236415 0)
(0.902441 0.214603 -1.33605e-19)
(0.874568 0.195883 7.47248e-20)
(0.850384 0.179346 1.93624e-19)
(0.807189 0.162057 -1.70377e-19)
(0.704222 0.13481 2.76323e-19)
(0.511076 0.0941747 -6.12399e-19)
(0.26746 0.0498796 3.8755e-19)
(0.0629467 0.0119555 -4.8528e-19)
(0.515228 0.133981 7.38676e-20)
(1.08714 0.272143 -5.50981e-20)
(1.28593 0.34073 5.80102e-21)
(1.31744 0.355241 9.57957e-21)
(1.29176 0.365218 -2.17897e-20)
(1.2438 0.365427 1.30753e-20)
(1.19144 0.361596 3.64645e-21)
(1.13569 0.355366 -8.80213e-20)
(1.07703 0.343344 -8.88503e-20)
(1.01579 0.32462 -1.69948e-19)
(0.959144 0.300092 -3.68915e-19)
(0.915051 0.274932 -1.16781e-19)
(0.882901 0.254101 2.54684e-21)
(0.857889 0.235716 -2.60323e-19)
(0.827486 0.217137 -6.3442e-21)
(0.780693 0.195313 2.48578e-19)
(0.683273 0.164934 -7.60581e-20)
(0.506706 0.119736 -4.43404e-20)
(0.278791 0.0670385 0)
(0.0722194 0.0177731 1.03441e-18)
(0.496344 0.154803 0)
(1.07868 0.321863 2.20961e-20)
(1.28759 0.404269 0)
(1.32 0.419033 -1.23285e-20)
(1.29184 0.427145 1.31885e-20)
(1.2415 0.423364 -3.45156e-20)
(1.18624 0.415876 4.31044e-20)
(1.12717 0.405744 1.46473e-19)
(1.06499 0.38965 -5.03251e-20)
(1.00037 0.366917 8.1621e-20)
(0.940165 0.338132 1.98515e-19)
(0.891715 0.310361 2.55805e-19)
(0.853453 0.285834 -1.55765e-19)
(0.821372 0.263733 2.81816e-19)
(0.797523 0.245009 -2.24225e-19)
(0.760109 0.227556 0)
(0.67365 0.195927 -5.79038e-19)
(0.509243 0.146535 7.79037e-19)
(0.288516 0.0843507 5.84716e-20)
(0.0788932 0.0234423 -1.09296e-18)
(0.481847 0.175599 -5.31965e-21)
(1.07035 0.370992 -7.28365e-20)
(1.28481 0.465665 -1.5135e-19)
(1.31782 0.480674 5.76763e-20)
(1.28753 0.487141 1.97649e-20)
(1.2354 0.479873 -2.90879e-20)
(1.17794 0.469139 7.95167e-20)
(1.11637 0.455371 -3.89788e-20)
(1.05124 0.435583 -1.96574e-19)
(0.982934 0.409301 4.42082e-22)
(0.919489 0.377659 -2.15679e-19)
(0.869643 0.347306 -2.73837e-19)
(0.834038 0.321272 1.72784e-19)
(0.809185 0.30135 -1.01262e-19)
(0.779313 0.282861 2.43352e-19)
(0.736866 0.258623 0)
(0.653167 0.225485 -3.58588e-19)
(0.500822 0.171166 5.29891e-19)
(0.291699 0.100006 1.00922e-18)
(0.0823104 0.0286036 -1.18717e-18)
(0.466881 0.193138 -3.44388e-19)
(1.05625 0.415353 1.70586e-19)
(1.27773 0.523124 9.89541e-20)
(1.31192 0.539268 -6.5256e-20)
(1.27996 0.544763 1.12705e-20)
(1.22653 0.534455 -4.74701e-20)
(1.16741 0.520774 -4.9239e-20)
(1.10383 0.50368 -5.56748e-20)
(1.03616 0.480458 -1.12895e-19)
(0.96507 0.450171 1.85658e-19)
(0.899436 0.414279 2.13849e-19)
(0.848111 0.380245 4.32853e-19)
(0.809319 0.35289 0)
(0.775221 0.328946 5.71522e-21)
(0.751633 0.307576 -6.70019e-19)
(0.717934 0.288832 1.55004e-19)
(0.642576 0.253689 7.71178e-19)
(0.494431 0.19503 -2.26995e-19)
(0.286953 0.114271 4.77006e-19)
(0.0816443 0.0316218 -4.00013e-20)
(0.457836 0.212205 6.08959e-21)
(1.04511 0.459313 1.70413e-19)
(1.26885 0.578364 8.33145e-20)
(1.30347 0.595363 -1.50401e-19)
(1.26991 0.599658 4.48113e-20)
(1.21551 0.586565 3.87854e-20)
(1.15507 0.570368 4.92521e-20)
(1.08978 0.55031 1.59089e-19)
(1.0199 0.524038 2.20759e-19)
(0.946189 0.490717 -2.19612e-19)
(0.877821 0.45218 0)
(0.825371 0.415354 -1.65414e-19)
(0.787133 0.384792 1.8991e-19)
(0.763114 0.360926 2.44515e-19)
(0.733805 0.340008 -1.40917e-19)
(0.69457 0.313834 -3.48632e-19)
(0.62028 0.278106 -1.04914e-19)
(0.480374 0.21289 -1.24091e-21)
(0.277704 0.12387 0)
(0.0781447 0.0338337 0)
(0.449343 0.227759 -1.93029e-19)
(1.03175 0.499288 0)
(1.25763 0.629646 1.04866e-19)
(1.29289 0.648168 -5.52937e-20)
(1.25808 0.651644 -3.92174e-20)
(1.20299 0.636124 1.29021e-20)
(1.14148 0.617717 4.67858e-20)
(1.07483 0.59505 -1.03566e-19)
(1.00336 0.565986 1.60743e-19)
(0.928402 0.529284 -7.64216e-20)
(0.859054 0.485534 1.2125e-19)
(0.804057 0.445744 5.2139e-19)
(0.763923 0.41373 1.35615e-20)
(0.728469 0.385283 -2.52973e-19)
(0.706461 0.362079 4.75358e-19)
(0.67643 0.340462 4.49505e-21)
(0.607548 0.298963 1.12245e-19)
(0.467949 0.230264 -5.39593e-19)
(0.26715 0.130797 5.48609e-19)
(0.0732365 0.0354262 -6.53839e-19)
(0.443108 0.246757 3.66966e-23)
(1.02055 0.53875 0)
(1.24595 0.678921 0)
(1.28098 0.69868 4.44698e-20)
(1.24503 0.70091 2.45195e-20)
(1.18947 0.682938 6.07504e-21)
(1.12711 0.6626 -7.48176e-20)
(1.05939 0.637691 0)
(0.986351 0.606139 -2.41617e-19)
(0.90829 0.56648 3.18235e-19)
(0.834191 0.521531 3.51641e-19)
(0.778 0.478589 -1.93141e-19)
(0.739379 0.441211 -2.36019e-19)
(0.715048 0.414525 5.54825e-19)
(0.687323 0.39016 -1.68526e-19)
(0.651071 0.358676 -2.02653e-19)
(0.582306 0.318351 -1.22548e-19)
(0.449034 0.241435 -5.82946e-19)
(0.254141 0.135576 8.33248e-20)
(0.0674628 0.0357737 7.07346e-19)
(0.439371 0.265406 -8.10421e-20)
(1.00886 0.574807 -1.22939e-19)
(1.23302 0.724241 2.35167e-20)
(1.26818 0.745808 -5.82702e-24)
(1.23144 0.747271 -1.12869e-20)
(1.17543 0.727242 -2.32569e-20)
(1.11228 0.705161 0)
(1.0435 0.678219 6.40912e-20)
(0.968721 0.644667 -5.0537e-20)
(0.889037 0.603064 5.21655e-19)
(0.81524 0.554125 -8.30154e-20)
(0.757721 0.505859 9.31403e-20)
(0.714926 0.468691 0)
(0.68015 0.434167 -3.01161e-19)
(0.658694 0.405282 3.68347e-19)
(0.631528 0.381129 0)
(0.566584 0.331727 -2.66116e-19)
(0.43125 0.252438 7.80384e-19)
(0.240233 0.13829 9.21946e-20)
(0.0612388 0.0352253 -8.72834e-19)
(0.437454 0.2823 -1.86269e-19)
(0.999346 0.610333 2.39422e-19)
(1.22042 0.767837 0)
(1.25498 0.79078 1.21969e-19)
(1.21746 0.791165 0)
(1.16117 0.769069 4.76118e-22)
(1.09734 0.745367 0)
(1.02768 0.716701 0)
(0.951975 0.681461 -7.53471e-20)
(0.870717 0.637323 -4.99137e-19)
(0.792541 0.584442 -6.50681e-19)
(0.730952 0.535513 1.1166e-19)
(0.689227 0.491727 4.07316e-19)
(0.665843 0.458674 3.33996e-19)
(0.639322 0.43016 -1.18198e-18)
(0.604617 0.393482 -4.80742e-19)
(0.538604 0.346356 2.80467e-19)
(0.408794 0.257702 0)
(0.224985 0.139051 7.96143e-19)
(0.0547285 0.0337874 -9.43164e-19)
(0.436036 0.298085 2.10576e-19)
(0.989063 0.642443 -2.67624e-19)
(1.20738 0.807525 0)
(1.24166 0.832395 -1.03855e-20)
(1.20358 0.832289 -4.72543e-20)
(1.14695 0.808587 0)
(1.08249 0.783436 2.23889e-20)
(1.012 0.753172 4.92429e-20)
(0.934429 0.716018 -1.31633e-19)
(0.849557 0.670157 6.16581e-20)
(0.768564 0.616537 0)
(0.707342 0.562943 4.56451e-19)
(0.665857 0.517044 4.21871e-21)
(0.628539 0.476457 1.80665e-19)
(0.608501 0.440821 2.15751e-19)
(0.583205 0.411788 0)
(0.520415 0.35286 -4.65724e-19)
(0.388841 0.262766 9.13634e-19)
(0.209113 0.13787 -9.69376e-19)
(0.0484552 0.0316403 2.03801e-18)
(0.43499 0.313092 0)
(0.980598 0.674437 0)
(1.19506 0.845727 -1.4268e-19)
(1.2284 0.871967 0)
(1.18969 0.871086 0)
(1.1329 0.84584 4.99642e-20)
(1.068 0.819416 2.12198e-20)
(0.996584 0.787669 1.71902e-20)
(0.917919 0.749734 -2.68409e-20)
(0.832648 0.703028 0)
(0.750969 0.647329 -1.00416e-19)
(0.684849 0.590294 -3.74337e-19)
(0.634977 0.540159 -4.56924e-19)
(0.612186 0.497577 -1.85771e-19)
(0.587136 0.462504 2.35506e-19)
(0.55461 0.416478 -5.57164e-19)
(0.490634 0.36287 1.00463e-18)
(0.363734 0.262229 5.47318e-21)
(0.192922 0.134727 -9.34015e-19)
(0.0424812 0.0291052 -1.38207e-19)
(0.433828 0.327764 0)
(0.971501 0.703459 -2.1191e-19)
(1.18263 0.880489 1.63165e-19)
(1.21531 0.908449 0)
(1.17615 0.907264 0)
(1.11918 0.880876 -1.24366e-19)
(1.05375 0.853375 0)
(0.981793 0.82047 0)
(0.902074 0.781128 -2.77212e-19)
(0.81432 0.732469 9.20487e-20)
(0.727132 0.674027 -8.611e-19)
(0.657741 0.615444 0)
(0.613794 0.562199 -4.95137e-19)
(0.572493 0.513916 1.13231e-20)
(0.552372 0.466727 -7.54551e-19)
(0.530435 0.430059 3.0082e-19)
(0.471417 0.359735 3.12366e-21)
(0.345537 0.260463 -1.06498e-18)
(0.178696 0.130344 5.04953e-19)
(0.0376594 0.0267848 1.47909e-19)
(0.432811 0.341961 0)
(0.963967 0.732392 -2.62936e-19)
(1.17095 0.914043 1.73606e-19)
(1.20252 0.94309 3.29049e-19)
(1.16284 0.941252 4.92485e-20)
(1.10581 0.913788 -2.63943e-20)
(1.04027 0.885429 6.3534e-21)
(0.967879 0.851519 1.90023e-19)
(0.886951 0.81148 2.96538e-19)
(0.797056 0.76331 6.6213e-19)
(0.708631 0.705564 7.15184e-19)
(0.637294 0.644473 1.28945e-19)
(0.579914 0.586304 7.14802e-19)
(0.553377 0.532937 4.49243e-19)
(0.528365 0.486436 5.42987e-19)
(0.498313 0.42548 -3.32769e-19)
(0.439575 0.36167 -3.91392e-19)
(0.320693 0.251044 4.58952e-19)
(0.164118 0.122496 -2.71278e-19)
(0.0353591 0.0276935 4.80549e-19)
(0.431672 0.355723 3.54063e-19)
(0.955908 0.758491 4.15774e-19)
(1.15925 0.944608 9.70887e-20)
(1.19002 0.975003 1.62486e-20)
(1.14999 0.972857 -1.89566e-19)
(1.093 0.944574 3.75607e-20)
(1.02719 0.915488 -1.05932e-20)
(0.954236 0.880748 -2.13904e-20)
(0.872493 0.839931 -3.32998e-19)
(0.781561 0.789845 -7.234e-19)
(0.690439 0.729677 4.75168e-20)
(0.611989 0.668018 0)
(0.558196 0.609291 0)
(0.510023 0.549948 -2.31802e-19)
(0.486476 0.486242 -8.89446e-19)
(0.467447 0.43313 7.19554e-19)
(0.420448 0.338638 4.33289e-19)
(0.318351 0.230774 0)
(0.171039 0.101014 8.65634e-19)
(0.0295026 0.0061087 -5.16609e-19)
(0.430706 0.36876 -1.88716e-19)
(0.949078 0.784331 1.64578e-19)
(1.14826 0.974115 -2.21279e-19)
(1.17796 1.00529 -2.21448e-19)
(1.13756 1.00246 -8.33599e-20)
(1.08056 0.973358 5.78934e-21)
(1.01476 0.943749 0)
(0.941679 0.9084 -2.28482e-19)
(0.859166 0.867314 4.34125e-20)
(0.766014 0.818368 0)
(0.670306 0.761153 0)
(0.588696 0.697785 8.44511e-20)
(0.524046 0.632212 1.19012e-19)
(0.488186 0.568409 -2.49956e-19)
(0.457112 0.507827 6.40499e-19)
(0.425799 0.418862 -7.87205e-19)
(0.377547 0.325994 -9.27944e-19)
(0.303933 0.206096 8.20156e-19)
(0.20621 0.124502 -3.10544e-19)
(0.118128 0.088218 1.7992e-19)
(0.429464 0.381051 2.24476e-19)
(0.941712 0.807451 0)
(1.13732 1.00092 0)
(1.16626 1.03317 -7.1706e-20)
(1.12562 1.03001 5.80454e-20)
(1.06879 1.00024 -2.08995e-20)
(1.00292 0.97012 -3.06561e-20)
(0.929585 0.934336 1.95836e-19)
(0.846358 0.892751 5.76818e-19)
(0.752372 0.842639 -5.51312e-20)
(0.656055 0.781834 1.18551e-19)
(0.570637 0.720074 -7.33361e-19)
(0.504097 0.658944 -7.5441e-19)
(0.441078 0.591493 -1.33603e-19)
(0.402289 0.506629 0)
(0.375832 0.429264 -1.17179e-20)
(0.339885 0.270186 5.09629e-19)
(0.295097 0.107079 -8.60106e-19)
(0.254579 -0.0425789 6.48002e-19)
(0.079745 -0.0917298 5.3109e-19)
(0.428353 0.392736 -4.91753e-19)
(0.935301 0.830342 -2.15864e-19)
(1.127 1.02691 6.6138e-21)
(1.15498 1.05982 1.03052e-19)
(1.11406 1.05605 0)
(1.05727 1.02567 1.859e-19)
(0.991438 0.9953 2.35398e-20)
(0.917959 0.959212 -2.33642e-20)
(0.834057 0.917799 -2.9497e-19)
(0.737556 0.868695 -5.34573e-20)
(0.635829 0.813418 4.96514e-20)
(0.545459 0.751917 6.45411e-19)
(0.467467 0.684657 7.36878e-19)
(0.417431 0.613085 1.29332e-19)
(0.369179 0.541194 6.8189e-19)
(0.307117 0.415393 0)
(0.203727 0.263224 0)
(0.0348126 0.261552 6.12599e-19)
(-0.0703859 0.628981 -3.31932e-20)
(0.00189902 1.51194 -7.62666e-19)
(0.426838 0.403833 2.69157e-19)
(0.928438 0.850896 6.32298e-19)
(1.11671 1.05069 -9.22542e-19)
(1.14395 1.08469 5.26763e-19)
(1.10282 1.08083 -4.8777e-20)
(1.04617 1.05011 2.78752e-19)
(0.980241 1.01956 0)
(0.906519 0.983504 -1.40784e-19)
(0.821949 0.942311 0)
(0.725173 0.893354 6.91731e-19)
(0.624441 0.835017 -6.44729e-20)
(0.53081 0.775384 7.22907e-20)
(0.451185 0.718863 8.30527e-19)
(0.364891 0.653246 -2.8497e-19)
(0.279448 0.554875 -3.51447e-19)
(0.209123 0.477333 0)
(0.105201 0.567575 0)
(0.0348046 1.26849 0)
(0.0770914 2.4358 -3.4683e-19)
(0.10708 2.89736 -2.13559e-19)
(0.425415 0.414426 0)
(0.922447 0.87124 0)
(1.10704 1.07383 3.3227e-19)
(1.13338 1.10854 -4.36005e-19)
(1.09199 1.10434 2.71695e-19)
(1.03536 1.07336 -2.50981e-19)
(0.969455 1.04295 -1.38725e-21)
(0.895599 1.00707 1.08011e-21)
(0.810585 0.966491 4.31536e-20)
(0.711866 0.919413 -7.92444e-19)
(0.604838 0.866965 1.11327e-19)
(0.504436 0.812252 6.2902e-19)
(0.41172 0.752542 -8.2456e-19)
(0.341447 0.679118 -9.22725e-19)
(0.273399 0.619717 3.15485e-19)
(0.20539 0.740248 0)
(0.140288 1.50483 4.48057e-19)
(0.138156 2.67452 5.00294e-19)
(0.145013 3.08144 -5.59858e-19)
(0.135633 3.2192 6.11591e-19)
(0.423607 0.424303 0)
(0.916033 0.889286 5.30158e-19)
(1.09742 1.09484 -8.53076e-20)
(1.12313 1.1307 5.66934e-19)
(1.08154 1.12666 -2.85187e-19)
(1.02505 1.09566 0)
(0.959064 1.06537 0)
(0.88509 1.02989 0)
(0.799636 0.990337 1.88723e-19)
(0.700522 0.944052 3.14229e-20)
(0.594332 0.890624 0)
(0.494609 0.837177 -6.22155e-19)
(0.406896 0.78943 0)
(0.295641 0.735546 6.59355e-19)
(0.214192 0.812177 -4.36944e-19)
(0.169496 1.44702 -3.579e-19)
(0.174018 2.66442 -8.61254e-19)
(0.193636 3.12592 -4.46028e-19)
(0.183967 3.27079 -5.77761e-19)
(0.168813 3.31168 4.72751e-19)
(0.421969 0.433549 -1.81409e-19)
(0.910446 0.907208 1.5267e-20)
(1.08845 1.11538 -9.29457e-20)
(1.11335 1.15197 -4.49167e-19)
(1.07152 1.14782 0)
(1.01509 1.11686 0)
(0.949174 1.08703 0)
(0.875177 1.05215 9.77007e-21)
(0.789521 1.01344 -2.43269e-19)
(0.688999 0.969713 0)
(0.57861 0.92276 0)
(0.472309 0.877562 0)
(0.363536 0.831261 0)
(0.306934 0.822539 4.62163e-19)
(0.284185 1.18233 1.1623e-18)
(0.270054 2.34457 3.52534e-19)
(0.280912 3.08129 6.89404e-19)
(0.27375 3.28977 -4.99259e-19)
(0.223222 3.35752 1.85614e-19)
(0.189248 3.37011 0)
(0.420003 0.442287 1.85008e-19)
(0.904214 0.92334 -1.15649e-18)
(1.07928 1.13444 -3.21467e-19)
(1.10367 1.17226 -7.57788e-20)
(1.06168 1.16849 7.18642e-20)
(1.00543 1.13775 -4.6372e-19)
(0.939496 1.10826 2.71145e-20)
(0.865536 1.07398 4.26243e-21)
(0.779632 1.03687 0)
(0.679194 0.994879 -4.57513e-20)
(0.569732 0.947614 4.16194e-20)
(0.465188 0.902043 0)
(0.381928 0.87387 0)
(0.326973 0.997214 -5.76299e-19)
(0.290956 1.83783 4.63937e-20)
(0.287824 2.93136 -2.37048e-19)
(0.306716 3.2944 4.64466e-19)
(0.279676 3.39642 3.00067e-19)
(0.212031 3.42196 -3.17226e-19)
(0.186108 3.43062 1.56985e-19)
(0.41791 0.451111 3.59542e-19)
(0.898248 0.941022 1.11451e-18)
(1.06996 1.15485 3.92032e-19)
(1.09365 1.19333 0)
(1.0515 1.18946 0)
(0.995422 1.1588 3.55959e-19)
(0.92972 1.12986 -1.6607e-19)
(0.855945 1.09637 -9.24731e-21)
(0.770256 1.06013 3.94486e-21)
(0.66899 1.02043 5.04471e-19)
(0.557166 0.980505 -7.0497e-19)
(0.446085 0.94492 0)
(0.363148 0.948588 0)
(0.344995 1.34407 -3.67632e-19)
(0.355016 2.45071 -4.54006e-19)
(0.396282 3.19945 0)
(0.421708 3.38159 -3.3152e-19)
(0.351926 3.44623 1.30583e-19)
(0.277832 3.49049 -5.54967e-20)
(0.253449 3.51651 7.62768e-20)
(0.415039 0.460364 -6.82665e-19)
(0.890753 0.958093 -5.32206e-19)
(1.05944 1.17521 0)
(1.08279 1.21493 0)
(1.04064 1.21141 0)
(0.984901 1.18083 0)
(0.919401 1.15209 1.73592e-19)
(0.846013 1.11902 -8.46251e-20)
(0.760422 1.08438 0)
(0.659977 1.0474 -4.56617e-19)
(0.550095 1.00779 1.24344e-18)
(0.449325 0.97596 5.31846e-20)
(0.399019 1.06265 7.4555e-20)
(0.402185 1.73005 5.83226e-19)
(0.422184 2.88329 -2.75236e-19)
(0.458953 3.32837 0)
(0.441512 3.45807 6.6659e-20)
(0.352351 3.54686 9.77989e-20)
(0.269658 3.61515 2.51687e-19)
(0.193779 3.59508 -1.58502e-19)
(0.412019 0.469743 3.24317e-19)
(0.883328 0.977742 -5.31359e-19)
(1.04839 1.19781 0)
(1.0711 1.23786 -1.18575e-19)
(1.02892 1.23399 4.37785e-19)
(0.973573 1.20324 0)
(0.908579 1.17487 0)
(0.835667 1.14244 1.79288e-19)
(0.75087 1.10864 -2.11161e-20)
(0.650788 1.07317 3.91997e-19)
(0.53749 1.03954 -5.79822e-19)
(0.446961 1.03149 3.55993e-19)
(0.40925 1.2376 0)
(0.443108 2.14833 -2.99406e-19)
(0.489688 3.13916 2.10185e-19)
(0.550056 3.43571 7.34297e-20)
(0.543573 3.53798 0)
(0.475432 3.62909 -1.18764e-19)
(0.400437 3.67367 -5.95608e-19)
(0.317061 3.6444 -1.46513e-19)
(0.407679 0.479514 -6.36483e-19)
(0.873833 0.996323 7.58086e-19)
(1.03584 1.2201 5.49234e-19)
(1.05846 1.26132 -1.40152e-19)
(1.01645 1.25765 -6.68684e-19)
(0.961649 1.22675 0)
(0.897177 1.19829 1.9271e-19)
(0.825151 1.16607 -8.58204e-20)
(0.741023 1.1334 -3.23283e-21)
(0.642139 1.101 -3.39323e-19)
(0.533469 1.07155 -2.60114e-20)
(0.456871 1.08011 -3.99883e-19)
(0.459994 1.4504 4.15139e-19)
(0.517911 2.51779 6.79251e-20)
(0.583771 3.30614 -7.18176e-20)
(0.639205 3.49303 -1.08802e-19)
(0.59931 3.55299 0)
(0.535991 3.56251 0)
(0.434898 3.53153 -7.93376e-19)
(0.194821 3.32674 1.5292e-18)
(0.403339 0.489235 3.03797e-19)
(0.864421 1.0181 7.38081e-19)
(1.02265 1.24508 -5.48331e-19)
(1.04481 1.28618 5.19346e-19)
(1.00293 1.28177 6.72643e-19)
(0.948855 1.25039 0)
(0.885248 1.22203 -2.04837e-19)
(0.814077 1.1901 -1.75936e-19)
(0.731278 1.15828 0)
(0.634316 1.1266 0)
(0.529054 1.10329 0)
(0.466055 1.16298 0)
(0.497967 1.68127 -4.6212e-19)
(0.580254 2.81531 -7.16857e-20)
(0.659229 3.40593 0)
(0.703785 3.51326 9.78696e-20)
(0.699571 3.52164 0)
(0.773442 3.36997 2.47707e-19)
(0.868528 3.00831 -2.20675e-18)
(0.459649 2.64165 2.2261e-18)
(0.396992 0.498374 -6.03807e-19)
(0.852258 1.03808 -4.70065e-19)
(1.00758 1.26941 -3.57554e-19)
(1.03006 1.31166 -4.85737e-19)
(0.988614 1.30726 -3.22075e-19)
(0.935395 1.27543 0)
(0.872753 1.24662 -4.36257e-20)
(0.803049 1.21475 -3.25177e-21)
(0.721736 1.18348 2.25262e-20)
(0.626758 1.15468 0)
(0.526986 1.13994 2.61682e-20)
(0.485598 1.24436 -2.97452e-20)
(0.553921 1.91333 0)
(0.658853 3.05168 1.06388e-19)
(0.749536 3.45115 0)
(0.786164 3.49622 -2.34793e-19)
(0.792921 3.41481 6.07564e-19)
(0.782803 3.04479 -2.43807e-19)
(0.537421 2.04549 4.08198e-19)
(-0.354262 0.53213 -9.99597e-19)
(0.39018 0.50842 -1.30592e-20)
(0.839939 1.06186 -2.34878e-19)
(0.991472 1.29711 4.95511e-19)
(1.01378 1.33895 -1.90171e-20)
(0.972633 1.33352 -9.047e-20)
(0.920554 1.30102 0)
(0.859195 1.27224 2.42076e-19)
(0.79087 1.24037 1.72175e-19)
(0.711487 1.21015 -6.01714e-20)
(0.616676 1.18163 -1.04332e-19)
(0.530504 1.1754 -2.38248e-19)
(0.512045 1.35761 0)
(0.61133 2.19687 1.49366e-19)
(0.728219 3.20513 2.26556e-20)
(0.809067 3.43752 1.23523e-19)
(0.817907 3.43961 0)
(0.744283 3.2211 -3.03831e-19)
(0.572388 2.43647 3.56506e-19)
(0.131562 0.740166 -4.24333e-19)
(-0.258743 -0.432066 -3.87319e-19)
(0.381012 0.516438 5.52975e-19)
(0.823999 1.08278 -2.27534e-19)
(0.972943 1.32371 3.37632e-19)
(0.996153 1.36709 2.64129e-19)
(0.955739 1.36171 1.77366e-19)
(0.904909 1.32871 4.23011e-19)
(0.845057 1.29928 -4.75865e-19)
(0.77874 1.2676 -2.52036e-19)
(0.701508 1.23775 1.36578e-19)
(0.609654 1.21303 5.35961e-20)
(0.535125 1.2229 7.41595e-20)
(0.54371 1.48818 -1.47197e-19)
(0.669501 2.45923 -1.41321e-20)
(0.792935 3.28007 -2.91017e-21)
(0.85871 3.40788 -1.45356e-19)
(0.835943 3.33982 2.0522e-19)
(0.716356 2.90656 -5.09895e-19)
(0.459252 1.76298 3.15661e-19)
(0.0727117 0.0791463 0)
(-0.0780444 -0.187262 -6.15175e-19)
(0.37106 0.525188 0)
(0.807484 1.10754 -8.59533e-19)
(0.953078 1.35395 2.37043e-20)
(0.976581 1.39692 -4.52215e-19)
(0.936648 1.39032 0)
(0.887537 1.35654 -3.05101e-19)
(0.829475 1.3272 4.16865e-19)
(0.765361 1.29534 2.35773e-19)
(0.69132 1.26665 -1.93984e-19)
(0.60363 1.24338 3.21322e-20)
(0.539999 1.26688 1.47014e-19)
(0.581684 1.63288 4.60504e-20)
(0.734198 2.69604 -7.31151e-20)
(0.852586 3.32912 8.53338e-20)
(0.89617 3.37382 -1.68851e-19)
(0.826551 3.18294 3.03818e-19)
(0.584093 2.43602 2.29654e-19)
(0.136044 0.51689 -2.72186e-19)
(-0.126798 -0.244956 0)
(-0.108717 -0.20747 0)
(0.357635 0.530885 -5.20198e-19)
(0.78617 1.12773 8.41143e-19)
(0.930376 1.38217 0)
(0.9554 1.42749 0)
(0.916527 1.42095 0)
(0.869323 1.38662 0)
(0.813491 1.35638 -1.85525e-19)
(0.751961 1.32447 -1.51389e-20)
(0.680578 1.29606 -5.59251e-20)
(0.598861 1.27749 -9.04588e-22)
(0.55039 1.32972 -1.73235e-20)
(0.62121 1.79557 6.80151e-20)
(0.789065 2.8935 0)
(0.893399 3.31922 3.84808e-20)
(0.918232 3.3078 3.22359e-19)
(0.777794 2.9318 -1.23252e-19)
(0.4486 1.80446 2.39268e-19)
(0.0208784 0.00890162 1.36488e-19)
(-0.169384 -0.209723 -6.13545e-19)
(-0.0566094 -0.134197 -7.26198e-19)
(0.342133 0.536176 2.58412e-19)
(0.763055 1.15021 3.92648e-19)
(0.90621 1.41387 -9.31564e-21)
(0.931715 1.45928 2.25855e-19)
(0.893553 1.45133 0)
(0.848938 1.41608 5.13456e-19)
(0.795412 1.38587 -1.29904e-19)
(0.737105 1.3539 4.46348e-20)
(0.669611 1.32629 -3.32146e-20)
(0.595079 1.311 -8.50844e-21)
(0.560918 1.38709 1.85366e-20)
(0.666271 1.96621 2.97643e-20)
(0.851954 3.03045 3.49252e-20)
(0.941357 3.32214 6.37093e-20)
(0.93645 3.23248 -1.91775e-19)
(0.722588 2.63269 4.54208e-19)
(0.261318 1.00405 -2.63541e-19)
(-0.0683369 -0.247783 3.44129e-19)
(-0.172197 -0.236749 -1.01782e-18)
(-0.0607277 -0.146331 7.20987e-19)
(0.322797 0.537201 -2.41717e-19)
(0.735502 1.16765 0)
(0.87865 1.4421 -2.90749e-19)
(0.905697 1.49156 -4.3175e-19)
(0.869194 1.48369 0)
(0.827507 1.44773 -3.94014e-19)
(0.777008 1.41644 0)
(0.722093 1.38354 -2.62343e-19)
(0.656834 1.35631 1.0081e-19)
(0.593003 1.34632 -1.89111e-19)
(0.578387 1.45857 9.27394e-20)
(0.716003 2.16248 -9.65463e-22)
(0.893498 3.10761 -1.50218e-19)
(0.969519 3.28748 1.33568e-19)
(0.913767 3.09024 -1.80752e-19)
(0.589146 2.21359 -1.45561e-19)
(0.105792 0.262056 3.53944e-19)
(-0.154912 -0.299179 -4.10111e-19)
(-0.126168 -0.238089 6.42186e-22)
(-0.054145 -0.101785 -7.5077e-20)
(0.301302 0.536061 4.73846e-19)
(0.705978 1.18621 -3.68042e-19)
(0.848839 1.47244 3.00092e-19)
(0.876436 1.52387 2.06171e-19)
(0.841584 1.51475 2.6779e-20)
(0.803561 1.47777 2.21638e-19)
(0.755813 1.44616 0)
(0.70526 1.41346 -3.35886e-20)
(0.644764 1.38639 0)
(0.589782 1.38242 1.76878e-19)
(0.593527 1.52955 -7.93975e-20)
(0.761262 2.31661 3.06202e-20)
(0.946886 3.15983 2.0652e-19)
(1.00834 3.26796 1.57882e-19)
(0.915904 2.95851 -8.08241e-20)
(0.525624 1.82778 1.53314e-19)
(-0.00716557 -0.0557784 -5.18178e-19)
(-0.218324 -0.277906 -3.00376e-19)
(-0.12556 -0.259166 -1.19276e-19)
(-0.0611417 -0.0827649 5.62503e-19)
(0.275791 0.527857 4.19677e-21)
(0.670919 1.19692 1.85153e-19)
(0.814345 1.49754 0)
(0.843969 1.55592 3.85772e-19)
(0.812171 1.54767 -5.70076e-19)
(0.777877 1.50959 2.17865e-19)
(0.733906 1.47677 -1.52885e-19)
(0.6879 1.44191 2.23986e-19)
(0.631849 1.41612 -2.17209e-19)
(0.588 1.41767 2.57904e-20)
(0.613824 1.59704 -1.59606e-19)
(0.812587 2.46689 -2.3047e-19)
(0.977534 3.18553 3.8182e-20)
(1.01821 3.21739 -2.82998e-19)
(0.854413 2.73658 -2.0599e-19)
(0.348845 1.29621 3.77647e-19)
(-0.0724065 -0.218937 -3.26791e-19)
(-0.237809 -0.312048 2.03756e-19)
(-0.13237 -0.300283 3.25725e-22)
(-0.0633704 -0.0956799 -5.24855e-19)
(0.247463 0.51398 8.69368e-19)
(0.632392 1.20565 -1.81941e-19)
(0.776695 1.52286 -5.13825e-19)
(0.808065 1.58571 4.17076e-19)
(0.779663 1.57761 -2.53787e-19)
(0.749384 1.53868 4.14153e-19)
(0.708807 1.5052 2.55455e-19)
(0.66874 1.47026 0)
(0.619315 1.44266 2.52465e-19)
(0.582525 1.45254 -3.85276e-20)
(0.630939 1.66587 3.16096e-20)
(0.856396 2.56983 2.55544e-19)
(1.02005 3.1919 3.31337e-20)
(1.03991 3.19176 5.29146e-21)
(0.839989 2.59501 -2.71235e-19)
(0.39995 0.986046 -1.08146e-19)
(-0.0549588 -0.224173 3.43338e-19)
(-0.197295 -0.323309 1.62876e-19)
(-0.127968 -0.320733 5.22444e-20)
(-0.0237637 -0.0773039 4.85259e-19)
(0.214777 0.48901 0)
(0.586965 1.20208 1.69485e-19)
(0.733193 1.54072 -2.34146e-19)
(0.768384 1.61472 4.00528e-19)
(0.744593 1.609 -5.26266e-19)
(0.717791 1.56869 2.15419e-19)
(0.681978 1.53336 0)
(0.647056 1.49585 0)
(0.606619 1.46831 0)
(0.577788 1.48448 6.55297e-20)
(0.650986 1.71296 -6.14343e-20)
(0.904498 2.64427 5.92037e-20)
(1.05067 3.20287 2.43571e-19)
(1.04133 3.1583 1.67299e-19)
(0.714317 2.41941 -3.24086e-19)
(0.109545 0.598198 1.36994e-19)
(-0.249162 -0.0710048 2.5064e-20)
(-0.278942 -0.275438 -3.55814e-19)
(-0.233329 -0.300649 5.8653e-20)
(-0.001987 -0.0101916 0)
(0.179279 0.453634 7.89361e-19)
(0.537041 1.19148 -1.58491e-19)
(0.686079 1.55538 4.2925e-21)
(0.72509 1.63844 0)
(0.705826 1.63448 -2.48941e-19)
(0.683089 1.59441 1.77717e-20)
(0.651789 1.5589 0)
(0.624268 1.51945 7.89486e-20)
(0.590946 1.48865 -6.22933e-20)
(0.56929 1.50825 0)
(0.663209 1.75493 0)
(0.941405 2.67456 -1.42123e-19)
(1.09566 3.20189 -2.80254e-19)
(1.05895 3.16365 -2.52091e-20)
(0.695314 2.38675 -1.52578e-19)
(0.000551752 0.689334 1.18794e-19)
(-0.439788 -0.0355449 0)
(-0.525489 -0.580438 -2.66459e-19)
(-0.489561 -0.681558 -4.67398e-19)
(-0.162354 -0.340256 1.24832e-18)
(0.140477 0.402559 6.50568e-19)
(0.479489 1.16124 -1.51063e-19)
(0.632064 1.55854 2.17532e-19)
(0.676876 1.66081 -5.37322e-19)
(0.663326 1.66092 0)
(0.644592 1.62041 0)
(0.618469 1.58126 0)
(0.596569 1.54122 7.75331e-20)
(0.576044 1.50473 -6.11327e-20)
(0.558544 1.52377 0)
(0.667777 1.7653 0)
(0.985632 2.66319 2.54664e-19)
(1.16465 3.19835 -1.81587e-19)
(1.14642 3.17186 1.17294e-19)
(0.788887 2.37591 6.53919e-19)
(0.133757 0.759843 0)
(-0.365139 -0.0545721 -2.26437e-19)
(-0.608145 -0.880183 -1.63496e-19)
(-0.64523 -1.22713 1.96296e-18)
(-0.397712 -1.00597 -2.38353e-18)
(0.100594 0.336655 -6.05197e-19)
(0.416715 1.11616 1.5692e-19)
(0.573706 1.55203 4.50704e-19)
(0.624083 1.6725 3.12847e-19)
(0.615463 1.67705 -2.52774e-19)
(0.602319 1.63987 -1.70604e-19)
(0.581612 1.6012 1.18942e-19)
(0.566613 1.55673 0)
(0.554343 1.51749 0)
(0.546061 1.52722 0)
(0.658801 1.75426 -1.22283e-19)
(1.01144 2.61349 -2.4037e-19)
(1.27214 3.15142 1.88503e-19)
(1.36135 3.15345 -1.10883e-19)
(1.16655 2.59135 -3.15148e-20)
(0.696573 1.21933 0)
(0.0656925 0.150908 3.91566e-19)
(-0.291111 -0.846308 -2.02477e-18)
(-0.58116 -1.47161 4.40534e-18)
(-0.450084 -1.44017 -2.42213e-18)
(0.0604873 0.25449 6.41744e-19)
(0.344997 1.03984 -5.2728e-19)
(0.506502 1.52711 0)
(0.565618 1.68207 1.53542e-19)
(0.563755 1.69432 1.11378e-19)
(0.556058 1.65979 2.39042e-19)
(0.539252 1.61522 -1.11188e-19)
(0.530756 1.56968 0)
(0.526805 1.52197 0)
(0.529207 1.52053 -1.92986e-19)
(0.634654 1.71125 1.49676e-20)
(1.01486 2.48676 1.10857e-19)
(1.34702 3.05507 5.73827e-20)
(1.50866 2.97962 2.58884e-19)
(1.42047 2.60621 -7.09214e-19)
(1.18285 1.72538 7.96423e-19)
(0.661496 0.652824 -6.3927e-19)
(0.202164 -0.362537 0)
(-0.143602 -1.13961 -3.5572e-22)
(-0.357278 -1.50861 8.94522e-19)
(0.0243722 0.1689 6.62088e-19)
(0.267769 0.940098 0)
(0.435029 1.48042 0)
(0.500797 1.67092 0)
(0.505794 1.6967 9.28558e-20)
(0.50356 1.66934 -2.32911e-19)
(0.492885 1.62558 -1.02564e-19)
(0.486802 1.57703 0)
(0.493226 1.52005 0)
(0.502927 1.50188 1.19981e-19)
(0.5881 1.63362 4.82732e-20)
(0.930941 2.29472 -4.56288e-20)
(1.28879 2.88884 -5.91817e-20)
(1.42544 2.81764 -8.74934e-20)
(1.35785 2.56484 1.76127e-20)
(1.23525 1.97827 -2.89143e-19)
(0.845647 1.05689 2.26028e-19)
(0.451111 0.17182 0)
(0.0862348 -0.650992 3.3263e-22)
(-0.0910904 -0.900582 -5.67232e-19)
(0.00253298 0.101007 -6.28633e-19)
(0.180466 0.78811 2.16949e-19)
(0.354658 1.40383 3.3235e-19)
(0.431647 1.65543 -2.03321e-20)
(0.443865 1.70041 -2.00313e-19)
(0.446448 1.67908 -1.27798e-19)
(0.438476 1.6305 2.86552e-19)
(0.436607 1.57782 -8.1296e-21)
(0.440628 1.51395 0)
(0.459684 1.47222 3.06263e-20)
(0.499894 1.54886 2.69236e-21)
(0.731728 1.98009 1.75373e-20)
(1.09033 2.72356 0)
(1.18329 2.69225 3.91725e-20)
(1.16989 2.54384 0)
(1.08499 2.18763 7.31297e-20)
(0.847177 1.5545 8.73912e-20)
(0.542593 0.850325 0)
(0.235115 0.178396 0)
(0.01093 -0.253695 -1.17752e-18)
(-0.00425162 0.0457512 5.09979e-19)
(0.104452 0.603404 -1.91193e-19)
(0.277741 1.28284 1.49694e-19)
(0.356835 1.60182 -2.34585e-19)
(0.37582 1.68291 9.06864e-20)
(0.381512 1.67624 -3.00809e-20)
(0.378455 1.63051 1.84343e-20)
(0.375727 1.5762 -3.8592e-20)
(0.375367 1.50731 -2.32846e-20)
(0.398041 1.4414 -1.28781e-20)
(0.399725 1.47823 5.88688e-21)
(0.502422 1.77744 0)
(0.808341 2.52921 1.79182e-20)
(0.868176 2.63717 0)
(0.85121 2.58715 0)
(0.796033 2.40633 0)
(0.672168 2.02983 7.00623e-19)
(0.45117 1.45815 -1.80869e-18)
(0.24204 0.930053 9.8597e-21)
(0.0762337 0.428439 1.28155e-18)
(0.00395489 -0.00701773 8.98876e-20)
(0.0387685 0.307748 8.44742e-20)
(0.202176 1.11086 -6.88246e-20)
(0.280735 1.53771 -5.0923e-20)
(0.302445 1.66512 4.11759e-20)
(0.310735 1.66691 2.82099e-20)
(0.311302 1.63037 1.94126e-20)
(0.308454 1.5726 0)
(0.302935 1.50335 -9.34415e-21)
(0.314296 1.42045 -4.75795e-21)
(0.312141 1.43535 5.77295e-21)
(0.309626 1.66077 0)
(0.530123 2.38292 7.98404e-21)
(0.596786 2.66542 -2.89417e-20)
(0.542435 2.69029 0)
(0.500435 2.62542 0)
(0.428738 2.41745 -3.82965e-20)
(0.293254 1.99621 0)
(0.149579 1.48671 -3.04077e-20)
(0.0484176 0.883341 0)
(0.0138904 -0.0740288 0)
(0.0122051 0.115107 0)
(0.109355 0.833516 0)
(0.193587 1.39952 0)
(0.222402 1.61568 -1.00075e-33)
(0.233695 1.64736 7.33008e-34)
(0.238467 1.62604 0)
(0.243231 1.56512 0)
(0.233301 1.50196 0)
(0.23521 1.4214 0)
(0.243761 1.42928 0)
(0.19284 1.60537 0)
(0.333631 2.2743 0)
(0.407139 2.68611 0)
(0.355066 2.78827 0)
(0.308467 2.77967 0)
(0.265074 2.66764 0)
(0.182825 2.36632 0)
(0.0830404 1.91542 0)
(0.0137667 1.18173 0)
(0.010849 -0.121516 0)
(0.00337885 0.041642 0)
(0.0370261 0.673273 0)
(0.105313 1.28766 0)
(0.136661 1.56145 0)
(0.157767 1.62317 0)
(0.165696 1.61384 0)
(0.180312 1.55925 0)
(0.170158 1.50466 0)
(0.173258 1.43172 0)
(0.189142 1.43966 0)
(0.123971 1.58606 0)
(0.210538 2.22021 0)
(0.27776 2.70449 0)
(0.234013 2.86182 0)
(0.192069 2.88443 0)
(0.162522 2.81564 0)
(0.108457 2.56513 0)
(0.0350172 2.13415 0)
(0.00112304 1.34567 0)
(0.00440906 -0.139787 0)
(-0.00405149 0.0410285 0)
(-0.00760606 0.598236 0)
(0.0320181 1.21247 0)
(0.0578453 1.51248 0)
(0.0844553 1.59515 0)
(0.100349 1.59782 0)
(0.121748 1.55579 0)
(0.120981 1.50764 0)
(0.126094 1.43917 0)
(0.140504 1.45332 0)
(0.0835077 1.57799 0)
(0.127755 2.18779 0)
(0.177305 2.72416 0)
(0.138981 2.91643 0)
(0.107365 2.96093 0)
(0.0867265 2.91709 0)
(0.0516849 2.70379 0)
(0.00892878 2.27252 0)
(-0.0120918 1.36704 0)
(-0.00175192 -0.123802 0)
(-0.0171337 0.0793234 0)
(-0.03902 0.598069 0)
(-0.0204747 1.16491 0)
(-0.00353981 1.46503 0)
(0.0262125 1.56071 0)
(0.04743 1.5743 0)
(0.0710223 1.54599 0)
(0.0863734 1.50193 0)
(0.08305 1.44145 0)
(0.0982221 1.46288 0)
(0.0533555 1.57867 0)
(0.0711062 2.16636 0)
(0.106417 2.73926 0)
(0.0699218 2.95634 0)
(0.0504572 3.02108 0)
(0.0368942 2.98927 0)
(0.0100283 2.79601 0)
(-0.0123397 2.36491 0)
(-0.0171696 1.34121 0)
(-0.00485423 -0.0765373 0)
(-0.0280807 0.157879 0)
(-0.0569724 0.629885 0)
(-0.050755 1.14045 0)
(-0.0400628 1.4185 0)
(-0.0124136 1.51804 0)
(0.00744283 1.54207 0)
(0.0307664 1.52381 0)
(0.054253 1.48886 0)
(0.0408125 1.44345 0)
(0.0586214 1.47039 0)
(0.0282903 1.58302 0)
(0.0286982 2.15257 0)
(0.0567532 2.74517 0)
(0.0230762 2.98426 0)
(0.00823959 3.06574 0)
(-0.00531353 3.04256 0)
(-0.020306 2.83846 0)
(-0.0359153 2.36896 0)
(-0.0201886 1.27066 0)
(-0.00632685 -0.0132753 0)
(-0.0310901 0.245788 0)
(-0.0640483 0.673404 0)
(-0.0628304 1.1247 0)
(-0.0547602 1.37629 0)
(-0.0312303 1.47644 0)
(-0.0160717 1.50822 0)
(0.00324793 1.49916 0)
(0.0204951 1.4774 0)
(0.0103616 1.44556 0)
(0.0206125 1.47467 0)
(0.0095982 1.58748 0)
(0.00292439 2.15202 0)
(0.0143343 2.74961 0)
(-0.0135419 3.0041 0)
(-0.022424 3.09124 0)
(-0.0355496 3.06675 0)
(-0.0436703 2.85867 0)
(-0.049272 2.34322 0)
(-0.0272476 1.1279 0)
(-0.00613327 0.0530659 0)
(-0.0286311 0.336645 0)
(-0.0608425 0.721054 0)
(-0.0635375 1.11631 0)
(-0.0556553 1.34319 0)
(-0.0367336 1.4435 0)
(-0.023096 1.4806 0)
(-0.0111163 1.48218 0)
(-0.00138974 1.46943 0)
(-0.00496007 1.44735 0)
(-0.00890483 1.47508 0)
(-0.0111064 1.59226 0)
(-0.0131102 2.1562 0)
(-0.0140473 2.76445 0)
(-0.037433 3.02429 0)
(-0.042559 3.10752 0)
(-0.0540669 3.07692 0)
(-0.0629587 2.8571 0)
(-0.0562899 2.28244 0)
(-0.0263895 0.967148 0)
(-0.0046487 0.110456 0)
(-0.0224992 0.419069 0)
(-0.051512 0.77197 0)
(-0.0576803 1.11369 0)
(-0.0495767 1.32059 0)
(-0.0353734 1.42058 0)
(-0.0212641 1.46152 0)
(-0.0149553 1.47338 0)
(-0.00631589 1.46538 0)
(-0.0119961 1.45287 0)
(-0.0279077 1.4772 0)
(-0.0351928 1.59297 0)
(-0.0336712 2.16116 0)
(-0.0300053 2.78145 0)
(-0.0518037 3.04164 0)
(-0.0567801 3.12375 0)
(-0.0639534 3.09317 0)
(-0.068804 2.8424 0)
(-0.0548018 2.20323 0)
(-0.0185385 0.819724 0)
(-0.00328192 0.154753 0)
(-0.0163496 0.487042 0)
(-0.0402282 0.82171 0)
(-0.0492425 1.11537 0)
(-0.0421335 1.30443 0)
(-0.0313632 1.40291 0)
(-0.017972 1.44684 0)
(-0.0123397 1.46726 0)
(-0.00520192 1.46443 0)
(-0.014277 1.46544 0)
(-0.0380851 1.48711 0)
(-0.056419 1.59455 0)
(-0.0590883 2.16195 0)
(-0.044961 2.79325 0)
(-0.0678598 3.05453 0)
(-0.0703807 3.1372 0)
(-0.0738017 3.09607 0)
(-0.0670476 2.81927 0)
(-0.050935 2.11529 0)
(-0.00938164 0.700366 0)
(-0.00227363 0.186575 0)
(-0.0111416 0.538621 0)
(-0.0288258 0.864644 0)
(-0.0387406 1.12161 0)
(-0.0346313 1.29207 0)
(-0.0242229 1.38721 0)
(-0.0118768 1.43327 0)
(-0.00286231 1.46207 0)
(0.000839246 1.46419 0)
(-0.00760371 1.48109 0)
(-0.0365011 1.50513 0)
(-0.0702933 1.60554 0)
(-0.0769215 2.15568 0)
(-0.058825 2.80398 0)
(-0.081683 3.06519 0)
(-0.0768225 3.13906 0)
(-0.0806846 3.086 0)
(-0.0734916 2.77078 0)
(-0.0429182 1.99656 0)
(-0.00485853 0.605766 0)
(-0.00146303 0.207594 0)
(-0.00681392 0.573176 0)
(-0.0181607 0.89753 0)
(-0.0263904 1.13143 0)
(-0.0252269 1.28136 0)
(-0.012337 1.36934 0)
(0.000262762 1.41702 0)
(0.0191391 1.45368 0)
(0.0196287 1.46592 0)
(0.0171113 1.49686 0)
(-0.014064 1.53177 0)
(-0.0706266 1.62644 0)
(-0.0818003 2.14678 0)
(-0.0641351 2.81352 0)
(-0.0838846 3.06889 0)
(-0.0755389 3.13843 0)
(-0.0764209 3.07447 0)
(-0.0694674 2.71406 0)
(-0.0331398 1.87713 0)
(-0.00189837 0.531311 0)
(-0.000657525 0.219247 0)
(-0.00306411 0.592248 0)
(-0.00869617 0.917426 0)
(-0.0123989 1.13882 0)
(-0.0101285 1.26969 0)
(0.00800399 1.34623 0)
(0.0242436 1.3937 0)
(0.0600143 1.43443 0)
(0.0658879 1.46126 0)
(0.0841824 1.51075 0)
(0.0474832 1.57512 0)
(-0.0466276 1.66094 0)
(-0.0785287 2.14231 0)
(-0.0607155 2.8169 0)
(-0.0793621 3.06923 0)
(-0.0706478 3.13376 0)
(-0.0600291 3.05578 0)
(-0.0460989 2.66904 0)
(-0.0273614 1.7993 0)
(0.00638335 0.482996 0)
(0.000256053 0.222462 0)
(0.000257435 0.598492 0)
(-0.00103338 0.923431 0)
(0.000368535 1.13541 0)
(0.00875215 1.24759 0)
(0.033658 1.31054 0)
(0.057206 1.3551 0)
(0.109455 1.39707 0)
(0.128524 1.44095 0)
(0.178352 1.5142 0)
(0.130923 1.635 0)
(0.0201006 1.73577 0)
(-0.0690435 2.14822 0)
(-0.0478027 2.82618 0)
(-0.0779134 3.07313 0)
(-0.0734223 3.12336 0)
(-0.0613583 3.02219 0)
(-0.0417785 2.61551 0)
(-0.0238665 1.72257 0)
(0.0183174 0.46586 0)
(0.00126357 0.218282 0)
(0.00319831 0.595607 0)
(0.00514282 0.918555 0)
(0.013958 1.11591 0)
(0.0306345 1.21232 0)
(0.0633341 1.26223 0)
(0.0990997 1.30001 0)
(0.163861 1.33994 0)
(0.207033 1.39735 0)
(0.272127 1.50718 0)
(0.209996 1.70973 0)
(0.0902789 1.83861 0)
(-0.0576323 2.18191 0)
(-0.0443615 2.85083 0)
(-0.0875494 3.08107 0)
(-0.0886722 3.11733 0)
(-0.101862 2.98419 0)
(-0.0781756 2.50979 0)
(-0.0273368 1.55701 0)
(0.0184967 0.459587 0)
(0.00219724 0.206334 0)
(0.00641688 0.580793 0)
(0.0118895 0.898081 0)
(0.0262223 1.07837 0)
(0.0503079 1.15826 0)
(0.0899396 1.1953 0)
(0.139129 1.2242 0)
(0.212475 1.26279 0)
(0.279912 1.33838 0)
(0.342262 1.50847 0)
(0.263399 1.79985 0)
(0.124367 1.97345 0)
(-0.0796618 2.26877 0)
(-0.0680796 2.90042 0)
(-0.120853 3.11146 0)
(-0.116761 3.13498 0)
(-0.131757 2.96591 0)
(-0.115903 2.4068 0)
(-0.0338629 1.32224 0)
(0.00221631 0.434247 0)
(0.00321359 0.187024 0)
(0.00916393 0.558175 0)
(0.0170807 0.866766 0)
(0.0359643 1.02899 0)
(0.066269 1.09373 0)
(0.112881 1.11687 0)
(0.173306 1.1348 0)
(0.254022 1.17159 0)
(0.336237 1.27034 0)
(0.37791 1.5218 0)
(0.295605 1.9085 0)
(0.120682 2.1417 0)
(-0.110379 2.36792 0)
(-0.0961911 2.94695 0)
(-0.151746 3.14271 0)
(-0.137971 3.15047 0)
(-0.135845 2.93669 0)
(-0.124456 2.31663 0)
(-0.0224212 1.1257 0)
(-0.00954187 0.38121 0)
(0.00385995 0.162105 0)
(0.0103214 0.533875 0)
(0.0181636 0.831669 0)
(0.0382474 0.97036 0)
(0.0706709 1.01457 0)
(0.119504 1.0231 0)
(0.183024 1.03242 0)
(0.265564 1.07442 0)
(0.344248 1.21075 0)
(0.38375 1.54133 0)
(0.314176 2.03193 0)
(0.127469 2.32401 0)
(-0.0832034 2.47312 0)
(-0.116731 2.98719 0)
(-0.166406 3.16562 0)
(-0.175053 3.15717 0)
(-0.166997 2.88115 0)
(-0.111695 2.12712 0)
(-0.00389089 0.982939 0)
(-0.0099406 0.332547 0)
(0.00416724 0.134163 0)
(0.0100793 0.510778 0)
(0.0166002 0.796421 0)
(0.0364772 0.912815 0)
(0.0663948 0.942939 0)
(0.112322 0.938039 0)
(0.171412 0.938011 0)
(0.248424 0.983602 0)
(0.311487 1.14736 0)
(0.361156 1.55128 0)
(0.286875 2.15536 0)
(0.139269 2.47603 0)
(-0.0497685 2.6195 0)
(-0.162539 3.06541 0)
(-0.197856 3.20492 0)
(-0.228294 3.16819 0)
(-0.227826 2.77424 0)
(-0.0872869 1.74225 0)
(-0.0144116 0.871832 0)
(-0.00578196 0.290267 0)
(0.00345841 0.110141 0)
(0.00656798 0.497955 0)
(0.00742652 0.771138 0)
(0.0201844 0.864227 0)
(0.0392919 0.875045 0)
(0.0715029 0.858201 0)
(0.11135 0.855823 0)
(0.163553 0.909798 0)
(0.20273 1.10995 0)
(0.250119 1.57989 0)
(0.184354 2.25336 0)
(0.0997107 2.6168 0)
(-0.112976 2.82972 0)
(-0.241756 3.19746 0)
(-0.284402 3.27837 0)
(-0.283615 3.14123 0)
(-0.231352 2.60597 0)
(-0.0522601 1.46248 0)
(-0.0295861 0.778324 0)
(-0.00554321 0.237648 0)
(0.0023558 0.094968 0)
(0.00216849 0.499411 0)
(-0.00270333 0.76424 0)
(0.00257842 0.843723 0)
(0.00728344 0.850017 0)
(0.021049 0.827422 0)
(0.0348554 0.820323 0)
(0.0504709 0.874769 0)
(0.0513514 1.08951 0)
(0.0227405 1.59243 0)
(-0.0204904 2.31854 0)
(-0.0704263 2.75601 0)
(-0.307875 3.02901 0)
(-0.362308 3.27883 0)
(-0.374671 3.29855 0)
(-0.347226 3.03226 0)
(-0.166824 2.19069 0)
(-0.0306437 1.29555 0)
(-0.0236162 0.700898 0)
(-0.00505601 0.183701 0)
(0.000261512 0.0946999 0)
(-0.00562066 0.52235 0)
(-0.0202085 0.777897 0)
(-0.0309825 0.8476 0)
(-0.0509242 0.845331 0)
(-0.0636295 0.817276 0)
(-0.0896404 0.817892 0)
(-0.12472 0.890793 0)
(-0.174303 1.13389 0)
(-0.233388 1.65587 0)
(-0.284252 2.37622 0)
(-0.314153 2.89484 0)
(-0.487222 3.14543 0)
(-0.486074 3.29385 0)
(-0.433438 3.23629 0)
(-0.344187 2.79045 0)
(-0.0799541 1.77746 0)
(-0.0279598 1.18701 0)
(-0.013398 0.648473 0)
(-0.00410934 0.142715 0)
(-0.00156365 0.110521 0)
(-0.0115066 0.570799 0)
(-0.0325411 0.836999 0)
(-0.0515957 0.907247 0)
(-0.0836596 0.907857 0)
(-0.117324 0.889118 0)
(-0.168931 0.888554 0)
(-0.241566 0.955015 0)
(-0.340653 1.18796 0)
(-0.461825 1.6997 0)
(-0.543281 2.43579 0)
(-0.554044 2.93712 0)
(-0.610502 3.14356 0)
(-0.561788 3.22027 0)
(-0.469867 3.07332 0)
(-0.214283 2.26068 0)
(-0.0366564 1.54221 0)
(-0.0159506 1.11905 0)
(-0.0070088 0.620503 0)
(-0.00295035 0.115541 0)
(-0.00325231 0.141508 0)
(-0.0174674 0.630483 0)
(-0.0475091 0.896618 0)
(-0.0846146 0.96708 0)
(-0.140176 0.968429 0)
(-0.201814 0.954355 0)
(-0.288294 0.967321 0)
(-0.398399 1.05554 0)
(-0.522053 1.30875 0)
(-0.632337 1.8151 0)
(-0.69853 2.47403 0)
(-0.674343 2.92263 0)
(-0.650588 3.08357 0)
(-0.528765 3.11638 0)
(-0.36887 2.73371 0)
(-0.0753559 1.86921 0)
(-0.0170428 1.42104 0)
(0.0023881 1.08691 0)
(-0.00172345 0.615225 0)
(-0.00127979 0.102859 0)
(-0.00351329 0.180001 0)
(-0.0170315 0.707258 0)
(-0.0458969 1.01798 0)
(-0.0832531 1.10699 0)
(-0.140205 1.11615 0)
(-0.20513 1.11048 0)
(-0.295187 1.12826 0)
(-0.412935 1.19915 0)
(-0.555186 1.40922 0)
(-0.702338 1.86655 0)
(-0.748621 2.47864 0)
(-0.713852 2.83167 0)
(-0.621493 2.95357 0)
(-0.441531 2.83809 0)
(-0.175425 2.29559 0)
(0.00903703 1.66234 0)
(0.00580245 1.37085 0)
(0.0155688 1.08371 0)
(0.00489984 0.631295 0)
(0.000365097 0.104862 0)
(-0.00383725 0.218684 0)
(-0.0182853 0.766379 0)
(-0.0512416 1.08322 0)
(-0.0957624 1.18257 0)
(-0.163055 1.20037 0)
(-0.241346 1.20326 0)
(-0.344801 1.23334 0)
(-0.472516 1.32211 0)
(-0.607446 1.54295 0)
(-0.712189 1.96239 0)
(-0.736718 2.48869 0)
(-0.666938 2.77063 0)
(-0.499766 2.81995 0)
(-0.257338 2.54306 0)
(-0.0157305 1.99938 0)
(0.0579818 1.58482 0)
(0.0416226 1.37177 0)
(0.0279135 1.10453 0)
(0.00927759 0.661458 0)
(0.00154943 0.118686 0)
(-0.00300473 0.262484 0)
(-0.0131757 0.855474 0)
(-0.0384593 1.23597 0)
(-0.0763152 1.36351 0)
(-0.13142 1.39642 0)
(-0.197011 1.40659 0)
(-0.281131 1.43825 0)
(-0.383826 1.51099 0)
(-0.495675 1.67573 0)
(-0.592628 2.00442 0)
(-0.616384 2.39846 0)
(-0.465232 2.54051 0)
(-0.259994 2.41943 0)
(-0.0715014 2.15995 0)
(0.0469839 1.80889 0)
(0.0635129 1.57903 0)
(0.0446882 1.42429 0)
(0.0256411 1.18683 0)
(0.00910083 0.71602 0)
(0.00201199 0.143458 0)
(-0.255777 1.6236 1.55061e-22)
(0.40798 3.25584 -8.20562e-20)
(0.0957148 3.48126 1.73523e-19)
(0.206354 3.44558 0)
(0.169002 3.3955 0)
(0.163766 3.34617 -2.8634e-19)
(0.166305 3.3201 3.27502e-19)
(0.138506 3.27188 -3.39626e-19)
(0.119953 3.172 6.47642e-21)
(0.108485 2.5658 4.92644e-19)
(-0.104703 2.36285 3.44106e-23)
(0.139647 3.30996 1.72774e-19)
(0.0135725 3.44662 0)
(0.103336 3.39712 0)
(0.0794355 3.34951 8.50862e-21)
(0.0852765 3.30985 6.10562e-19)
(0.080755 3.27498 -3.50936e-19)
(0.0556839 3.23784 -6.20953e-21)
(0.0537917 3.07787 5.92706e-21)
(0.00153195 2.08106 0)
(-0.0276563 2.09347 9.51005e-20)
(0.090557 3.1524 -1.00529e-19)
(0.0304519 3.35242 0)
(0.0780297 3.32858 2.7863e-19)
(0.0571267 3.30439 -1.4493e-21)
(0.0583375 3.2817 -3.24218e-19)
(0.0491552 3.26664 -4.21014e-19)
(0.0336825 3.24422 -2.30976e-22)
(0.0424956 3.11665 6.14378e-21)
(-0.0163037 2.2088 0)
(-0.0399153 2.03386 1.07399e-21)
(0.0303446 3.12637 0)
(-0.0106186 3.31328 -1.47971e-19)
(0.0253066 3.30947 -1.12892e-19)
(0.0191641 3.28581 1.1612e-20)
(0.0256479 3.26205 -2.19668e-19)
(0.0299428 3.2451 1.9325e-19)
(0.0232167 3.23272 -7.11133e-21)
(0.0431677 3.12368 9.50185e-21)
(0.00773224 2.24857 2.47576e-19)
(-0.0466161 2.03163 -9.95315e-20)
(0.0157639 3.09448 0)
(-0.00492615 3.2694 3.27517e-19)
(0.0151306 3.26304 -1.83461e-19)
(0.0159213 3.24877 -7.21781e-22)
(0.0191022 3.23723 -4.82115e-21)
(0.0221412 3.23336 -1.53815e-20)
(0.0229317 3.22331 -2.56207e-19)
(0.0436649 3.12639 7.01867e-21)
(-0.00307893 2.31112 -5.2066e-19)
(-0.0521932 2.08783 0)
(-0.00833508 3.08814 -1.88533e-19)
(-0.0273115 3.24487 2.08202e-20)
(-0.0129709 3.24786 -1.32273e-20)
(-0.00400829 3.23283 1.35845e-20)
(0.00427173 3.22013 2.26652e-19)
(0.0170885 3.21045 2.38617e-19)
(0.0216477 3.2052 5.06336e-19)
(0.04288 3.12368 2.82457e-19)
(0.0108455 2.35364 -1.64701e-20)
(-0.0482713 2.14542 0)
(-0.0185894 3.08424 1.95075e-19)
(-0.0180178 3.21472 -2.05616e-19)
(-0.0106673 3.21305 -1.45284e-20)
(0.00050945 3.20255 3.0121e-20)
(0.00832353 3.19562 3.7567e-22)
(0.0165316 3.19571 -1.63095e-20)
(0.0221621 3.19059 -2.65837e-19)
(0.0426174 3.12094 -2.75195e-19)
(0.00382909 2.41938 -1.71396e-20)
(-0.0498759 2.22768 2.31523e-19)
(-0.0282514 3.08527 -1.07633e-20)
(-0.031601 3.19456 7.43015e-21)
(-0.0231436 3.19594 0)
(-0.0128213 3.18584 0)
(-0.00111213 3.1782 0)
(0.0139874 3.17131 0)
(0.0209069 3.16934 3.01404e-19)
(0.0411043 3.1126 -3.11615e-19)
(0.0155406 2.46374 3.06163e-19)
(-0.0446995 2.30963 2.60347e-20)
(-0.0325244 3.0867 2.54461e-19)
(-0.0204002 3.16993 0)
(-0.0145258 3.16551 -1.69253e-20)
(-0.00392013 3.15765 1.73123e-20)
(0.00551222 3.153 0)
(0.0145438 3.15445 -9.44893e-21)
(0.0207836 3.15252 -2.92504e-19)
(0.0402953 3.10906 3.12714e-19)
(0.0103519 2.53291 0)
(-0.0449587 2.40163 1.68376e-20)
(-0.0364245 3.08549 -3.91587e-19)
(-0.0303245 3.14986 0)
(-0.0225428 3.14706 0)
(-0.0135698 3.13931 1.87747e-20)
(-0.0021729 3.13388 -1.59162e-19)
(0.0120778 3.12865 -1.98427e-20)
(0.0193028 3.12941 1.7012e-19)
(0.0384321 3.09613 0)
(0.0193596 2.58105 0)
(-0.0387815 2.4931 -4.11655e-19)
(-0.0380836 3.08353 1.39374e-19)
(-0.0201941 3.12441 0)
(-0.0130244 3.11617 0)
(-0.00353972 3.10944 0)
(0.00561599 3.10637 3.29127e-19)
(0.0139981 3.10908 0)
(0.0201613 3.11044 -1.81537e-19)
(0.0379665 3.09047 1.12566e-20)
(0.0148568 2.65375 1.9156e-19)
(-0.0385983 2.58715 1.47788e-19)
(-0.0404939 3.0742 -1.44497e-20)
(-0.03003 3.10105 1.73971e-19)
(-0.0213177 3.09503 1.69275e-19)
(-0.0124433 3.08852 0)
(-0.000850786 3.08443 -1.69737e-19)
(0.0129158 3.08099 0)
(0.021132 3.08458 0)
(0.0383794 3.07218 0)
(0.0224034 2.70643 -1.92449e-19)
(-0.0343088 2.68042 -1.58995e-19)
(-0.0427869 3.0636 1.64299e-19)
(-0.0230683 3.0721 -1.64045e-19)
(-0.0131039 3.062 -2.59414e-19)
(-0.00288337 3.05684 0)
(0.0072167 3.0553 2.32607e-20)
(0.0164231 3.05906 -1.18673e-20)
(0.0247831 3.06295 8.88509e-20)
(0.0417663 3.06161 1.10272e-19)
(0.0207399 2.78037 -1.13584e-19)
(-0.0351791 2.77054 1.6312e-19)
(-0.0469027 3.04336 -1.57784e-19)
(-0.0330373 3.04547 1.1297e-20)
(-0.0208751 3.04035 6.62506e-20)
(-0.0110319 3.03638 -9.5718e-20)
(0.000300809 3.03401 0)
(0.0142112 3.03169 1.02953e-19)
(0.0257142 3.03564 4.95081e-21)
(0.0445579 3.03662 -2.14133e-19)
(0.0287425 2.83263 -6.55063e-21)
(-0.0290367 2.85691 -4.72656e-20)
(-0.0436556 3.02313 1.15036e-20)
(-0.0228094 3.01808 -5.97761e-20)
(-0.0110056 3.01453 2.44599e-20)
(-0.00218496 3.0141 1.16759e-19)
(0.00628714 3.01347 -4.97267e-20)
(0.0140462 3.01455 -4.91707e-20)
(0.0233176 3.01686 -5.1201e-20)
(0.0418909 3.0218 1.10268e-19)
(0.0247297 2.90027 5.36235e-20)
(-0.0178602 2.93866 3.79874e-20)
(-0.0261944 2.99919 1.67992e-20)
(-0.0162849 3.00049 3.29201e-20)
(-0.00941193 3.00171 -6.74512e-20)
(-0.00412293 3.00264 2.28454e-20)
(0.000638601 3.00218 4.63547e-20)
(0.00574067 3.0006 -4.83417e-20)
(0.010741 2.99897 -5.06468e-20)
(0.0217945 2.99718 6.88889e-21)
(0.016574 2.94917 4.88112e-20)
)
;

boundaryField
{
    wall-4
    {
        type            noSlip;
    }
    pressure-outlet-7
    {
        type            zeroGradient;
    }
    velocity-inlet-6
    {
        type            fixedValue;
        value           uniform (0 3 0);
    }
    velocity-inlet-5
    {
        type            fixedValue;
        value           uniform (1 0 0);
    }
    frontAndBackPlanes
    {
        type            empty;
    }
}


// ************************************************************************* //
