/*--------------------------------*- C++ -*----------------------------------*\
| =========                 |                                                 |
| \\      /  F ield         | OpenFOAM: The Open Source CFD Toolbox           |
|  \\    /   O peration     | Version:  v2012                                 |
|   \\  /    A nd           | Website:  www.openfoam.com                      |
|    \\/     M anipulation  |                                                 |
\*---------------------------------------------------------------------------*/
FoamFile
{
    version     2.0;
    format      ascii;
    class       volVectorField;
    location    "48";
    object      U;
}
// * * * * * * * * * * * * * * * * * * * * * * * * * * * * * * * * * * * * * //

dimensions      [0 1 -1 0 0 0 0];


internalField   nonuniform List<vector> 
2200
(
(0.878832 -0.0304147 0)
(1.00578 -0.0512823 0)
(1.00327 -0.0354096 0)
(1.00022 -0.0244496 0)
(0.99982 -0.0166785 0)
(1.00001 -0.0107386 0)
(1.00002 -0.00687332 0)
(1.00002 -0.00423707 0)
(1.00001 -0.00226849 0)
(1.00017 -0.000733049 0)
(1.00003 0.000937343 0)
(0.999957 0.00246763 0)
(0.999991 0.00442189 0)
(1.00004 0.00701066 0)
(1.0001 0.0108712 0)
(0.999955 0.0166793 0)
(1.0003 0.0244134 0)
(1.00347 0.0349648 0)
(1.00595 0.0513654 0)
(0.879006 0.03032 0)
(0.712011 -0.0327633 0)
(0.99663 -0.0630212 0)
(1.03331 -0.0561505 0)
(1.02494 -0.0464193 0)
(1.01595 -0.0361145 0)
(1.00968 -0.0263902 0)
(1.00591 -0.018123 0)
(1.00375 -0.0114203 0)
(1.00256 -0.00603588 0)
(1.00204 -0.00152422 0)
(1.00208 0.00263824 0)
(1.00257 0.00707368 0)
(1.00368 0.0123142 0)
(1.00584 0.0189408 0)
(1.00945 0.0270843 0)
(1.01554 0.0368471 0)
(1.02463 0.0472959 0)
(1.03311 0.0577223 0)
(0.996674 0.0631477 0)
(0.711801 0.033001 0)
(0.53549 -0.0239004 0)
(0.969874 -0.0569544 0)
(1.05642 -0.0547647 0)
(1.0522 -0.0488075 0)
(1.03616 -0.0404808 0)
(1.02441 -0.0323316 0)
(1.01589 -0.0240769 0)
(1.01038 -0.0161761 0)
(1.00717 -0.00891772 0)
(1.0056 -0.00230591 0)
(1.00543 0.0040379 0)
(1.00688 0.0106103 0)
(1.01013 0.0177115 0)
(1.01553 0.0253748 0)
(1.02415 0.0333963 0)
(1.0362 0.0413845 0)
(1.05223 0.0494165 0)
(1.05635 0.0535367 0)
(0.969221 0.0576108 0)
(0.534412 0.0239346 0)
(0.392222 -0.0136539 0)
(0.911752 -0.046406 0)
(1.05745 -0.0469313 0)
(1.06953 -0.0443048 0)
(1.05488 -0.0381722 0)
(1.03931 -0.031527 0)
(1.02752 -0.0247536 0)
(1.01903 -0.0175538 0)
(1.01366 -0.0100599 0)
(1.01107 -0.00244742 0)
(1.01106 0.00511592 0)
(1.01352 0.0125158 0)
(1.01855 0.0197637 0)
(1.02682 0.0266488 0)
(1.03846 0.0330386 0)
(1.05389 0.0394182 0)
(1.06818 0.0454755 0)
(1.05565 0.0482011 0)
(0.910026 0.0469261 0)
(0.390064 0.0137659 0)
(0.307557 -0.00451711 0)
(0.846592 -0.0324042 0)
(1.04937 -0.0399817 0)
(1.07948 -0.0383122 0)
(1.06813 -0.0336609 0)
(1.05161 -0.0280078 0)
(1.0383 -0.0226384 0)
(1.02813 -0.0166123 0)
(1.0211 -0.00976372 0)
(1.0172 -0.00219097 0)
(1.01682 0.00562245 0)
(1.02033 0.0130202 0)
(1.02721 0.0194769 0)
(1.03717 0.0251233 0)
(1.05029 0.0301569 0)
(1.06683 0.0355576 0)
(1.07793 0.0399208 0)
(1.04742 0.0415789 0)
(0.843208 0.0329171 0)
(0.304023 0.0047099 0)
(0.264082 9.4451e-05 0)
(0.788742 -0.0201117 0)
(1.03305 -0.031516 0)
(1.08337 -0.0320848 0)
(1.07728 -0.028831 0)
(1.06082 -0.0239669 0)
(1.04709 -0.0194796 0)
(1.03623 -0.0144039 0)
(1.02843 -0.0083725 0)
(1.02404 -0.00136271 0)
(1.02389 0.00599445 0)
(1.02774 0.0126636 0)
(1.03485 0.0182652 0)
(1.04531 0.0229368 0)
(1.0588 0.0269448 0)
(1.07495 0.0313557 0)
(1.08045 0.0341233 0)
(1.02934 0.0332182 0)
(0.783015 0.0207148 0)
(0.259154 0.000105785 0)
(0.240074 0.00106049 0)
(0.738073 -0.0123248 0)
(1.01372 -0.0251058 0)
(1.08405 -0.0269297 0)
(1.08286 -0.0246459 0)
(1.06769 -0.0205459 0)
(1.05417 -0.0165547 0)
(1.04331 -0.0120475 0)
(1.0352 -0.00667298 0)
(1.03026 -0.000401702 0)
(1.0296 0.00628512 0)
(1.03362 0.0121504 0)
(1.04135 0.0169735 0)
(1.05177 0.0208846 0)
(1.06498 0.0243583 0)
(1.07982 0.0278512 0)
(1.08034 0.029473 0)
(1.00805 0.027052 0)
(0.729579 0.0130801 0)
(0.233615 -0.000855301 0)
(0.225614 0.000943163 0)
(0.694787 -0.00808759 0)
(0.992348 -0.0208538 0)
(1.0818 -0.0232952 0)
(1.08673 -0.0215139 0)
(1.07329 -0.0179965 0)
(1.05983 -0.0142093 0)
(1.04923 -0.00987597 0)
(1.04126 -0.00496922 0)
(1.03641 0.00067934 0)
(1.03588 0.00664048 0)
(1.03959 0.0119424 0)
(1.04633 0.0161917 0)
(1.05633 0.0197695 0)
(1.06943 0.0227542 0)
(1.08209 0.025499 0)
(1.07581 0.0265001 0)
(0.983741 0.0232204 0)
(0.682761 0.0090516 0)
(0.217319 -0.000729793 0)
(0.216033 0.000623948 0)
(0.6596 -0.00570561 0)
(0.972411 -0.0176759 0)
(1.07933 -0.0202877 0)
(1.0899 -0.0187546 0)
(1.07792 -0.0157354 0)
(1.06465 -0.0121539 0)
(1.05424 -0.00808095 0)
(1.0464 -0.00324601 0)
(1.04142 0.002083 0)
(1.04047 0.00745317 0)
(1.04387 0.0121096 0)
(1.05083 0.0159973 0)
(1.06028 0.0191703 0)
(1.07291 0.0219321 0)
(1.08388 0.0240633 0)
(1.0718 0.0246745 0)
(0.960423 0.020738 0)
(0.643188 0.00696457 0)
(0.205424 -0.000357571 0)
(0.208656 0.000284639 0)
(0.630418 -0.00426547 0)
(0.952639 -0.0152064 0)
(1.07568 -0.0181942 0)
(1.09291 -0.0169051 0)
(1.08256 -0.0139198 0)
(1.06917 -0.0103929 0)
(1.05873 -0.00634567 0)
(1.05096 -0.00183763 0)
(1.04599 0.00308189 0)
(1.04479 0.00808325 0)
(1.04756 0.0125837 0)
(1.05352 0.0161621 0)
(1.06294 0.0190243 0)
(1.07568 0.0213935 0)
(1.08475 0.0233336 0)
(1.06431 0.0233036 0)
(0.935543 0.0187576 0)
(0.608592 0.00578133 0)
(0.195197 1.34545e-05 0)
(0.202806 6.68218e-05 0)
(0.607247 -0.00321597 0)
(0.935107 -0.0126751 0)
(1.07289 -0.0158087 0)
(1.09625 -0.0147094 0)
(1.08713 -0.0120609 0)
(1.07359 -0.00851876 0)
(1.06293 -0.00467936 0)
(1.05492 -8.12868e-05 0)
(1.04975 0.0049033 0)
(1.04841 0.00976721 0)
(1.05111 0.0136656 0)
(1.05721 0.0168327 0)
(1.06623 0.0194579 0)
(1.07859 0.0216439 0)
(1.08554 0.0228097 0)
(1.05869 0.0223844 0)
(0.912994 0.0171454 0)
(0.579242 0.0050691 0)
(0.185965 0.000291103 0)
(0.198024 1.58407e-06 0)
(0.588597 -0.00234126 0)
(0.918941 -0.0104245 0)
(1.06937 -0.0136938 0)
(1.09942 -0.0127357 0)
(1.09201 -0.010049 0)
(1.07832 -0.00668045 0)
(1.06733 -0.00279483 0)
(1.05913 0.00157678 0)
(1.05368 0.00626053 0)
(1.05144 0.0108165 0)
(1.05328 0.0148241 0)
(1.05892 0.0178353 0)
(1.06817 0.0199707 0)
(1.08068 0.0218514 0)
(1.08538 0.0227438 0)
(1.04916 0.0216757 0)
(0.888332 0.0157659 0)
(0.552168 0.00463711 0)
(0.176875 0.000458661 0)
(0.194433 2.34753e-05 0)
(0.573813 -0.00157119 0)
(0.904496 -0.00815927 0)
(1.0666 -0.0112643 0)
(1.1028 -0.0103375 0)
(1.09667 -0.0078433 0)
(1.08296 -0.00435389 0)
(1.07157 -0.000610687 0)
(1.06268 0.00381769 0)
(1.05656 0.00875034 0)
(1.05447 0.0134118 0)
(1.0565 0.0168529 0)
(1.06204 0.0192933 0)
(1.07104 0.0211309 0)
(1.08262 0.0224014 0)
(1.08477 0.0228438 0)
(1.04145 0.0211931 0)
(0.866308 0.0147334 0)
(0.528655 0.00438914 0)
(0.168372 0.000539265 0)
(0.192209 3.78139e-05 0)
(0.563109 -0.000830617 0)
(0.892626 -0.00608425 0)
(1.06361 -0.0089778 0)
(1.10592 -0.00788695 0)
(1.10152 -0.00514966 0)
(1.08779 -0.00170937 0)
(1.07613 0.00220245 0)
(1.06695 0.00656791 0)
(1.06025 0.0110706 0)
(1.05673 0.015015 0)
(1.05786 0.0184453 0)
(1.06313 0.0206636 0)
(1.07214 0.0220471 0)
(1.08317 0.0229897 0)
(1.08308 0.0231461 0)
(1.02936 0.0209928 0)
(0.841371 0.0139653 0)
(0.505331 0.0042513 0)
(0.159673 0.000579321 0)
(0.191212 9.10083e-05 0)
(0.555504 -0.000245946 0)
(0.882427 -0.00394564 0)
(1.0621 -0.00616997 0)
(1.10984 -0.00482123 0)
(1.10665 -0.00202199 0)
(1.09304 0.00164583 0)
(1.08099 0.0055053 0)
(1.0711 0.00981425 0)
(1.06351 0.0144515 0)
(1.0602 0.0185788 0)
(1.06131 0.0210496 0)
(1.06603 0.0225553 0)
(1.07448 0.0236536 0)
(1.0839 0.0240945 0)
(1.08095 0.0237984 0)
(1.01926 0.0210608 0)
(0.819234 0.0135895 0)
(0.484634 0.00424678 0)
(0.15149 0.000613449 0)
(0.191722 5.61418e-05 0)
(0.551227 0.000813996 0)
(0.875888 -0.00163442 0)
(1.06093 -0.00359561 0)
(1.11389 -0.00188182 0)
(1.11222 0.00137739 0)
(1.09844 0.00527734 0)
(1.08603 0.00939793 0)
(1.07566 0.0137664 0)
(1.06747 0.0180546 0)
(1.06228 0.021438 0)
(1.06171 0.0238496 0)
(1.0659 0.0250124 0)
(1.07442 0.0254772 0)
(1.08348 0.0258466 0)
(1.0769 0.0249644 0)
(1.00484 0.0214871 0)
(0.793599 0.0133917 0)
(0.462752 0.00427628 0)
(0.142761 0.000627349 0)
(0.193695 0.000209686 0)
(0.551451 0.00149643 0)
(0.870891 0.000497592 0)
(1.06162 -0.000146656 0)
(1.11874 0.00187348 0)
(1.11803 0.00517664 0)
(1.10418 0.00942627 0)
(1.09103 0.0138301 0)
(1.07974 0.018427 0)
(1.07027 0.0229323 0)
(1.06487 0.0265096 0)
(1.06466 0.0282834 0)
(1.06829 0.0287558 0)
(1.07594 0.0288464 0)
(1.08249 0.0281645 0)
(1.07213 0.0267396 0)
(0.991417 0.0225066 0)
(0.770192 0.0136434 0)
(0.4426 0.00451792 0)
(0.134314 0.000671818 0)
(0.197666 0.000650088 0)
(0.55406 0.0022587 0)
(0.871083 0.00338028 0)
(1.06336 0.00303518 0)
(1.12415 0.00554194 0)
(1.1246 0.00947959 0)
(1.1102 0.0141302 0)
(1.09646 0.0189481 0)
(1.0846 0.0238529 0)
(1.07455 0.0282784 0)
(1.06718 0.0311194 0)
(1.06384 0.0321826 0)
(1.06614 0.0323683 0)
(1.07374 0.0316622 0)
(1.08047 0.0310702 0)
(1.0658 0.0288711 0)
(0.973469 0.0236183 0)
(0.742602 0.0141336 0)
(0.419976 0.00479761 0)
(0.124788 0.000710613 0)
(0.204083 0.00086427 0)
(0.560983 0.0034301 0)
(0.874873 0.00579081 0)
(1.06796 0.00749338 0)
(1.13058 0.0108118 0)
(1.13181 0.0148099 0)
(1.1171 0.019793 0)
(1.10235 0.0250897 0)
(1.08908 0.030525 0)
(1.07695 0.0353017 0)
(1.06831 0.0383069 0)
(1.06562 0.0393371 0)
(1.06783 0.0388004 0)
(1.0741 0.0374894 0)
(1.07692 0.0349915 0)
(1.05732 0.0317244 0)
(0.956018 0.02544 0)
(0.71675 0.0150829 0)
(0.398218 0.00522643 0)
(0.115218 0.000776367 0)
(0.212271 0.00102196 0)
(0.57199 0.00472706 0)
(0.88276 0.00888068 0)
(1.07462 0.0118212 0)
(1.13797 0.0160629 0)
(1.13986 0.0210366 0)
(1.12431 0.0268552 0)
(1.10851 0.0326514 0)
(1.09381 0.0383864 0)
(1.08029 0.0431646 0)
(1.0697 0.0455022 0)
(1.06358 0.0451861 0)
(1.06282 0.043666 0)
(1.06893 0.0410456 0)
(1.07263 0.0392674 0)
(1.04743 0.0351222 0)
(0.933434 0.0275468 0)
(0.685388 0.0162134 0)
(0.372675 0.00568491 0)
(0.104102 0.000836149 0)
(0.224562 0.00135527 0)
(0.590304 0.0067193 0)
(0.897588 0.0134412 0)
(1.08512 0.0183596 0)
(1.14725 0.0235867 0)
(1.1489 0.0290996 0)
(1.13235 0.0357606 0)
(1.1148 0.0425052 0)
(1.09767 0.0488741 0)
(1.08101 0.0537038 0)
(1.06806 0.0553556 0)
(1.06267 0.0544188 0)
(1.06362 0.0522596 0)
(1.06802 0.0493775 0)
(1.06591 0.0449973 0)
(1.0343 0.0392655 0)
(0.910596 0.0303295 0)
(0.655093 0.0176159 0)
(0.347509 0.00624659 0)
(0.0928279 0.000879812 0)
(0.240283 0.00194082 0)
(0.614337 0.00860251 0)
(0.91895 0.0182354 0)
(1.09975 0.0254999 0)
(1.15854 0.0322625 0)
(1.16 0.0393174 0)
(1.14182 0.047251 0)
(1.12259 0.0545841 0)
(1.10351 0.061014 0)
(1.08475 0.0651272 0)
(1.06947 0.0659095 0)
(1.06021 0.0636286 0)
(1.05652 0.0597941 0)
(1.05901 0.0549657 0)
(1.05822 0.0510307 0)
(1.01919 0.0442007 0)
(0.881111 0.0334079 0)
(0.61769 0.0193505 0)
(0.317265 0.00686694 0)
(0.0796961 0.000891137 0)
(0.26236 0.00280526 0)
(0.647818 0.0124066 0)
(0.947645 0.0250678 0)
(1.119 0.0351349 0)
(1.17307 0.0433308 0)
(1.17303 0.0521459 0)
(1.15254 0.0610718 0)
(1.13057 0.0694303 0)
(1.10816 0.0764244 0)
(1.08572 0.0806262 0)
(1.06697 0.0801087 0)
(1.05681 0.0762049 0)
(1.05454 0.0710084 0)
(1.05683 0.0658043 0)
(1.04769 0.0589708 0)
(0.999984 0.0499574 0)
(0.850915 0.0374214 0)
(0.580966 0.0215595 0)
(0.286804 0.00753854 0)
(0.0664943 0.000855337 0)
(0.293916 0.00372076 0)
(0.69407 0.0156067 0)
(0.986925 0.0332724 0)
(1.14453 0.0467205 0)
(1.19054 0.0573914 0)
(1.18827 0.0683391 0)
(1.16433 0.0789893 0)
(1.13924 0.0878854 0)
(1.11381 0.0945166 0)
(1.08823 0.0971596 0)
(1.06647 0.0951483 0)
(1.05268 0.0899691 0)
(1.04559 0.0829734 0)
(1.04369 0.0752775 0)
(1.0355 0.0678107 0)
(0.977705 0.05748 0)
(0.81177 0.0420728 0)
(0.534031 0.0241464 0)
(0.248972 0.00812267 0)
(0.0511578 0.000787059 0)
(0.33035 0.00708423 0)
(0.752092 0.0247125 0)
(1.03513 0.0463338 0)
(1.17574 0.0639125 0)
(1.21221 0.0765072 0)
(1.20511 0.0905293 0)
(1.17611 0.101959 0)
(1.14611 0.111027 0)
(1.11534 0.117054 0)
(1.08484 0.118786 0)
(1.05957 0.114902 0)
(1.04453 0.10664 0)
(1.03908 0.0978127 0)
(1.038 0.0893085 0)
(1.01903 0.0791275 0)
(0.949309 0.0656326 0)
(0.77025 0.0477233 0)
(0.48685 0.0270372 0)
(0.211369 0.00862602 0)
(0.0365795 0.000660075 0)
(0.410456 0.0107544 0)
(0.839542 0.0357958 0)
(1.10035 0.0673931 0)
(1.21466 0.0895803 0)
(1.2376 0.104925 6.48503e-34)
(1.22345 0.120536 -2.91482e-34)
(1.18809 0.131941 0)
(1.15352 0.139897 0)
(1.1191 0.143783 0)
(1.08522 0.142247 0)
(1.05617 0.134284 0)
(1.03751 0.124696 0)
(1.02704 0.113429 0)
(1.01967 0.102085 0)
(1.00001 0.0906439 0)
(0.916566 0.0748393 0)
(0.71685 0.0528548 0)
(0.424817 0.0291332 0)
(0.162783 0.00835432 0)
(0.0195305 0.000716235 0)
(0.48185 0.0259694 4.84107e-20)
(0.941425 0.0596158 -3.66355e-20)
(1.17005 0.101248 0)
(1.25476 0.127423 2.81784e-20)
(1.26489 0.142753 -2.28494e-20)
(1.24117 0.160498 3.07538e-34)
(1.19895 0.170102 0)
(1.15883 0.175935 1.62989e-20)
(1.11805 0.1775 -5.34783e-20)
(1.07722 0.173139 1.09035e-20)
(1.04413 0.163634 0)
(1.02365 0.149355 -2.75798e-20)
(1.01453 0.136101 -3.30385e-20)
(1.00856 0.123469 5.77839e-20)
(0.97027 0.107874 -4.56432e-20)
(0.864063 0.0861268 0)
(0.644257 0.0597347 -1.64845e-20)
(0.348521 0.0301184 0)
(0.111059 0.00830285 -9.08376e-20)
(0.00221838 0.000671258 1.0706e-19)
(0.517993 0.0535829 -6.33202e-21)
(1.00546 0.102575 1.10771e-19)
(1.21939 0.151513 -6.52196e-21)
(1.2878 0.175164 -7.03539e-20)
(1.28887 0.192149 -4.84366e-20)
(1.25611 0.207745 7.878e-20)
(1.20763 0.214488 0)
(1.16213 0.217754 0)
(1.11654 0.216368 8.51755e-20)
(1.07311 0.209015 0)
(1.03585 0.194466 9.98284e-20)
(1.00986 0.179346 2.95924e-20)
(0.992391 0.163943 3.82997e-22)
(0.97232 0.147319 -6.30657e-20)
(0.933149 0.130069 0)
(0.815703 0.105941 0)
(0.581967 0.0703859 -2.69568e-19)
(0.294129 0.0339019 6.76805e-19)
(0.0849945 0.00879299 -4.00357e-19)
(-0.00694778 -0.000194477 -4.72205e-19)
(0.525687 0.076265 -6.46552e-20)
(1.04306 0.159412 2.45341e-20)
(1.25607 0.211709 1.31856e-20)
(1.31389 0.234043 1.22916e-19)
(1.30751 0.249408 1.43378e-20)
(1.26732 0.260736 -2.05648e-19)
(1.21333 0.263679 6.99733e-20)
(1.16238 0.263663 0)
(1.11107 0.259342 -1.804e-19)
(1.05993 0.248931 1.59889e-19)
(1.01569 0.231542 -2.69552e-19)
(0.986674 0.212794 1.26341e-19)
(0.970514 0.194524 -8.18607e-20)
(0.95596 0.179054 1.8435e-19)
(0.90387 0.158853 0)
(0.777351 0.125753 -6.74831e-20)
(0.548289 0.0828553 0)
(0.283084 0.0389403 3.7258e-19)
(0.0837436 0.0115637 -8.81377e-19)
(-0.00694208 -0.00122447 5.52774e-19)
(0.520994 0.107957 1.83712e-19)
(1.06242 0.2159 -8.01947e-20)
(1.27735 0.276501 -1.69325e-20)
(1.33083 0.298196 0)
(1.31925 0.311535 -9.08355e-20)
(1.27376 0.31776 1.1199e-19)
(1.21506 0.315979 -7.49789e-20)
(1.15893 0.312029 0)
(1.10219 0.303478 1.28257e-19)
(1.04622 0.2876 -1.12388e-19)
(1.00002 0.267173 2.33762e-19)
(0.967655 0.246184 0)
(0.944412 0.228323 -1.74027e-19)
(0.919021 0.20714 9.80302e-20)
(0.871723 0.184612 2.47538e-19)
(0.750952 0.151057 -2.1782e-19)
(0.533202 0.101603 3.46414e-19)
(0.283972 0.0513244 -7.67799e-19)
(0.094074 0.0164503 4.84746e-19)
(-0.00134248 -0.000569582 -6.06348e-19)
(0.509728 0.132335 -6.59211e-20)
(1.07123 0.270275 4.72764e-20)
(1.28879 0.342732 -5.62085e-20)
(1.33991 0.364022 1.10873e-19)
(1.3247 0.374953 -1.04076e-19)
(1.27542 0.376232 3.5574e-20)
(1.2132 0.370048 3.62364e-21)
(1.15328 0.361958 -1.45955e-19)
(1.09289 0.349301 -1.34639e-19)
(1.03385 0.330463 -2.41584e-19)
(0.982272 0.307189 -5.02786e-19)
(0.944768 0.282393 -1.54844e-19)
(0.921416 0.259757 2.31608e-21)
(0.900744 0.241862 -3.36193e-19)
(0.846306 0.217275 -6.03584e-21)
(0.72479 0.175181 3.17229e-19)
(0.520121 0.119884 -9.57619e-20)
(0.288474 0.0646915 -5.55138e-20)
(0.106671 0.0233811 0)
(0.00593284 0.00112817 1.2907e-18)
(0.492993 0.153151 0)
(1.06542 0.319717 -5.01199e-21)
(1.2909 0.405697 0)
(1.34211 0.427872 -1.27601e-20)
(1.32435 0.437818 1.01094e-19)
(1.27263 0.434795 -8.26809e-20)
(1.20774 0.424192 8.19567e-20)
(1.14447 0.411821 2.3952e-19)
(1.07981 0.394579 -7.49269e-20)
(1.01494 0.370976 1.19608e-19)
(0.957385 0.3417 2.70345e-19)
(0.919159 0.315217 3.37524e-19)
(0.894766 0.295266 -2.03299e-19)
(0.864823 0.271341 3.6402e-19)
(0.816267 0.244326 -2.88461e-19)
(0.705924 0.203891 0)
(0.516386 0.14293 -7.27241e-19)
(0.299604 0.0817756 9.78773e-19)
(0.122212 0.0330828 7.30573e-20)
(0.0144447 0.00396924 -1.36463e-18)
(0.479079 0.173519 -5.11809e-21)
(1.05825 0.368444 -1.44792e-20)
(1.28857 0.466981 8.39782e-20)
(1.33974 0.489853 -9.55297e-20)
(1.31981 0.498563 8.32461e-20)
(1.26612 0.491704 -8.03475e-20)
(1.19919 0.477484 1.62704e-19)
(1.13331 0.461491 -7.21603e-20)
(1.0657 0.440725 -3.02363e-19)
(0.998577 0.414069 2.2817e-23)
(0.94217 0.38322 -2.93597e-19)
(0.90017 0.355235 -3.62865e-19)
(0.868543 0.329802 2.24273e-19)
(0.84631 0.305917 -1.30935e-19)
(0.792746 0.278485 3.13332e-19)
(0.683266 0.227993 0)
(0.505915 0.165049 -4.51172e-19)
(0.304233 0.0979707 6.66316e-19)
(0.133137 0.0430412 1.26178e-18)
(0.0212076 0.00702399 -1.48422e-18)
(0.465023 0.191269 -4.43603e-20)
(1.04594 0.412862 1.60173e-20)
(1.2819 0.524441 -5.17171e-20)
(1.33347 0.548851 9.89799e-20)
(1.31172 0.55711 1.1878e-20)
(1.25659 0.546937 -1.57911e-19)
(1.188 0.52927 -9.41179e-20)
(1.12003 0.509595 -9.17721e-20)
(1.05031 0.484808 -1.70191e-19)
(0.980137 0.453329 2.74195e-19)
(0.916553 0.417751 2.96946e-19)
(0.871064 0.387174 5.75861e-19)
(0.84451 0.360893 0)
(0.810098 0.334699 6.33096e-21)
(0.764127 0.302118 -8.6009e-19)
(0.664646 0.256581 2.00792e-19)
(0.500634 0.187443 9.7507e-19)
(0.309873 0.115839 -2.87697e-19)
(0.142376 0.0534326 5.98798e-19)
(0.0266372 0.0102438 -4.99442e-20)
(0.455452 0.209685 5.93582e-21)
(1.03513 0.456141 3.85141e-20)
(1.27328 0.579675 -2.3955e-20)
(1.32471 0.605596 1.12524e-19)
(1.30133 0.612916 -1.70628e-19)
(1.24496 0.599577 1.57106e-19)
(1.17518 0.579013 9.74328e-20)
(1.10575 0.556233 2.74639e-19)
(1.03369 0.528403 3.42443e-19)
(0.959973 0.494655 -3.1594e-19)
(0.896437 0.458163 0)
(0.853137 0.423021 -2.17382e-19)
(0.817188 0.392756 2.49578e-19)
(0.79345 0.365346 3.14866e-19)
(0.741225 0.333853 -1.82008e-19)
(0.643303 0.277688 -4.44367e-19)
(0.488308 0.208664 -1.32666e-19)
(0.309053 0.131385 -1.61691e-21)
(0.14662 0.0623917 0)
(0.0299469 0.0128428 0)
(0.447402 0.225981 -6.49281e-20)
(1.02305 0.496243 0)
(1.2625 0.631182 -9.68725e-21)
(1.31372 0.659033 -8.98324e-21)
(1.28906 0.665953 1.92692e-19)
(1.23183 0.649942 -4.91639e-20)
(1.16109 0.626639 9.88579e-20)
(1.09017 0.600944 -1.86011e-19)
(1.01625 0.570121 2.59499e-19)
(0.941835 0.532679 -1.03032e-19)
(0.875524 0.490628 1.69832e-19)
(0.825359 0.452425 6.89013e-19)
(0.794343 0.422265 1.41642e-20)
(0.758417 0.390777 -3.28108e-19)
(0.71264 0.353011 6.07878e-19)
(0.623152 0.304041 4.14888e-21)
(0.477529 0.228084 1.41933e-19)
(0.304188 0.14526 -6.7701e-19)
(0.145093 0.0693922 6.97457e-19)
(0.0308159 0.0144483 -8.21965e-19)
(0.440799 0.243787 3.97217e-23)
(1.01187 0.534849 0)
(1.25095 0.680433 0)
(1.30158 0.710178 -5.51028e-21)
(1.27579 0.716101 -5.78703e-20)
(1.21774 0.697433 7.39453e-20)
(1.14616 0.671854 -1.85108e-19)
(1.0742 0.643808 0)
(0.998748 0.610399 -3.82511e-19)
(0.92133 0.570575 4.56964e-19)
(0.851804 0.526444 4.83149e-19)
(0.802594 0.485941 -2.52918e-19)
(0.767188 0.449622 -3.05616e-19)
(0.740819 0.417195 7.1642e-19)
(0.690453 0.381269 -2.15896e-19)
(0.60071 0.319897 -2.57852e-19)
(0.461163 0.24492 -1.54355e-19)
(0.296737 0.156215 -7.29911e-19)
(0.140855 0.0742119 1.06512e-19)
(0.0300608 0.0153616 8.86671e-19)
(0.436493 0.262004 -3.34565e-20)
(1.00095 0.571098 -4.29256e-20)
(1.2384 0.72618 2.36377e-20)
(1.28839 0.757889 -1.62576e-22)
(1.26169 0.763414 -5.68167e-20)
(1.20299 0.742629 1.21194e-19)
(1.13075 0.714872 0)
(1.05789 0.684474 1.11911e-19)
(0.981341 0.648924 -8.82425e-20)
(0.902808 0.606549 7.61097e-19)
(0.832101 0.558205 -1.10394e-19)
(0.779165 0.513586 1.25223e-19)
(0.743439 0.476556 0)
(0.705584 0.439242 -3.87813e-19)
(0.662079 0.395015 4.6946e-19)
(0.579785 0.341795 0)
(0.447691 0.258367 -3.32738e-19)
(0.285997 0.165618 9.78295e-19)
(0.134615 0.0767635 1.15405e-19)
(0.027843 0.0158096 -1.09114e-18)
(0.433985 0.278955 -8.64599e-20)
(0.991113 0.605847 1.10959e-19)
(1.22581 0.769755 0)
(1.27488 0.80337 7.53542e-21)
(1.24728 0.807999 0)
(1.18797 0.78502 -1.55095e-19)
(1.11531 0.75543 0)
(1.04185 0.723254 0)
(0.963799 0.685773 -1.1617e-19)
(0.882119 0.641051 -7.23364e-19)
(0.808061 0.590455 -8.92215e-19)
(0.75365 0.542925 1.46282e-19)
(0.714084 0.499644 5.27356e-19)
(0.68817 0.460538 4.26697e-19)
(0.639906 0.419818 -1.5059e-18)
(0.55736 0.351613 -6.04553e-19)
(0.428019 0.269791 3.53957e-19)
(0.273208 0.170581 0)
(0.126669 0.0776833 9.91402e-19)
(0.0251004 0.0153564 -1.17507e-18)
(0.432331 0.294704 1.04951e-19)
(0.981579 0.638471 -1.30275e-19)
(1.21297 0.810102 0)
(1.26102 0.845514 -1.09802e-20)
(1.23271 0.849856 2.77203e-21)
(1.17299 0.825214 0)
(1.09996 0.793936 5.66033e-20)
(1.02574 0.759897 7.70887e-20)
(0.946612 0.720885 -2.18789e-19)
(0.864141 0.67464 9.59208e-20)
(0.78829 0.621559 0)
(0.730523 0.568858 6.05565e-19)
(0.691805 0.523349 4.87854e-21)
(0.652007 0.47879 2.30102e-19)
(0.611125 0.427037 2.73351e-19)
(0.535022 0.368697 0)
(0.41226 0.276926 -5.78579e-19)
(0.259249 0.173934 1.13532e-18)
(0.118309 0.0771431 -1.20051e-18)
(0.0221892 0.0145318 2.52959e-18)
(0.431069 0.309671 0)
(0.972704 0.669657 0)
(1.20051 0.848409 -6.2989e-20)
(1.24734 0.885628 0)
(1.21828 0.889222 0)
(1.15813 0.862794 -1.29183e-19)
(1.08484 0.830049 5.79057e-20)
(1.01014 0.794706 1.75673e-20)
(0.92969 0.754256 -5.01058e-20)
(0.844096 0.706204 0)
(0.764064 0.650453 -1.35581e-19)
(0.704226 0.594682 -4.93943e-19)
(0.66091 0.54358 -5.9458e-19)
(0.633842 0.49562 -2.38957e-19)
(0.588442 0.447532 2.96078e-19)
(0.512141 0.371107 -6.98018e-19)
(0.390799 0.281902 1.24477e-18)
(0.244983 0.173427 2.4354e-21)
(0.109876 0.0755014 -1.15096e-18)
(0.0196906 0.0134941 -1.70542e-19)
(0.42993 0.324199 0)
(0.964245 0.69926 -1.07374e-19)
(1.18818 0.883885 7.78985e-20)
(1.2337 0.92262 0)
(1.20406 0.926028 0)
(1.14361 0.89834 2.59346e-19)
(1.07011 0.864325 0)
(0.994804 0.827545 0)
(0.91337 0.786093 -4.78962e-19)
(0.826866 0.737235 1.32082e-19)
(0.74498 0.679984 -1.20175e-18)
(0.68134 0.620555 0)
(0.637735 0.565998 -6.44656e-19)
(0.595891 0.5112 1.06363e-20)
(0.557438 0.447417 -9.50859e-19)
(0.488404 0.381765 3.75617e-19)
(0.375628 0.280665 1.62307e-21)
(0.232549 0.170795 -1.31066e-18)
(0.103052 0.072477 6.20784e-19)
(0.0169034 0.0119546 1.82445e-19)
(0.428865 0.338373 0)
(0.956292 0.727444 -1.51049e-19)
(1.17632 0.917558 8.24303e-20)
(1.22048 0.957843 1.02879e-19)
(1.19019 0.96059 -1.38187e-20)
(1.12944 0.931485 2.59225e-20)
(1.05585 0.896355 -3.51265e-20)
(0.980277 0.858686 4.61146e-19)
(0.897773 0.816246 5.12354e-19)
(0.808389 0.76608 1.0063e-18)
(0.722299 0.706535 9.98538e-19)
(0.655012 0.644589 1.75354e-19)
(0.605104 0.584582 9.27505e-19)
(0.575226 0.524217 5.72504e-19)
(0.532373 0.463626 6.8262e-19)
(0.464773 0.373745 -4.11137e-19)
(0.354336 0.275302 -4.78433e-19)
(0.223049 0.161068 5.61054e-19)
(0.101367 0.0734642 -3.3296e-19)
(0.020057 0.0176694 5.90324e-19)
(0.42789 0.352125 2.14261e-19)
(0.948867 0.754286 2.36347e-19)
(1.16473 0.948808 4.83503e-20)
(1.20748 0.990213 1.62292e-20)
(1.17674 0.992803 1.10877e-20)
(1.11584 0.962767 -7.2015e-20)
(1.04223 0.926755 3.38685e-20)
(0.966203 0.888027 -2.03402e-20)
(0.882715 0.844954 -5.95495e-19)
(0.792256 0.794578 -1.0919e-18)
(0.703783 0.73469 6.93213e-20)
(0.631789 0.670385 0)
(0.581052 0.607015 0)
(0.533659 0.539696 -2.98395e-19)
(0.49577 0.45609 -1.11628e-18)
(0.436989 0.374489 8.85601e-19)
(0.345211 0.254876 5.23403e-19)
(0.230058 0.142702 0)
(0.114701 0.0477415 1.06216e-18)
(0.0136428 -0.00774557 -6.30582e-19)
(0.426992 0.365306 -1.1359e-19)
(0.941731 0.779515 1.0057e-19)
(1.15361 0.978427 -1.17001e-19)
(1.19505 1.02108 -9.30431e-20)
(1.16376 1.02303 -1.20901e-20)
(1.10271 0.991858 -2.30406e-20)
(1.02916 0.955043 0)
(0.952975 0.915775 -5.79046e-19)
(0.868546 0.872013 7.31489e-20)
(0.775742 0.820804 0)
(0.684102 0.759783 0)
(0.607502 0.694033 1.11641e-19)
(0.546693 0.625781 1.49945e-19)
(0.509086 0.550817 -3.2203e-19)
(0.464148 0.471148 8.0138e-19)
(0.403625 0.351478 -9.64998e-19)
(0.316537 0.23241 -1.11954e-18)
(0.236415 0.122856 9.91153e-19)
(0.170105 0.0888155 -3.78209e-19)
(0.113133 0.0799528 2.20128e-19)
(0.426072 0.377703 1.43477e-19)
(0.935079 0.803547 0)
(1.1428 1.00591 0)
(1.18291 1.04934 -2.53247e-20)
(1.15132 1.05113 2.05019e-20)
(1.09025 1.01926 -2.07774e-20)
(1.01678 0.981859 1.49628e-19)
(0.940243 0.941863 5.92706e-19)
(0.855067 0.897817 1.07965e-18)
(0.761303 0.846852 -8.20055e-20)
(0.666495 0.786335 1.69363e-19)
(0.584544 0.719575 -9.97958e-19)
(0.523659 0.650016 -9.93523e-19)
(0.462828 0.570621 -1.72698e-19)
(0.41361 0.459559 0)
(0.36135 0.351543 -7.3059e-21)
(0.291123 0.16495 6.16227e-19)
(0.262966 0.0216981 -1.03762e-18)
(0.225406 -0.0883055 7.8887e-19)
(0.0844249 -0.0968258 6.54156e-19)
(0.425076 0.389657 -3.17332e-19)
(0.928429 0.825878 -1.43428e-19)
(1.13237 1.03199 7.00099e-21)
(1.17128 1.07654 5.52478e-20)
(1.13922 1.07778 0)
(1.07804 1.04504 -7.49206e-20)
(1.0047 1.00716 -2.14941e-19)
(0.928138 0.967048 -1.78506e-21)
(0.842272 0.922801 -5.65645e-19)
(0.746288 0.871343 -8.04377e-20)
(0.648903 0.810647 7.47123e-20)
(0.562888 0.745265 8.76611e-19)
(0.486466 0.672311 9.69662e-19)
(0.433297 0.583201 1.68046e-19)
(0.374776 0.485 8.59317e-19)
(0.291787 0.319964 0)
(0.173198 0.15093 0)
(0.00402764 0.205903 7.1505e-19)
(-0.0776442 0.629866 -2.98652e-20)
(0.00686311 1.53614 -8.79787e-19)
(0.424046 0.40093 1.75496e-19)
(0.922337 0.847494 4.01143e-19)
(1.12221 1.05646 -5.4834e-19)
(1.15983 1.1017 2.72881e-19)
(1.12748 1.10302 -6.46128e-21)
(1.0663 1.06997 -2.81774e-20)
(0.99305 1.03198 0)
(0.916182 0.991684 -4.93876e-19)
(0.829647 0.947801 0)
(0.732685 0.897444 1.13319e-18)
(0.631385 0.838243 -9.07551e-20)
(0.539196 0.772701 1.01762e-19)
(0.465261 0.702419 1.10852e-18)
(0.379892 0.619415 -3.64249e-19)
(0.283274 0.480953 -4.37508e-19)
(0.197321 0.375938 0)
(0.0881178 0.504649 0)
(0.0262786 1.3292 0)
(0.0726272 2.46198 -4.06204e-19)
(0.100123 2.91018 -2.49941e-19)
(0.422731 0.411632 0)
(0.916088 0.867249 0)
(1.1124 1.07965 2.00289e-19)
(1.14893 1.12609 -2.21373e-19)
(1.1161 1.12708 9.63068e-20)
(1.05482 1.09357 3.48304e-20)
(0.981709 1.05553 2.76278e-20)
(0.9049 1.01569 -2.15104e-20)
(0.817768 0.972284 7.96235e-20)
(0.718607 0.922099 -1.30047e-18)
(0.615381 0.863848 1.6455e-19)
(0.519886 0.803283 8.74443e-19)
(0.424625 0.734421 -1.1045e-18)
(0.347679 0.63524 -1.21127e-18)
(0.267168 0.542195 4.07867e-19)
(0.190882 0.676487 0)
(0.122604 1.55662 5.65324e-19)
(0.123742 2.69287 6.20687e-19)
(0.131835 3.08782 -6.93969e-19)
(0.12343 3.22214 7.45645e-19)
(0.421408 0.422008 0)
(0.910482 0.88652 3.56431e-19)
(1.10292 1.10138 -5.01887e-20)
(1.13825 1.14847 3.1272e-19)
(1.10518 1.14979 -1.0109e-19)
(1.04395 1.1163 0)
(0.970963 1.07855 0)
(0.893869 1.03895 0)
(0.80615 0.99642 4.48782e-19)
(0.706432 0.948272 6.00404e-20)
(0.599411 0.892904 0)
(0.49699 0.83192 -8.69754e-19)
(0.412706 0.767511 0)
(0.297593 0.685071 8.66978e-19)
(0.205218 0.750936 -5.83834e-19)
(0.154986 1.46212 -4.69876e-19)
(0.157226 2.68079 -1.10029e-18)
(0.178988 3.1268 -5.80246e-19)
(0.169814 3.26741 -7.88491e-19)
(0.155864 3.30767 5.96335e-19)
(0.419902 0.431459 -1.24744e-19)
(0.9046 0.903783 1.54306e-20)
(1.09378 1.1219 -5.59861e-20)
(1.12819 1.17028 -2.41354e-19)
(1.09464 1.17148 0)
(1.03332 1.13784 0)
(0.96048 1.10036 0)
(0.883502 1.06161 3.44164e-20)
(0.79538 1.02011 -5.67264e-19)
(0.693716 0.972841 0)
(0.585425 0.919054 0)
(0.483631 0.866137 0)
(0.36942 0.803421 0)
(0.305682 0.777008 6.32905e-19)
(0.271194 1.16525 1.55634e-18)
(0.248955 2.38399 4.61083e-19)
(0.262488 3.08321 9.29687e-19)
(0.257051 3.2832 -7.12454e-19)
(0.208225 3.34893 2.63486e-19)
(0.175709 3.36163 0)
(0.418433 0.440645 1.28545e-19)
(0.899269 0.921368 -7.92989e-19)
(1.08476 1.14175 -2.12716e-19)
(1.1181 1.19075 -4.66319e-20)
(1.08436 1.19249 2.35229e-20)
(1.02316 1.15912 -7.84609e-20)
(0.950462 1.12219 -3.22326e-21)
(0.873266 1.08396 -3.84585e-19)
(0.784769 1.04372 0)
(0.683188 0.999227 -7.59484e-20)
(0.571982 0.949524 6.90896e-20)
(0.462552 0.895591 0)
(0.375095 0.846422 0)
(0.319822 0.964377 -7.92013e-19)
(0.273639 1.85534 9.7443e-20)
(0.269825 2.94335 -3.45848e-19)
(0.292274 3.28739 7.22131e-19)
(0.264685 3.38588 5.23577e-19)
(0.199078 3.41032 -7.10987e-19)
(0.174299 3.41985 3.52668e-19)
(0.416443 0.450034 2.53242e-19)
(0.892886 0.93812 7.7394e-19)
(1.07523 1.16203 2.55258e-19)
(1.10783 1.21244 0)
(1.07366 1.21405 0)
(1.01244 1.18055 6.1301e-20)
(0.940002 1.14395 7.03129e-20)
(0.863159 1.10673 3.42968e-19)
(0.774652 1.06778 2.22544e-20)
(0.671441 1.02454 9.72034e-19)
(0.560082 0.976648 -1.14676e-18)
(0.450111 0.928662 0)
(0.370931 0.924515 0)
(0.334594 1.3313 -5.39363e-19)
(0.335186 2.48817 -6.48574e-19)
(0.378425 3.19805 0)
(0.402901 3.36946 -7.28737e-19)
(0.33298 3.4322 4.99094e-20)
(0.26351 3.47693 3.4048e-19)
(0.24098 3.50223 -1.11815e-19)
(0.414283 0.459801 -4.82302e-19)
(0.886622 0.95726 -3.71867e-19)
(1.06491 1.18343 0)
(1.09647 1.23418 0)
(1.06229 1.23636 0)
(1.0014 1.20303 0)
(0.929338 1.16689 -8.26621e-20)
(0.852531 1.13007 3.016e-19)
(0.763967 1.09233 0)
(0.661819 1.05211 -8.85126e-19)
(0.549602 1.00906 2.05686e-18)
(0.440031 0.969902 8.38927e-20)
(0.388577 1.04597 1.11409e-19)
(0.386903 1.74989 8.79078e-19)
(0.401071 2.90088 -4.72408e-19)
(0.438963 3.32014 0)
(0.422142 3.44336 2.03744e-19)
(0.336634 3.53162 9.18944e-20)
(0.260982 3.59543 1.5091e-19)
(0.185658 3.57488 -1.38977e-20)
(0.411327 0.470032 2.29705e-19)
(0.87854 0.975432 -3.80824e-19)
(1.05358 1.20571 0)
(1.08457 1.2579 -6.82083e-20)
(1.05003 1.25964 2.33607e-19)
(0.989273 1.22592 0)
(0.917752 1.1899 0)
(0.841706 1.15402 -5.23598e-19)
(0.75374 1.11747 -5.68092e-20)
(0.650716 1.07852 8.67926e-19)
(0.536074 1.03682 -9.7733e-19)
(0.446803 1.0169 5.6996e-19)
(0.407238 1.23221 0)
(0.423489 2.18659 -4.66068e-19)
(0.465698 3.14564 3.05819e-19)
(0.529176 3.4236 1.90947e-19)
(0.52134 3.51991 0)
(0.458456 3.60143 -3.88026e-20)
(0.388334 3.64246 -4.15046e-19)
(0.307633 3.61395 -9.71992e-20)
(0.408152 0.480482 -4.58819e-19)
(0.870743 0.997003 5.45577e-19)
(1.04132 1.22941 3.76762e-19)
(1.0713 1.28145 -9.33862e-20)
(1.03694 1.28372 -3.57286e-19)
(0.976826 1.24999 0)
(0.906036 1.21426 9.96206e-21)
(0.83036 1.1785 1.8974e-19)
(0.742707 1.14292 3.0397e-20)
(0.641709 1.10669 -7.49857e-19)
(0.527839 1.07172 -5.18845e-20)
(0.447537 1.0795 -6.43245e-19)
(0.444033 1.46194 6.9997e-19)
(0.494951 2.55218 1.52859e-19)
(0.560475 3.30774 -2.67806e-19)
(0.612759 3.47524 1.35682e-19)
(0.572973 3.52633 0)
(0.515137 3.53019 0)
(0.421398 3.49474 -6.84852e-19)
(0.192605 3.28567 1.26561e-18)
(0.403629 0.491196 2.20066e-19)
(0.86034 1.01656 5.38497e-19)
(1.02781 1.25379 -3.85465e-19)
(1.05754 1.3073 3.4063e-19)
(1.02291 1.30867 3.75139e-19)
(0.963191 1.27425 0)
(0.893316 1.23836 -1.52599e-21)
(0.818899 1.20336 1.55248e-19)
(0.732659 1.16875 0)
(0.631852 1.13361 0)
(0.523688 1.10353 0)
(0.460133 1.15741 0)
(0.486445 1.70183 -7.89805e-19)
(0.553673 2.85875 -2.03395e-19)
(0.628598 3.39541 0)
(0.67196 3.48791 -2.14191e-20)
(0.670412 3.49359 0)
(0.747708 3.3344 1.43941e-19)
(0.843561 2.9653 -1.79487e-18)
(0.448781 2.58552 1.88011e-18)
(0.399321 0.501336 -4.49395e-19)
(0.850462 1.04082 -3.45521e-19)
(1.01316 1.28003 -2.56467e-19)
(1.04199 1.33279 -3.18577e-19)
(1.00785 1.33464 -1.83216e-19)
(0.949212 1.29998 0)
(0.880532 1.26414 4.19845e-21)
(0.806921 1.22893 -4.23395e-20)
(0.721437 1.19495 -2.28305e-19)
(0.623213 1.16183 0)
(0.519985 1.14131 5.1069e-20)
(0.474504 1.25251 -5.8069e-20)
(0.533171 1.95436 0)
(0.627554 3.08098 2.65778e-19)
(0.719029 3.43753 0)
(0.750563 3.47451 -1.04023e-19)
(0.753899 3.38373 2.85574e-19)
(0.747504 3.00247 -1.42072e-19)
(0.502683 1.99165 2.78417e-19)
(-0.343579 0.497719 -6.7787e-19)
(0.391996 0.511627 -1.34087e-20)
(0.836707 1.0614 -1.76938e-19)
(0.996713 1.30674 3.53342e-19)
(1.02575 1.36137 -1.97385e-20)
(0.991452 1.36188 -5.85862e-20)
(0.9335 1.32634 0)
(0.866139 1.29024 6.64715e-20)
(0.794341 1.25583 -7.96601e-20)
(0.711199 1.2228 4.09154e-19)
(0.611596 1.19068 -5.04368e-19)
(0.522688 1.1804 -6.03227e-19)
(0.501636 1.36999 0)
(0.589203 2.25722 3.99256e-19)
(0.692364 3.21778 -5.42858e-20)
(0.765472 3.41908 3.07272e-20)
(0.772498 3.40899 0)
(0.703069 3.17841 -1.49728e-19)
(0.53356 2.40129 1.58735e-19)
(0.102502 0.632078 -1.88366e-19)
(-0.250291 -0.397572 -1.73386e-19)
(0.384882 0.522537 4.20488e-19)
(0.82385 1.08843 -1.73512e-19)
(0.978714 1.33592 2.49751e-19)
(1.0071 1.38939 1.92715e-19)
(0.973627 1.39068 1.17963e-19)
(0.917311 1.35495 2.24016e-19)
(0.851705 1.31891 -1.48304e-19)
(0.781208 1.28417 1.47124e-20)
(0.699177 1.25174 -2.99444e-19)
(0.602183 1.22245 3.33149e-20)
(0.526087 1.228 9.69621e-20)
(0.528951 1.51685 -3.96071e-19)
(0.640779 2.51966 1.07351e-19)
(0.752534 3.2897 -2.10365e-19)
(0.816307 3.3924 3.0925e-20)
(0.793101 3.3137 8.17881e-20)
(0.665934 2.86483 -2.15298e-19)
(0.407464 1.6349 1.39803e-19)
(0.0599339 0.050611 0)
(-0.0799903 -0.161007 -3.01312e-19)
(0.374467 0.530536 0)
(0.805576 1.10889 -6.58735e-19)
(0.958427 1.36472 2.39664e-20)
(0.987768 1.4209 -3.167e-19)
(0.954306 1.42043 0)
(0.899113 1.38372 -1.65823e-19)
(0.835332 1.34746 1.50203e-19)
(0.767336 1.3137 -1.37632e-20)
(0.688875 1.28228 2.11027e-19)
(0.595088 1.25587 3.61324e-19)
(0.530846 1.28082 4.65874e-19)
(0.564911 1.67366 4.78513e-20)
(0.698828 2.7656 -2.92944e-19)
(0.805493 3.3216 1.49358e-20)
(0.83884 3.35142 2.20134e-21)
(0.762751 3.13232 8.23104e-20)
(0.527993 2.32511 9.18862e-20)
(0.116967 0.44516 -1.08904e-19)
(-0.136859 -0.246149 0)
(-0.115872 -0.20779 0)
(0.363663 0.54012 -4.06379e-19)
(0.78834 1.13731 6.53815e-19)
(0.936249 1.39628 0)
(0.965355 1.45108 0)
(0.93312 1.45187 0)
(0.880376 1.4151 0)
(0.819078 1.37886 -7.95223e-20)
(0.753033 1.34456 -1.59831e-20)
(0.676323 1.31369 -3.4944e-20)
(0.589009 1.29088 3.77901e-20)
(0.537799 1.34435 -3.85336e-19)
(0.599906 1.8555 2.80787e-19)
(0.75028 2.95047 0)
(0.842938 3.31936 3.63499e-20)
(0.863927 3.28562 6.58474e-20)
(0.724694 2.872 -2.55313e-20)
(0.394691 1.68647 1.07118e-19)
(0.0155148 -0.0396109 6.16596e-20)
(-0.156751 -0.202892 -2.53159e-19)
(-0.0575879 -0.137181 -2.96492e-19)
(0.348119 0.544467 2.05801e-19)
(0.763593 1.15494 3.05718e-19)
(0.911419 1.42602 -9.29743e-21)
(0.942249 1.48508 1.67746e-19)
(0.910224 1.48353 0)
(0.859347 1.44569 3.14985e-19)
(0.800438 1.40926 -6.47751e-20)
(0.737704 1.37609 1.84422e-20)
(0.664464 1.34599 -3.57519e-20)
(0.584319 1.32803 2.72749e-20)
(0.548936 1.41473 2.60174e-19)
(0.643503 2.06039 -1.28843e-19)
(0.800067 3.07333 -1.10574e-19)
(0.880893 3.31101 3.12539e-21)
(0.861159 3.18823 -3.52387e-20)
(0.62799 2.51391 1.49999e-19)
(0.190082 0.730877 -8.41345e-20)
(-0.0850057 -0.275494 1.23286e-19)
(-0.129584 -0.223593 -3.75568e-19)
(-0.0592585 -0.123574 2.62876e-19)
(0.331081 0.549517 -1.92506e-19)
(0.73952 1.18108 0)
(0.884484 1.45842 -2.24406e-19)
(0.915124 1.51646 -3.23572e-19)
(0.884858 1.51688 0)
(0.837609 1.47925 -2.46003e-19)
(0.781936 1.44273 0)
(0.721884 1.40859 -1.18467e-19)
(0.649546 1.37896 -2.03998e-20)
(0.580521 1.36683 6.82573e-20)
(0.562327 1.49715 -1.26104e-19)
(0.683653 2.26182 7.1446e-20)
(0.841081 3.14326 1.73118e-19)
(0.905463 3.28304 1.37971e-20)
(0.84568 3.03544 -3.55196e-20)
(0.531107 2.08749 -5.09173e-20)
(0.0759967 0.121237 1.30507e-19)
(-0.183767 -0.263978 -1.45609e-19)
(-0.104672 -0.210239 5.55777e-22)
(-0.0477933 -0.0739508 -2.75155e-20)
(0.308711 0.546909 3.82964e-19)
(0.707677 1.19309 -2.93096e-19)
(0.854349 1.4865 2.38982e-19)
(0.887035 1.55185 1.55881e-19)
(0.85767 1.54938 2.82039e-20)
(0.813397 1.51055 1.54868e-19)
(0.760577 1.47386 0)
(0.704822 1.44088 -3.79869e-20)
(0.636808 1.41263 0)
(0.576955 1.40771 -6.3839e-20)
(0.577523 1.58308 1.25176e-19)
(0.728093 2.43958 -3.29344e-21)
(0.879634 3.18634 -5.88502e-20)
(0.92909 3.24441 4.13499e-20)
(0.808377 2.85419 -1.39824e-20)
(0.382741 1.52538 6.51127e-20)
(-0.0531433 -0.129659 -1.97355e-19)
(-0.226712 -0.259146 -1.12839e-19)
(-0.124461 -0.247307 -4.40439e-20)
(-0.0671362 -0.0810069 2.06638e-19)
(0.284876 0.543043 4.29041e-21)
(0.676824 1.21459 1.50378e-19)
(0.821097 1.5161 0)
(0.853795 1.58226 2.93022e-19)
(0.827582 1.58336 -4.17542e-19)
(0.788105 1.54514 1.56529e-19)
(0.739171 1.5083 -1.04598e-19)
(0.68719 1.47372 9.9177e-20)
(0.621628 1.44645 -8.79785e-20)
(0.572435 1.44959 -1.89878e-21)
(0.59405 1.67522 2.65064e-20)
(0.766642 2.59558 4.82028e-20)
(0.907897 3.1944 3.62183e-20)
(0.932209 3.19284 -6.35552e-20)
(0.748807 2.60205 -6.38198e-20)
(0.287426 1.03532 1.21953e-19)
(-0.0572398 -0.247205 -1.1816e-19)
(-0.217538 -0.297992 8.03288e-20)
(-0.120816 -0.275701 1.60382e-21)
(-0.0754633 -0.101426 -1.79866e-19)
(0.255276 0.526795 7.12498e-19)
(0.635965 1.21432 -1.49869e-19)
(0.783819 1.53852 -4.09094e-19)
(0.819606 1.6162 3.32093e-19)
(0.796007 1.61505 -1.8263e-19)
(0.760115 1.57547 3.02454e-19)
(0.714593 1.53852 1.62947e-19)
(0.668212 1.50518 0)
(0.608984 1.47961 1.01158e-19)
(0.567805 1.49222 -1.46338e-20)
(0.609483 1.76158 -1.23002e-20)
(0.806932 2.71473 -4.62365e-21)
(0.930857 3.19614 1.96558e-20)
(0.93875 3.12457 9.39774e-21)
(0.690929 2.41226 -9.74139e-20)
(0.167531 0.480377 -3.81727e-20)
(-0.0506654 -0.268189 1.21937e-19)
(-0.135649 -0.300534 5.43899e-20)
(-0.106297 -0.270498 1.76134e-20)
(-0.0558984 -0.111104 1.52606e-19)
(0.223549 0.504918 0)
(0.595672 1.22337 1.39533e-19)
(0.742184 1.56048 -1.85767e-19)
(0.779743 1.64175 3.22088e-19)
(0.761367 1.6473 -3.98526e-19)
(0.730265 1.60915 1.6602e-19)
(0.689587 1.57225 0)
(0.647859 1.53657 0)
(0.594986 1.5112 0)
(0.559981 1.53399 2.10089e-20)
(0.623544 1.84377 -1.96879e-20)
(0.832965 2.80323 1.85221e-20)
(0.945125 3.19282 5.13676e-20)
(0.927244 3.05978 5.03353e-20)
(0.617092 2.15103 -8.86107e-20)
(0.0821463 0.179989 6.60781e-20)
(-0.121742 -0.279474 3.05919e-21)
(-0.112003 -0.316422 -1.24493e-19)
(-0.0909619 -0.234455 1.47301e-20)
(-0.0297662 -0.0808939 0)
(0.186046 0.464031 6.53123e-19)
(0.543007 1.19866 -1.30478e-19)
(0.696473 1.57111 4.63882e-21)
(0.739542 1.67092 0)
(0.724845 1.67464 -1.91396e-19)
(0.697888 1.63662 1.84557e-20)
(0.661491 1.59924 0)
(0.626377 1.56523 5.00885e-20)
(0.581258 1.5406 -3.95247e-20)
(0.554352 1.57223 0)
(0.633941 1.91007 0)
(0.85966 2.86493 -3.39349e-20)
(0.955199 3.19131 -6.89354e-20)
(0.918847 2.97941 2.50609e-22)
(0.561991 1.96537 -2.04387e-20)
(0.0322114 0.00784348 3.28475e-20)
(-0.150364 -0.283703 0)
(-0.112762 -0.336563 -7.13586e-20)
(-0.0838811 -0.235007 -1.08925e-19)
(-0.0128475 -0.0698295 2.62508e-19)
(0.146218 0.410398 5.38922e-19)
(0.491358 1.18186 -1.24957e-19)
(0.645088 1.57635 1.76804e-19)
(0.692823 1.68664 -4.38981e-19)
(0.68478 1.70091 0)
(0.663367 1.66678 0)
(0.632473 1.62974 0)
(0.603002 1.59306 5.27751e-20)
(0.565149 1.56699 -4.16417e-20)
(0.543447 1.60484 0)
(0.640525 1.96758 0)
(0.869689 2.89871 1.07187e-19)
(0.957184 3.19568 -3.991e-20)
(0.892537 2.94449 5.43973e-20)
(0.537569 1.79464 4.80636e-20)
(0.00563891 0.0296266 0)
(-0.16674 -0.236955 -1.5968e-20)
(-0.152252 -0.341508 -2.20701e-20)
(-0.075874 -0.232871 2.22042e-19)
(0.0218728 0.0121828 -2.69851e-19)
(0.103056 0.330743 -5.00973e-19)
(0.424332 1.11124 1.31269e-19)
(0.590055 1.56369 3.71879e-19)
(0.646376 1.70487 2.52482e-19)
(0.641886 1.71953 -2.0445e-19)
(0.626872 1.68892 -1.35203e-19)
(0.600565 1.65078 9.22435e-20)
(0.578382 1.61635 0)
(0.549581 1.58953 0)
(0.533269 1.62826 0)
(0.639329 1.98988 -7.50545e-20)
(0.887656 2.9197 -1.09497e-19)
(0.960098 3.21364 3.77165e-20)
(0.844482 2.94136 -1.67651e-20)
(0.437 1.73356 3.99073e-20)
(-0.145436 0.190495 0)
(-0.334875 -0.251835 6.0565e-20)
(-0.332551 -0.421277 -1.93469e-19)
(-0.213546 -0.333271 4.53204e-19)
(-0.0211125 0.0332139 -2.53149e-19)
(0.0550346 0.230577 5.30085e-19)
(0.358104 1.04625 -4.35488e-19)
(0.525616 1.53358 0)
(0.591654 1.70168 1.25228e-19)
(0.596714 1.73526 9.04483e-20)
(0.587751 1.71161 1.90427e-19)
(0.567301 1.67468 -8.62257e-20)
(0.550919 1.63712 0)
(0.530014 1.6084 0)
(0.517306 1.64358 -1.48489e-19)
(0.629619 1.98723 -4.55654e-21)
(0.894434 2.9019 8.75725e-20)
(0.983989 3.21863 5.23088e-20)
(0.857282 3.00283 1.94917e-19)
(0.459556 1.78212 -3.32188e-19)
(-0.148961 0.378975 5.6409e-19)
(-0.43036 -0.332325 -3.82208e-19)
(-0.453292 -0.807697 0)
(-0.446198 -0.919748 -3.20214e-20)
(-0.17892 -0.615161 7.50737e-19)
(0.0159612 0.140156 5.42812e-19)
(0.267867 0.893805 0)
(0.459376 1.47517 0)
(0.537809 1.69685 0)
(0.548478 1.73995 7.56525e-20)
(0.546882 1.72478 -1.8868e-19)
(0.530962 1.68735 -8.38353e-20)
(0.521668 1.65156 0)
(0.509678 1.61969 0)
(0.502792 1.6492 9.24461e-20)
(0.617463 1.95188 3.1312e-20)
(0.903989 2.86497 -4.25089e-20)
(1.05059 3.21461 4.32505e-20)
(1.04968 3.10271 1.62864e-19)
(0.807753 2.23432 -3.23895e-19)
(0.304771 0.773775 4.67456e-19)
(-0.120309 -0.219459 -4.89678e-19)
(-0.387196 -0.977361 0)
(-0.412072 -1.3074 2.97193e-20)
(-0.267584 -1.16717 7.03262e-19)
(-0.00363681 0.0766783 -5.05768e-19)
(0.182959 0.746898 1.74225e-19)
(0.379391 1.3691 2.69835e-19)
(0.475729 1.65588 -1.51872e-20)
(0.499821 1.73877 -1.63391e-19)
(0.502516 1.73445 -1.04723e-19)
(0.49307 1.7022 2.35276e-19)
(0.487376 1.66224 -5.70139e-21)
(0.483078 1.62504 0)
(0.481217 1.64205 2.48871e-20)
(0.582893 1.88459 -1.30927e-20)
(0.903338 2.72446 3.69583e-20)
(1.1355 3.12865 0)
(1.19532 2.99651 -6.52017e-20)
(1.14754 2.53833 0)
(0.875987 1.60509 -8.75692e-20)
(0.505848 0.575943 -4.41456e-22)
(0.118962 -0.304008 0)
(-0.115295 -1.37339 0)
(-0.229795 -1.4345 3.26271e-19)
(-0.00213335 0.013479 4.06e-19)
(0.084623 0.411521 -1.5219e-19)
(0.316344 1.21768 1.20744e-19)
(0.41689 1.59895 -1.90209e-19)
(0.447292 1.72045 7.45395e-20)
(0.456232 1.73168 -2.52601e-20)
(0.45129 1.70861 1.56713e-20)
(0.448144 1.66706 -3.14159e-20)
(0.450977 1.62049 -1.99962e-20)
(0.455992 1.62227 -1.64033e-20)
(0.529387 1.782 5.27148e-21)
(0.79944 2.51906 0)
(1.09109 2.96463 8.63977e-21)
(1.13339 2.90316 0)
(1.09719 2.58644 0)
(0.969399 1.95481 0)
(0.660355 1.04054 3.29856e-19)
(0.404055 0.173602 -7.45494e-19)
(0.164279 -0.489526 -7.0616e-21)
(0.00766271 -0.817694 5.71598e-19)
(0.00757214 -0.0434427 7.23514e-20)
(0.0223888 0.156304 6.78753e-20)
(0.209767 0.92297 -5.53044e-20)
(0.34822 1.47406 -4.17394e-20)
(0.39533 1.68713 3.3741e-20)
(0.407115 1.72368 2.35759e-20)
(0.405637 1.71277 1.64511e-20)
(0.40094 1.66963 0)
(0.404074 1.61273 -8.21412e-21)
(0.412348 1.59231 -4.40041e-21)
(0.442244 1.67475 9.48355e-21)
(0.593197 2.19987 0)
(0.868572 2.80897 1.70945e-20)
(0.91456 2.80041 -2.85941e-20)
(0.897242 2.63944 0)
(0.817048 2.26953 0)
(0.614203 1.61365 -2.59322e-20)
(0.386342 0.895575 0)
(0.18805 0.247549 -2.05954e-20)
(0.0361709 -0.157896 0)
(0.00445551 -0.0777102 0)
(0.00207823 0.00747547 0)
(0.0915587 0.533349 0)
(0.259751 1.26593 0)
(0.329837 1.61175 -8.34325e-34)
(0.352146 1.70651 6.21033e-34)
(0.353309 1.70506 0)
(0.348712 1.67361 0)
(0.3464 1.60435 0)
(0.353082 1.56435 0)
(0.358417 1.60555 0)
(0.413467 1.96156 0)
(0.65307 2.64946 0)
(0.684279 2.75909 0)
(0.660407 2.70622 0)
(0.620181 2.50766 0)
(0.509036 2.08718 0)
(0.331319 1.48129 0)
(0.167333 0.902239 0)
(0.0410464 0.409239 0)
(-0.00435502 -0.0769125 0)
(0.00280773 -0.0737065 0)
(0.0264137 0.193641 0)
(0.180787 1.00229 0)
(0.261698 1.49593 0)
(0.292499 1.67214 0)
(0.298027 1.69544 0)
(0.295702 1.67344 0)
(0.288803 1.60161 0)
(0.290817 1.54788 0)
(0.289768 1.57233 0)
(0.289054 1.85472 0)
(0.493211 2.54381 0)
(0.5158 2.76929 0)
(0.490674 2.7664 0)
(0.457944 2.66357 0)
(0.389222 2.37948 0)
(0.254837 1.86538 0)
(0.123694 1.34646 0)
(0.025733 0.779309 0)
(-0.00590109 -0.0685762 0)
(0.0108104 -0.104993 0)
(0.0128048 0.0523948 0)
(0.105299 0.767292 0)
(0.198133 1.39102 0)
(0.230783 1.63721 0)
(0.236398 1.68366 0)
(0.236377 1.66985 0)
(0.22835 1.60356 0)
(0.229493 1.54319 0)
(0.235189 1.56218 0)
(0.197134 1.80183 0)
(0.358658 2.47035 0)
(0.382902 2.78233 0)
(0.348561 2.82811 0)
(0.31796 2.78017 0)
(0.270107 2.58262 0)
(0.174708 2.15194 0)
(0.0767507 1.6487 0)
(0.0120777 1.00639 0)
(0.00012251 -0.0858758 0)
(0.0214363 -0.158277 0)
(0.0313149 -0.0336478 0)
(0.0662731 0.535298 0)
(0.149334 1.2688 0)
(0.173711 1.59668 0)
(0.176972 1.67309 0)
(0.178501 1.66592 0)
(0.173336 1.6066 0)
(0.17298 1.54774 0)
(0.188406 1.56467 0)
(0.131826 1.77312 0)
(0.249253 2.42289 0)
(0.275579 2.79716 0)
(0.238262 2.88321 0)
(0.212842 2.86878 0)
(0.180298 2.72986 0)
(0.114888 2.37001 0)
(0.0448599 1.89501 0)
(0.00266356 1.16578 0)
(0.00900956 -0.146986 0)
(0.0331133 -0.242589 0)
(0.0511112 -0.0767655 0)
(0.0301944 0.46647 0)
(0.0886268 1.20883 0)
(0.104113 1.56477 0)
(0.11111 1.66042 0)
(0.11905 1.65952 0)
(0.120742 1.60786 0)
(0.12072 1.55391 0)
(0.146532 1.57116 0)
(0.0846232 1.75609 0)
(0.167349 2.38933 0)
(0.191099 2.81168 0)
(0.157744 2.93167 0)
(0.134546 2.93692 0)
(0.110207 2.83471 0)
(0.0643553 2.5154 0)
(0.0151476 2.04231 0)
(-0.0067473 1.2208 0)
(0.0113973 -0.242785 0)
(0.0326449 -0.306072 0)
(0.0339506 -0.0703406 0)
(-0.00456235 0.485082 0)
(0.0085286 1.1775 0)
(0.0219798 1.54901 0)
(0.0424237 1.65006 0)
(0.0597761 1.65085 0)
(0.071603 1.60414 0)
(0.0741875 1.55654 0)
(0.107574 1.57659 0)
(0.0521674 1.74698 0)
(0.107533 2.36918 0)
(0.125955 2.82506 0)
(0.0967669 2.96919 0)
(0.0773069 2.98954 0)
(0.0615855 2.90639 0)
(0.0293153 2.61373 0)
(5.86728e-05 2.13591 0)
(-0.0119045 1.21113 0)
(0.00739964 -0.294751 0)
(0.010182 -0.325777 0)
(-0.0134332 0.0240571 0)
(-0.0645586 0.573472 0)
(-0.0740133 1.19914 0)
(-0.0609698 1.529 0)
(-0.0272524 1.62838 0)
(0.00289173 1.63524 0)
(0.0288867 1.59271 0)
(0.0343517 1.55217 0)
(0.0719483 1.57799 0)
(0.027212 1.73902 0)
(0.0663274 2.35311 0)
(0.0753757 2.83511 0)
(0.0501665 2.99833 0)
(0.0358645 3.02976 0)
(0.0245862 2.95829 0)
(0.00337821 2.67759 0)
(-0.017495 2.18853 0)
(-0.0149699 1.17495 0)
(-0.000685917 -0.289085 0)
(-0.0243151 -0.241064 0)
(-0.0663152 0.135025 0)
(-0.114756 0.681821 0)
(-0.130099 1.21109 0)
(-0.115239 1.48613 0)
(-0.0781025 1.58516 0)
(-0.0438707 1.6055 0)
(-0.00715867 1.57163 0)
(0.00135005 1.54037 0)
(0.041868 1.57695 0)
(0.00664654 1.73791 0)
(0.0354572 2.34337 0)
(0.0377011 2.84138 0)
(0.0176984 3.01863 0)
(0.00516606 3.05831 0)
(-0.00436832 2.98917 0)
(-0.0181305 2.70836 0)
(-0.029663 2.18639 0)
(-0.0165869 1.0968 0)
(-0.00840503 -0.216129 0)
(-0.0402307 -0.115933 0)
(-0.0896466 0.261867 0)
(-0.135781 0.763732 0)
(-0.147549 1.19906 0)
(-0.137126 1.43366 0)
(-0.102555 1.53172 0)
(-0.0720472 1.56385 0)
(-0.032617 1.54331 0)
(-0.023331 1.5213 0)
(0.0181312 1.57163 0)
(-0.00758174 1.73533 0)
(0.011693 2.33879 0)
(0.00860841 2.84703 0)
(-0.00514662 3.033 0)
(-0.015372 3.07754 0)
(-0.0239055 3.01093 0)
(-0.0325162 2.72596 0)
(-0.035239 2.16878 0)
(-0.0185366 0.997477 0)
(-0.00986862 -0.125024 0)
(-0.0419371 0.0171192 0)
(-0.090448 0.375432 0)
(-0.133222 0.829721 0)
(-0.143313 1.19495 0)
(-0.134868 1.3914 0)
(-0.106525 1.48479 0)
(-0.083797 1.52225 0)
(-0.0472576 1.51278 0)
(-0.0393056 1.5009 0)
(0.00185132 1.56425 0)
(-0.0196119 1.73628 0)
(-0.00362362 2.33488 0)
(-0.0103229 2.85053 0)
(-0.0211218 3.04412 0)
(-0.0291038 3.09083 0)
(-0.0348992 3.02029 0)
(-0.0409264 2.72506 0)
(-0.0375586 2.12761 0)
(-0.0163383 0.892376 0)
(-0.00850073 -0.0327646 0)
(-0.0372337 0.150528 0)
(-0.0806974 0.486354 0)
(-0.117365 0.88911 0)
(-0.129585 1.19439 0)
(-0.120414 1.36356 0)
(-0.0990798 1.45011 0)
(-0.0820362 1.4884 0)
(-0.0502298 1.48524 0)
(-0.0452547 1.48127 0)
(-0.00804146 1.55598 0)
(-0.0259583 1.73658 0)
(-0.0179291 2.33843 0)
(-0.0250849 2.85788 0)
(-0.0306254 3.05383 0)
(-0.0365789 3.10153 0)
(-0.040055 3.02767 0)
(-0.0427107 2.71811 0)
(-0.0353928 2.08335 0)
(-0.0115769 0.800593 0)
(-0.00636126 0.0426442 0)
(-0.0291674 0.259473 0)
(-0.0645916 0.575756 0)
(-0.0944187 0.93808 0)
(-0.10511 1.20028 0)
(-0.101324 1.34837 0)
(-0.0868826 1.42738 0)
(-0.0750718 1.46358 0)
(-0.0486571 1.46379 0)
(-0.0466455 1.46659 0)
(-0.0126205 1.54794 0)
(-0.0308227 1.73713 0)
(-0.0235052 2.34006 0)
(-0.0324436 2.86384 0)
(-0.0366121 3.06146 0)
(-0.0402945 3.10795 0)
(-0.0422503 3.02766 0)
(-0.0425553 2.70099 0)
(-0.031548 2.01775 0)
(-0.00748786 0.720463 0)
(-0.00395835 0.0987824 0)
(-0.0204989 0.348906 0)
(-0.0483811 0.653089 0)
(-0.0725512 0.982026 0)
(-0.0816383 1.2126 0)
(-0.0820933 1.34409 0)
(-0.073378 1.41556 0)
(-0.0659349 1.44809 0)
(-0.0445128 1.44911 0)
(-0.0458773 1.45514 0)
(-0.0145728 1.54127 0)
(-0.0338529 1.74028 0)
(-0.0285737 2.34749 0)
(-0.0372848 2.87152 0)
(-0.0393375 3.06884 0)
(-0.0426207 3.11432 0)
(-0.0424952 3.0256 0)
(-0.0401966 2.68625 0)
(-0.0274796 1.96466 0)
(-0.00420964 0.660321 0)
(-0.00222614 0.135485 0)
(-0.0133477 0.412455 0)
(-0.0341048 0.710778 0)
(-0.053076 1.01704 0)
(-0.0612274 1.22637 0)
(-0.064355 1.34538 0)
(-0.0606004 1.40967 0)
(-0.0571344 1.43841 0)
(-0.0398648 1.44023 0)
(-0.043844 1.44756 0)
(-0.0155382 1.53633 0)
(-0.033877 1.74301 0)
(-0.0280163 2.35307 0)
(-0.0386475 2.87739 0)
(-0.0400694 3.07314 0)
(-0.0426577 3.11567 0)
(-0.0415455 3.0195 0)
(-0.0380234 2.65554 0)
(-0.0232116 1.89591 0)
(-0.00194831 0.609079 0)
(-0.00108512 0.158698 0)
(-0.00802994 0.458923 0)
(-0.0231195 0.75647 0)
(-0.0378676 1.04557 0)
(-0.0447772 1.23917 0)
(-0.0487755 1.34965 0)
(-0.0476525 1.4087 0)
(-0.048052 1.43334 0)
(-0.0349106 1.43394 0)
(-0.041486 1.44153 0)
(-0.0151228 1.53299 0)
(-0.0349018 1.74825 0)
(-0.0300773 2.36091 0)
(-0.0392341 2.88196 0)
(-0.0407141 3.07588 0)
(-0.0423935 3.11507 0)
(-0.0407547 3.01293 0)
(-0.0354251 2.63414 0)
(-0.0194273 1.84074 0)
(-0.000635046 0.572454 0)
(-0.00044629 0.171396 0)
(-0.00455016 0.488858 0)
(-0.0151402 0.789646 0)
(-0.0266154 1.06897 0)
(-0.0328804 1.25142 0)
(-0.0374377 1.35421 0)
(-0.0375926 1.40818 0)
(-0.0389496 1.42986 0)
(-0.028175 1.42908 0)
(-0.0371229 1.43694 0)
(-0.0140616 1.53116 0)
(-0.0319165 1.75283 0)
(-0.0298037 2.36841 0)
(-0.0399408 2.88747 0)
(-0.0401125 3.07674 0)
(-0.0408931 3.11328 0)
(-0.0373661 2.99964 0)
(-0.0315948 2.59808 0)
(-0.0158935 1.77661 0)
(0.000431954 0.540698 0)
(-0.000129068 0.178571 0)
(-0.00242989 0.509502 0)
(-0.00996919 0.814659 0)
(-0.0185508 1.08711 0)
(-0.0239219 1.26259 0)
(-0.0288962 1.36001 0)
(-0.0298139 1.40988 0)
(-0.0328107 1.42803 0)
(-0.0240236 1.42604 0)
(-0.0348548 1.43454 0)
(-0.0133439 1.53043 0)
(-0.0324241 1.7574 0)
(-0.0291456 2.37341 0)
(-0.0402801 2.88993 0)
(-0.0397728 3.07659 0)
(-0.0407833 3.11061 0)
(-0.0373989 2.99058 0)
(-0.0305706 2.57348 0)
(-0.0132876 1.72698 0)
(0.000617133 0.519446 0)
(6.11486e-06 0.181912 0)
(-0.00133777 0.522323 0)
(-0.00666052 0.832769 0)
(-0.0136975 1.10162 0)
(-0.0180379 1.27324 0)
(-0.0230873 1.36623 0)
(-0.0245862 1.41206 0)
(-0.0274195 1.42804 0)
(-0.0200087 1.42522 0)
(-0.0323324 1.43243 0)
(-0.0132942 1.53038 0)
(-0.0319209 1.76401 0)
(-0.0301471 2.38245 0)
(-0.0401685 2.89434 0)
(-0.0393164 3.07599 0)
(-0.0388571 3.10547 0)
(-0.0346385 2.97312 0)
(-0.0279544 2.53383 0)
(-0.0113301 1.66611 0)
(0.000748723 0.498248 0)
(2.02945e-05 0.18413 0)
(-0.000913092 0.53214 0)
(-0.00490458 0.847545 0)
(-0.0103104 1.11332 0)
(-0.0141629 1.28206 0)
(-0.0185355 1.37284 0)
(-0.0205935 1.41601 0)
(-0.0247542 1.42917 0)
(-0.0193619 1.4261 0)
(-0.0314365 1.43189 0)
(-0.0139347 1.53038 0)
(-0.0322434 1.76782 0)
(-0.0303751 2.38761 0)
(-0.0407451 2.89699 0)
(-0.0393203 3.07532 0)
(-0.0392046 3.10208 0)
(-0.0350651 2.96337 0)
(-0.0275455 2.51055 0)
(-0.010363 1.62488 0)
(0.000664091 0.484359 0)
(1.1682e-05 0.185234 0)
(-0.000621966 0.538484 0)
(-0.00377194 0.857815 0)
(-0.00833927 1.12244 0)
(-0.0121471 1.28922 0)
(-0.0156343 1.37789 0)
(-0.0174536 1.41877 0)
(-0.02128 1.43118 0)
(-0.017855 1.42767 0)
(-0.0296352 1.43169 0)
(-0.0149271 1.53141 0)
(-0.0342614 1.77559 0)
(-0.0302978 2.39605 0)
(-0.040073 2.90066 0)
(-0.0388902 3.07385 0)
(-0.0376403 3.09549 0)
(-0.033327 2.94393 0)
(-0.025939 2.46835 0)
(-0.0093251 1.56608 0)
(0.000641213 0.466671 0)
(-4.52966e-05 0.18667 0)
(-0.000704274 0.544869 0)
(-0.00351072 0.868605 0)
(-0.0074052 1.13207 0)
(-0.0109775 1.29625 0)
(-0.0139484 1.38286 0)
(-0.0164099 1.42202 0)
(-0.0204481 1.43325 0)
(-0.0180173 1.42954 0)
(-0.0286261 1.43211 0)
(-0.0168303 1.53272 0)
(-0.0329144 1.77984 0)
(-0.0324253 2.40086 0)
(-0.0411277 2.90354 0)
(-0.0391323 3.07258 0)
(-0.0390909 3.09167 0)
(-0.0346954 2.93289 0)
(-0.0267266 2.44461 0)
(-0.00899628 1.53058 0)
(0.000228269 0.455923 0)
(-6.29266e-05 0.187746 0)
(-0.000605247 0.549506 0)
(-0.00286902 0.876037 0)
(-0.00562708 1.13877 0)
(-0.00918817 1.30217 0)
(-0.0121452 1.38723 0)
(-0.0140491 1.42548 0)
(-0.0178184 1.43632 0)
(-0.0162134 1.43221 0)
(-0.0264851 1.43393 0)
(-0.0183741 1.53509 0)
(-0.0337838 1.78762 0)
(-0.0333151 2.40874 0)
(-0.0417151 2.90785 0)
(-0.040577 3.07099 0)
(-0.0390435 3.08476 0)
(-0.0340923 2.91207 0)
(-0.0262648 2.39983 0)
(-0.00925892 1.47086 0)
(0.000483589 0.437769 0)
(-3.70626e-05 0.188954 0)
(-0.000717474 0.553655 0)
(-0.00301983 0.882339 0)
(-0.00553013 1.14472 0)
(-0.00808465 1.30839 0)
(-0.011129 1.39138 0)
(-0.0137951 1.42792 0)
(-0.0166691 1.43812 0)
(-0.015159 1.43394 0)
(-0.0252709 1.4356 0)
(-0.0183145 1.53783 0)
(-0.0340163 1.79187 0)
(-0.0339656 2.41288 0)
(-0.0423957 2.91003 0)
(-0.0412719 3.06989 0)
(-0.0406888 3.08143 0)
(-0.035992 2.90102 0)
(-0.0269784 2.3759 0)
(-0.00888126 1.43855 0)
(0.000358671 0.428594 0)
(-5.06882e-05 0.190485 0)
(-0.000702424 0.559317 0)
(-0.0029888 0.890653 0)
(-0.00521838 1.1505 0)
(-0.00726894 1.31447 0)
(-0.00993004 1.39669 0)
(-0.0122846 1.43181 0)
(-0.0149158 1.44096 0)
(-0.0143797 1.43769 0)
(-0.0242753 1.43949 0)
(-0.0191206 1.54123 0)
(-0.0328393 1.80044 0)
(-0.0352867 2.4211 0)
(-0.0432916 2.91448 0)
(-0.0424853 3.06889 0)
(-0.0413473 3.07439 0)
(-0.0361493 2.87856 0)
(-0.0272032 2.32753 0)
(-0.00909953 1.37604 0)
(0.000953247 0.410099 0)
(-0.00012569 0.191373 0)
(-0.000973814 0.56227 0)
(-0.00316989 0.894511 0)
(-0.00540673 1.15284 0)
(-0.00638405 1.3171 0)
(-0.00909729 1.39934 0)
(-0.0110849 1.43339 0)
(-0.0134818 1.44226 0)
(-0.0128588 1.43965 0)
(-0.0221884 1.44165 0)
(-0.0172782 1.54352 0)
(-0.0311133 1.80514 0)
(-0.0350694 2.42579 0)
(-0.0429657 2.91712 0)
(-0.0434352 3.06778 0)
(-0.0426685 3.07136 0)
(-0.038073 2.86681 0)
(-0.0282055 2.30174 0)
(-0.00802654 1.34495 0)
(0.00143463 0.405337 0)
(-0.000287329 0.195335 0)
(-0.00140062 0.571048 0)
(-0.00350687 0.90453 0)
(-0.00574361 1.15881 0)
(-0.0066699 1.32242 0)
(-0.00869896 1.40491 0)
(-0.0103205 1.43735 0)
(-0.0132028 1.44553 0)
(-0.012692 1.44448 0)
(-0.0219154 1.44694 0)
(-0.0177501 1.54884 0)
(-0.0306195 1.81857 0)
(-0.0364497 2.43943 0)
(-0.043989 2.9249 0)
(-0.0446637 3.06811 0)
(-0.0443594 3.06343 0)
(-0.0394609 2.83532 0)
(-0.0293246 2.23225 0)
(-0.00985618 1.26131 0)
(-0.000689303 0.380379 0)
(-0.237296 1.57085 1.26795e-22)
(0.395506 3.23484 1.77464e-20)
(0.0910243 3.46565 6.42573e-20)
(0.197992 3.43461 0)
(0.157281 3.389 0)
(0.151618 3.34209 -3.80387e-19)
(0.153992 3.31573 3.96592e-19)
(0.126713 3.27275 -4.1591e-19)
(0.113355 3.17949 7.67086e-21)
(0.0966649 2.56833 5.70117e-19)
(-0.105261 2.32427 1.05589e-23)
(0.131002 3.29006 1.66802e-19)
(0.00990185 3.4379 0)
(0.0967362 3.39096 0)
(0.0724496 3.34501 1.12951e-20)
(0.0776261 3.30765 7.89266e-19)
(0.0738635 3.27658 -4.40337e-19)
(0.0501533 3.24119 -7.40474e-21)
(0.0503315 3.08364 7.06421e-21)
(0.000667504 2.08673 0)
(-0.0278634 2.07336 1.80476e-19)
(0.0854408 3.1411 -1.90829e-19)
(0.0237161 3.34564 0)
(0.0718393 3.32493 3.63241e-19)
(0.0515071 3.30312 -1.36393e-21)
(0.0524011 3.28157 -4.10552e-19)
(0.0457448 3.26649 -5.10035e-19)
(0.0303819 3.24589 -2.13508e-22)
(0.0407948 3.11936 7.28955e-21)
(-0.0167659 2.21164 0)
(-0.0407447 2.01818 -4.57059e-20)
(0.027699 3.11809 0)
(-0.0139962 3.30909 -1.91967e-19)
(0.0209239 3.30745 -1.5774e-19)
(0.0160481 3.28383 1.43405e-20)
(0.0221423 3.26157 -2.65975e-19)
(0.0270151 3.24637 2.37005e-19)
(0.0214004 3.2336 -8.50785e-21)
(0.0419462 3.1255 1.12361e-20)
(0.00722549 2.25049 2.92429e-19)
(-0.0528609 2.02476 -1.48576e-19)
(0.0132205 3.08999 0)
(-0.00777693 3.26691 4.1457e-19)
(0.0111154 3.26219 -2.29004e-19)
(0.013962 3.24831 -7.02041e-22)
(0.0168238 3.23772 -2.06487e-21)
(0.0212684 3.2333 -1.55433e-20)
(0.021891 3.22425 -3.02258e-19)
(0.0429489 3.12768 8.30527e-21)
(-0.00312209 2.31219 -6.12492e-19)
(-0.0500105 2.08466 0)
(-0.0103051 3.08602 -2.2823e-19)
(-0.0286513 3.24287 1.89962e-20)
(-0.0151283 3.24698 -1.5879e-20)
(-0.00571121 3.23228 1.6273e-20)
(0.00322916 3.21974 2.70246e-19)
(0.0156499 3.21127 2.82711e-19)
(0.0209382 3.20543 5.94664e-19)
(0.0427058 3.124 3.29557e-19)
(0.010592 2.35423 -1.66638e-20)
(-0.0512785 2.14098 0)
(-0.0198926 3.08198 2.36129e-19)
(-0.0191682 3.21389 -2.47879e-19)
(-0.011638 3.21275 -1.71581e-20)
(-0.000404485 3.20246 3.54816e-20)
(0.00751708 3.19596 3.66141e-22)
(0.016538 3.19539 -1.9086e-20)
(0.021855 3.19105 -3.10905e-19)
(0.0423441 3.12158 -3.20623e-19)
(0.00384887 2.41978 -1.72661e-20)
(-0.0477264 2.22846 2.72472e-19)
(-0.0286241 3.08548 -1.26584e-20)
(-0.0321931 3.19392 8.7353e-21)
(-0.0237066 3.19537 0)
(-0.0134393 3.1855 0)
(-0.0013469 3.17778 0)
(0.013231 3.17184 0)
(0.0206496 3.16933 3.46753e-19)
(0.0411922 3.11262 -3.57424e-19)
(0.0153463 2.4639 3.53184e-19)
(-0.0464034 2.30623 2.64124e-20)
(-0.0329789 3.08466 2.90134e-19)
(-0.0211244 3.16955 0)
(-0.0146346 3.16537 -1.95511e-20)
(-0.00402718 3.15766 1.99952e-20)
(0.00527754 3.15329 0)
(0.0149086 3.15407 -1.08414e-20)
(0.0207525 3.15281 -3.36543e-19)
(0.0401709 3.10931 3.58735e-19)
(0.0104197 2.53306 0)
(-0.0437559 2.40367 1.60123e-20)
(-0.0358422 3.0862 -4.44957e-19)
(-0.0300902 3.14974 0)
(-0.0224978 3.14684 0)
(-0.0136577 3.1391 2.14495e-20)
(-0.00209585 3.13353 -1.81011e-19)
(0.0116087 3.12909 -2.26338e-20)
(0.0191766 3.12932 1.9294e-19)
(0.0385708 3.09615 0)
(0.0192261 2.58107 0)
(-0.0400408 2.49034 -4.705e-19)
(-0.0385717 3.08223 1.59469e-19)
(-0.0206037 3.12427 0)
(-0.0128557 3.11627 0)
(-0.00337931 3.10959 0)
(0.00557394 3.10669 3.72829e-19)
(0.0144128 3.10874 0)
(0.0201785 3.11065 -2.05844e-19)
(0.0378725 3.09051 1.27205e-20)
(0.0149469 2.65383 2.15479e-19)
(-0.0377467 2.58974 1.67834e-19)
(-0.0398002 3.07581 -1.63157e-20)
(-0.0296442 3.10134 1.95518e-19)
(-0.0210376 3.09504 1.90051e-19)
(-0.0124154 3.08841 0)
(-0.000764712 3.08414 -1.91591e-19)
(0.0124904 3.08138 0)
(0.0210014 3.08449 0)
(0.0385113 3.07217 0)
(0.0222954 2.70643 -2.16479e-19)
(-0.0351018 2.67819 -1.77653e-19)
(-0.0429695 3.06236 1.83447e-19)
(-0.0235448 3.07217 -1.84301e-19)
(-0.0130675 3.06221 -2.90581e-19)
(-0.0028201 3.05702 0)
(0.00712902 3.05557 2.59943e-20)
(0.0167666 3.05874 -1.32691e-20)
(0.0247951 3.06314 9.89364e-20)
(0.04172 3.06164 1.22843e-19)
(0.0208375 2.78044 -1.26411e-19)
(-0.0343788 2.77321 1.82282e-19)
(-0.0460593 3.04535 -1.75727e-19)
(-0.0329401 3.04592 1.25252e-20)
(-0.0209034 3.04035 7.40084e-20)
(-0.0111665 3.03624 -1.06244e-19)
(0.000301263 3.03372 0)
(0.0138508 3.03202 1.14181e-19)
(0.0256236 3.03559 4.95099e-21)
(0.0446095 3.0366 -2.37788e-19)
(0.0286861 2.83263 -6.55238e-21)
(-0.029552 2.85499 -5.20651e-20)
(-0.0442761 3.02148 1.27315e-20)
(-0.0231662 3.01775 -6.60779e-20)
(-0.0111941 3.01442 2.70544e-20)
(-0.00222152 3.0141 1.29493e-19)
(0.00627113 3.01344 -5.50491e-20)
(0.0144242 3.01428 -5.47937e-20)
(0.023353 3.01703 -5.69184e-20)
(0.0418223 3.02183 1.2214e-19)
(0.0248261 2.90032 5.97157e-20)
(-0.0176572 2.9407 4.1854e-20)
(-0.0259677 3.0009 1.85035e-20)
(-0.0161485 3.00087 3.64135e-20)
(-0.00936627 3.0016 -7.46447e-20)
(-0.00415487 3.00263 2.52246e-20)
(0.000679603 3.00215 5.12723e-20)
(0.00547595 3.00064 -5.35129e-20)
(0.0107275 2.999 -5.59063e-20)
(0.0217993 2.99715 7.56953e-21)
(0.0165244 2.94914 5.36915e-20)
)
;

boundaryField
{
    wall-4
    {
        type            noSlip;
    }
    pressure-outlet-7
    {
        type            zeroGradient;
    }
    velocity-inlet-6
    {
        type            fixedValue;
        value           uniform (0 3 0);
    }
    velocity-inlet-5
    {
        type            fixedValue;
        value           uniform (1 0 0);
    }
    frontAndBackPlanes
    {
        type            empty;
    }
}


// ************************************************************************* //
