/*--------------------------------*- C++ -*----------------------------------*\
| =========                 |                                                 |
| \\      /  F ield         | OpenFOAM: The Open Source CFD Toolbox           |
|  \\    /   O peration     | Version:  v2012                                 |
|   \\  /    A nd           | Website:  www.openfoam.com                      |
|    \\/     M anipulation  |                                                 |
\*---------------------------------------------------------------------------*/
FoamFile
{
    version     2.0;
    format      ascii;
    class       volVectorField;
    location    "54";
    object      U;
}
// * * * * * * * * * * * * * * * * * * * * * * * * * * * * * * * * * * * * * //

dimensions      [0 1 -1 0 0 0 0];


internalField   nonuniform List<vector> 
2200
(
(0.878842 -0.0304133 0)
(1.00579 -0.0512839 0)
(1.00328 -0.0353977 0)
(1.00028 -0.0244557 0)
(0.999853 -0.0166942 0)
(1 -0.0107576 0)
(1.00003 -0.00686554 0)
(1.00003 -0.00421096 0)
(1.00001 -0.00222274 0)
(1.00018 -0.000704737 0)
(0.999996 0.00106304 0)
(0.999856 0.00255382 0)
(1.00005 0.00447657 0)
(1.00008 0.00704505 0)
(1.00008 0.0108219 0)
(1.00007 0.016671 0)
(1.00039 0.0243937 0)
(1.0035 0.0349043 0)
(1.00598 0.0513761 0)
(0.87904 0.030307 0)
(0.711995 -0.0327645 0)
(0.996633 -0.063015 0)
(1.03329 -0.056174 0)
(1.02482 -0.0464052 0)
(1.01586 -0.0360899 0)
(1.00969 -0.0263712 0)
(1.00591 -0.0181352 0)
(1.00374 -0.0114385 0)
(1.00254 -0.00606725 0)
(1.00208 -0.00155383 0)
(1.00219 0.0026165 0)
(1.00263 0.00710431 0)
(1.00357 0.012411 0)
(1.00566 0.0190188 0)
(1.00944 0.02725 0)
(1.01546 0.036949 0)
(1.02454 0.0474093 0)
(1.03311 0.0579009 0)
(0.996686 0.0631432 0)
(0.711762 0.033023 0)
(0.535556 -0.0238908 0)
(0.969901 -0.0569391 0)
(1.05645 -0.0547019 0)
(1.05234 -0.0487914 0)
(1.03628 -0.0404567 0)
(1.0244 -0.0322735 0)
(1.01591 -0.0240122 0)
(1.01042 -0.0161356 0)
(1.00721 -0.00883067 0)
(1.00566 -0.00219148 0)
(1.00545 0.00412765 0)
(1.0069 0.0106013 0)
(1.01024 0.017674 0)
(1.01565 0.0253166 0)
(1.02409 0.0333688 0)
(1.03619 0.0413443 0)
(1.05226 0.0493692 0)
(1.05633 0.0533376 0)
(0.969218 0.0576198 0)
(0.534431 0.0239305 0)
(0.392244 -0.0136636 0)
(0.911714 -0.0464103 0)
(1.05746 -0.047005 0)
(1.06938 -0.0443104 0)
(1.05483 -0.0382152 0)
(1.03936 -0.031533 0)
(1.02755 -0.0247437 0)
(1.01907 -0.0175142 0)
(1.01369 -0.0100726 0)
(1.01106 -0.0025067 0)
(1.01097 0.00501292 0)
(1.01336 0.0125217 0)
(1.01832 0.0197216 0)
(1.02673 0.026641 0)
(1.03846 0.0330392 0)
(1.05388 0.0395107 0)
(1.06812 0.0456024 0)
(1.05553 0.0482883 0)
(0.909917 0.0469839 0)
(0.389984 0.0137755 0)
(0.307646 -0.00450672 0)
(0.846762 -0.0323708 0)
(1.04954 -0.0399039 0)
(1.07959 -0.0381576 0)
(1.06825 -0.0334984 0)
(1.05166 -0.0279085 0)
(1.03827 -0.0225037 0)
(1.02805 -0.0164923 0)
(1.021 -0.00954888 0)
(1.01717 -0.00191409 0)
(1.01695 0.00589797 0)
(1.02045 0.0130976 0)
(1.0274 0.0195897 0)
(1.0373 0.0252656 0)
(1.05039 0.0302713 0)
(1.06682 0.0356044 0)
(1.07788 0.0399324 0)
(1.04745 0.0416559 0)
(0.843139 0.0329275 0)
(0.303889 0.00472503 0)
(0.264171 9.7583e-05 0)
(0.78879 -0.0200911 0)
(1.03313 -0.0315069 0)
(1.08341 -0.0321364 0)
(1.07725 -0.0288796 0)
(1.06085 -0.0239652 0)
(1.04724 -0.0194858 0)
(1.03637 -0.0143438 0)
(1.02856 -0.00835656 0)
(1.02404 -0.00142545 0)
(1.02355 0.00591991 0)
(1.02732 0.0127695 0)
(1.03454 0.0184234 0)
(1.04519 0.0230204 0)
(1.05863 0.0269719 0)
(1.07487 0.0314116 0)
(1.08034 0.0341884 0)
(1.02918 0.0332576 0)
(0.782791 0.0207179 0)
(0.258937 0.000111782 0)
(0.240246 0.00106456 0)
(0.738315 -0.0123128 0)
(1.01372 -0.0250115 0)
(1.08411 -0.026808 0)
(1.08303 -0.0245175 0)
(1.06778 -0.0204404 0)
(1.05421 -0.016442 0)
(1.04334 -0.0119618 0)
(1.03515 -0.00651771 0)
(1.03029 -6.06083e-05 0)
(1.03 0.00668823 0)
(1.03417 0.0125385 0)
(1.04168 0.0173027 0)
(1.05188 0.021236 0)
(1.06501 0.0245874 0)
(1.07971 0.0279972 0)
(1.08018 0.0295379 0)
(1.00795 0.0271661 0)
(0.729312 0.0131107 0)
(0.233383 -0.000845221 0)
(0.225824 0.000958125 0)
(0.695172 -0.00805554 0)
(0.99279 -0.020798 0)
(1.08201 -0.0231877 0)
(1.08671 -0.0213451 0)
(1.07328 -0.0177669 0)
(1.05988 -0.0140193 0)
(1.04931 -0.00970494 0)
(1.04138 -0.00479184 0)
(1.03641 0.000817079 0)
(1.0354 0.00665038 0)
(1.03888 0.0120692 0)
(1.04592 0.0163664 0)
(1.05591 0.0198 0)
(1.06913 0.0228671 0)
(1.08192 0.0256848 0)
(1.07559 0.0266624 0)
(0.983408 0.0233454 0)
(0.682241 0.00909059 0)
(0.21698 -0.000718136 0)
(0.216244 0.000614236 0)
(0.659798 -0.00571205 0)
(0.97241 -0.0176943 0)
(1.07947 -0.0203234 0)
(1.09017 -0.0187621 0)
(1.07811 -0.0156347 0)
(1.06471 -0.0119494 0)
(1.05426 -0.0078359 0)
(1.04635 -0.00305242 0)
(1.04131 0.00235185 0)
(1.04078 0.00787169 0)
(1.04435 0.0124541 0)
(1.05086 0.0162155 0)
(1.06026 0.0194283 0)
(1.07288 0.0220757 0)
(1.08375 0.0242501 0)
(1.07151 0.0248116 0)
(0.96 0.0208737 0)
(0.642547 0.00701574 0)
(0.20502 -0.000346856 0)
(0.208937 0.000290048 0)
(0.630992 -0.00425256 0)
(0.953256 -0.0151149 0)
(1.07615 -0.0180719 0)
(1.09323 -0.0167409 0)
(1.08284 -0.0137953 0)
(1.06935 -0.0102364 0)
(1.0589 -0.00614589 0)
(1.0512 -0.00148514 0)
(1.04628 0.00347185 0)
(1.04464 0.00831097 0)
(1.04721 0.0128571 0)
(1.05336 0.0164963 0)
(1.0627 0.0193767 0)
(1.07562 0.0218952 0)
(1.08464 0.0236877 0)
(1.06412 0.0236465 0)
(0.934917 0.0189616 0)
(0.60762 0.00586264 0)
(0.194632 2.81514e-05 0)
(0.203079 8.07966e-05 0)
(0.607654 -0.00317195 0)
(0.935325 -0.012621 0)
(1.07312 -0.0157219 0)
(1.09658 -0.0146409 0)
(1.08749 -0.0119539 0)
(1.07399 -0.00841436 0)
(1.06326 -0.00445061 0)
(1.05516 0.000120375 0)
(1.04978 0.00519533 0)
(1.04861 0.0102805 0)
(1.05135 0.0141947 0)
(1.05722 0.0173573 0)
(1.06627 0.0200068 0)
(1.0784 0.0220843 0)
(1.08515 0.0232643 0)
(1.05793 0.022708 0)
(0.911856 0.0173697 0)
(0.577921 0.0051841 0)
(0.185232 0.00030757 0)
(0.198422 -2.41886e-06 0)
(0.58925 -0.00233554 0)
(0.919591 -0.0103472 0)
(1.06974 -0.013608 0)
(1.09965 -0.0126187 0)
(1.09219 -0.00995209 0)
(1.07855 -0.00646606 0)
(1.06761 -0.00249461 0)
(1.05937 0.00205769 0)
(1.05392 0.00685585 0)
(1.05148 0.0113837 0)
(1.05317 0.0154819 0)
(1.0588 0.01856 0)
(1.06797 0.0206777 0)
(1.0804 0.0224481 0)
(1.08492 0.023257 0)
(1.04863 0.0220691 0)
(0.88718 0.0160664 0)
(0.550485 0.00476237 0)
(0.175933 0.00046906 0)
(0.194796 2.33134e-05 0)
(0.574476 -0.00158917 0)
(0.905068 -0.00818749 0)
(1.06707 -0.011144 0)
(1.10318 -0.0101113 0)
(1.09706 -0.00750778 0)
(1.08348 -0.0040182 0)
(1.07214 -0.000155822 0)
(1.06327 0.00433361 0)
(1.05691 0.0092865 0)
(1.05471 0.0139944 0)
(1.05682 0.0174882 0)
(1.0622 0.0198303 0)
(1.07093 0.0217723 0)
(1.08207 0.0230475 0)
(1.0842 0.0235213 0)
(1.04003 0.0218211 0)
(0.864131 0.0151813 0)
(0.52614 0.00458689 0)
(0.167101 0.000564702 0)
(0.192583 5.31847e-05 0)
(0.563732 -0.000827103 0)
(0.893542 -0.00604972 0)
(1.06445 -0.0089719 0)
(1.10665 -0.00778223 0)
(1.10218 -0.00489719 0)
(1.08847 -0.00125673 0)
(1.07686 0.00261957 0)
(1.06767 0.00700997 0)
(1.06115 0.0116338 0)
(1.05766 0.0159975 0)
(1.05814 0.0192291 0)
(1.06307 0.0216001 0)
(1.07199 0.0228855 0)
(1.08314 0.0238776 0)
(1.08259 0.0239554 0)
(1.02842 0.0216663 0)
(0.839133 0.0145122 0)
(0.502266 0.00446031 0)
(0.158096 0.000595423 0)
(0.191637 9.99401e-05 0)
(0.556155 -0.000233483 0)
(0.883072 -0.00401602 0)
(1.06285 -0.0061677 0)
(1.11066 -0.00474998 0)
(1.10743 -0.00181198 0)
(1.09368 0.00196998 0)
(1.08145 0.00604948 0)
(1.07138 0.0106015 0)
(1.06351 0.0153842 0)
(1.05971 0.0195106 0)
(1.0611 0.0224697 0)
(1.06605 0.023769 0)
(1.07442 0.0248862 0)
(1.08337 0.0254915 0)
(1.07987 0.0250606 0)
(1.01714 0.022146 0)
(0.815335 0.0142477 0)
(0.480214 0.00448541 0)
(0.14945 0.000620756 0)
(0.192149 9.2152e-05 0)
(0.551659 0.000755712 0)
(0.876653 -0.00163442 0)
(1.06184 -0.00363009 0)
(1.11481 -0.00188641 0)
(1.11312 0.00144212 0)
(1.09927 0.00556309 0)
(1.08674 0.00976945 0)
(1.0764 0.0143186 0)
(1.06841 0.0188528 0)
(1.06339 0.0227165 0)
(1.06218 0.0249925 0)
(1.06575 0.0266565 0)
(1.07418 0.0271195 0)
(1.0833 0.0272934 0)
(1.07602 0.0264645 0)
(1.00227 0.0227865 0)
(0.788937 0.0142445 0)
(0.45734 0.00460118 0)
(0.14032 0.000645664 0)
(0.194089 0.000193702 0)
(0.551809 0.00148767 0)
(0.871611 0.000360111 0)
(1.06252 -0.000241723 0)
(1.11991 0.00183735 0)
(1.11927 0.00526727 0)
(1.10526 0.00952734 0)
(1.09197 0.0142766 0)
(1.08052 0.019341 0)
(1.07082 0.0242793 0)
(1.0649 0.0278233 0)
(1.06445 0.0299754 0)
(1.06852 0.030657 0)
(1.07599 0.030875 0)
(1.08186 0.0301983 0)
(1.07082 0.0285239 0)
(0.987732 0.0239502 0)
(0.763588 0.0146318 0)
(0.435417 0.00483074 0)
(0.131265 0.00067448 0)
(0.19808 0.00065055 0)
(0.554314 0.00227404 0)
(0.871695 0.00325438 0)
(1.0646 0.00303211 0)
(1.12543 0.00571718 0)
(1.126 0.00963798 0)
(1.11184 0.0145079 0)
(1.09822 0.0194957 0)
(1.08631 0.0246776 0)
(1.07594 0.0293431 0)
(1.06854 0.0328198 0)
(1.06517 0.0343841 0)
(1.06631 0.0347609 0)
(1.07361 0.0341359 0)
(1.07998 0.0334254 0)
(1.06384 0.0311145 0)
(0.968752 0.0255105 0)
(0.734435 0.0153752 0)
(0.411256 0.00517442 0)
(0.121248 0.000716369 0)
(0.204374 0.000867055 0)
(0.560803 0.00338196 0)
(0.875241 0.00572211 0)
(1.0691 0.00729941 0)
(1.13205 0.0106776 0)
(1.13329 0.0150955 0)
(1.11855 0.0203116 0)
(1.1037 0.026029 0)
(1.09 0.0318645 0)
(1.07751 0.0371545 0)
(1.06862 0.0401874 0)
(1.06577 0.0409976 0)
(1.06843 0.0407706 0)
(1.07445 0.0401745 0)
(1.07629 0.0377961 0)
(1.05526 0.0344499 0)
(0.949967 0.0276996 0)
(0.705727 0.0164316 0)
(0.387181 0.00561293 0)
(0.111 0.000755978 0)
(0.212692 0.00104512 0)
(0.572017 0.00470799 0)
(0.883315 0.00881751 0)
(1.07628 0.0118633 0)
(1.13999 0.0163536 0)
(1.14188 0.0214976 0)
(1.12653 0.0277126 0)
(1.11102 0.0338262 0)
(1.09658 0.0397994 0)
(1.08282 0.0447091 0)
(1.07182 0.0475075 0)
(1.06555 0.048089 0)
(1.06446 0.0470831 0)
(1.06935 0.044636 0)
(1.07228 0.0429033 0)
(1.04414 0.0385875 0)
(0.925186 0.0302883 0)
(0.671668 0.0178571 0)
(0.359511 0.00613346 0)
(0.099356 0.000799449 0)
(0.224827 0.00137157 0)
(0.58982 0.00663767 0)
(0.897619 0.0131107 0)
(1.08685 0.0180327 0)
(1.14987 0.0234202 0)
(1.1518 0.0295698 0)
(1.13525 0.0365714 0)
(1.11758 0.043556 0)
(1.10015 0.0502802 0)
(1.08326 0.0558059 0)
(1.07019 0.0585244 0)
(1.06443 0.057567 0)
(1.06476 0.0554892 0)
(1.06908 0.0528352 0)
(1.06535 0.0491734 0)
(1.03082 0.043286 0)
(0.900062 0.0336129 0)
(0.637337 0.0195585 0)
(0.331182 0.00669875 0)
(0.0873126 0.00083802 0)
(0.240426 0.0019238 0)
(0.613254 0.00845099 0)
(0.918505 0.0177719 0)
(1.10183 0.0249573 0)
(1.16192 0.032029 0)
(1.16342 0.0391732 0)
(1.14504 0.0475276 0)
(1.12568 0.0553287 0)
(1.10675 0.0623775 0)
(1.08821 0.067448 0)
(1.0722 0.0687121 0)
(1.06261 0.0676987 0)
(1.05887 0.0643399 0)
(1.06069 0.0603188 0)
(1.05858 0.0561844 0)
(1.01414 0.0491724 0)
(0.867282 0.0372155 0)
(0.595765 0.0214671 0)
(0.298137 0.00726465 0)
(0.073659 0.000852436 0)
(0.262046 0.00277283 0)
(0.645606 0.0122097 0)
(0.946872 0.0245361 0)
(1.1211 0.0345579 0)
(1.1766 0.0429327 0)
(1.17682 0.0522884 0)
(1.15604 0.0618453 0)
(1.13363 0.0707259 0)
(1.11074 0.0783246 0)
(1.0876 0.0830064 0)
(1.06896 0.083761 0)
(1.059 0.0802743 0)
(1.05689 0.0760758 0)
(1.05855 0.0712034 0)
(1.04729 0.0648121 0)
(0.993761 0.0556895 0)
(0.833207 0.0417061 0)
(0.553192 0.0236295 0)
(0.264158 0.00783514 0)
(0.0597676 0.000835596 0)
(0.293265 0.00368552 0)
(0.691019 0.015478 0)
(0.98567 0.0330015 0)
(1.14709 0.0465918 0)
(1.19488 0.0576747 0)
(1.19266 0.0686913 0)
(1.16828 0.0796942 0)
(1.14271 0.0890315 0)
(1.11707 0.0962002 0)
(1.09194 0.0997586 0)
(1.06999 0.0984785 0)
(1.05581 0.0943887 0)
(1.04841 0.0883112 0)
(1.04614 0.0812789 0)
(1.03555 0.0742086 0)
(0.969084 0.0631938 0)
(0.788925 0.0459854 0)
(0.500893 0.0257183 0)
(0.22426 0.00817468 0)
(0.0442744 0.00073789 0)
(0.329579 0.00707551 0)
(0.749136 0.0246438 0)
(1.03502 0.0465235 0)
(1.17892 0.0642649 0)
(1.21689 0.0769281 0)
(1.21039 0.0911246 0)
(1.18156 0.102999 0)
(1.15192 0.112632 0)
(1.1217 0.119486 0)
(1.09099 0.121875 0)
(1.06503 0.118317 0)
(1.04978 0.11114 0)
(1.04419 0.103196 0)
(1.04169 0.0955592 0)
(1.01856 0.0855197 0)
(0.938413 0.071158 0)
(0.742683 0.0515435 0)
(0.448371 0.0280657 0)
(0.184581 0.00833561 0)
(0.0299134 0.000611937 0)
(0.409351 0.0106145 0)
(0.836318 0.0357134 0)
(1.10004 0.0670989 0)
(1.2183 0.0895895 0)
(1.24285 0.105403 6.37216e-34)
(1.22923 0.121313 -2.86941e-34)
(1.19389 0.133257 0)
(1.15893 0.141595 0)
(1.12366 0.145916 0)
(1.08904 0.144649 0)
(1.06076 0.138669 0)
(1.04267 0.129757 0)
(1.03205 0.120053 0)
(1.02382 0.108704 0)
(0.998843 0.0974166 0)
(0.901877 0.0805703 0)
(0.682001 0.0559019 0)
(0.380131 0.0291544 0)
(0.135431 0.00798302 0)
(0.0135279 0.000735688 0)
(0.480285 0.0258904 4.7243e-20)
(0.938537 0.05946 -3.57591e-20)
(1.17119 0.101764 0)
(1.25918 0.128387 2.76001e-20)
(1.27033 0.143598 -2.23823e-20)
(1.24726 0.161579 3.02749e-34)
(1.20498 0.171586 0)
(1.1649 0.17775 1.61035e-20)
(1.12475 0.179893 -5.28735e-20)
(1.08577 0.176977 1.07879e-20)
(1.05267 0.167315 0)
(1.03153 0.153871 -2.73407e-20)
(1.02139 0.140663 -3.27868e-20)
(1.01269 0.129979 5.73619e-20)
(0.967628 0.114194 -4.53077e-20)
(0.843925 0.0906124 0)
(0.600802 0.0608047 -1.63332e-20)
(0.30123 0.0291414 0)
(0.0848639 0.00764851 -9.00702e-20)
(-0.00353952 0.000569753 1.06149e-19)
(0.516623 0.0534494 -6.18262e-21)
(1.00276 0.102585 1.07313e-19)
(1.22083 0.151682 -6.09613e-21)
(1.29253 0.175956 -6.83649e-20)
(1.29468 0.193247 -4.7439e-20)
(1.26251 0.209414 7.7173e-20)
(1.21379 0.216612 0)
(1.16797 0.22016 0)
(1.12183 0.219267 8.41345e-20)
(1.07591 0.211409 0)
(1.0375 0.197031 9.87545e-20)
(1.01405 0.183104 2.93364e-20)
(0.999997 0.170252 4.43836e-22)
(0.979181 0.153336 -6.25143e-20)
(0.928568 0.134968 0)
(0.789101 0.107701 0)
(0.532558 0.0682455 -2.66648e-19)
(0.243883 0.030008 6.70231e-19)
(0.0556865 0.00680054 -3.96145e-19)
(-0.0139799 -0.000891028 -4.67013e-19)
(0.52455 0.0760046 -6.13252e-20)
(1.04073 0.15938 2.34127e-20)
(1.2578 0.212305 1.27339e-20)
(1.31878 0.235292 1.19284e-19)
(1.3136 0.250899 1.44319e-20)
(1.27409 0.262636 -2.01231e-19)
(1.21979 0.265915 6.85834e-20)
(1.16868 0.266017 0)
(1.11727 0.261645 -1.77912e-19)
(1.06742 0.251077 1.57869e-19)
(1.02774 0.237026 -2.66522e-19)
(0.999611 0.219324 1.24922e-19)
(0.978914 0.201026 -8.09881e-20)
(0.96064 0.18485 1.82493e-19)
(0.897224 0.162511 0)
(0.747488 0.125055 -6.66965e-20)
(0.494208 0.078102 0)
(0.229836 0.0330266 3.68098e-19)
(0.052019 0.00773756 -8.70122e-19)
(-0.0156818 -0.00240798 5.45368e-19)
(0.520169 0.107767 1.70249e-19)
(1.06085 0.215769 -7.46377e-20)
(1.27948 0.27699 -1.5883e-20)
(1.33597 0.299465 0)
(1.32585 0.313071 -8.82707e-20)
(1.28103 0.319714 1.08905e-19)
(1.22205 0.318132 -7.34033e-20)
(1.16616 0.313873 0)
(1.11016 0.305407 1.26415e-19)
(1.05566 0.290803 -1.10946e-19)
(1.00709 0.270123 2.31156e-19)
(0.974411 0.248868 0)
(0.956222 0.230865 -1.72218e-19)
(0.92552 0.211243 9.70144e-20)
(0.865277 0.185244 2.44653e-19)
(0.720153 0.14716 -2.15274e-19)
(0.478312 0.0926333 3.41318e-19)
(0.228751 0.0419002 -7.56772e-19)
(0.0578376 0.0101276 4.77683e-19)
(-0.0131012 -0.0027871 -5.97397e-19)
(0.508884 0.13201 -5.84611e-20)
(1.06891 0.269766 4.17974e-20)
(1.29055 0.342906 -5.28003e-20)
(1.34502 0.36518 1.0543e-19)
(1.3314 0.37647 -9.9712e-20)
(1.28287 0.37798 3.4467e-20)
(1.22019 0.371767 3.61265e-21)
(1.16007 0.363472 -1.434e-19)
(1.09883 0.350718 -1.32704e-19)
(1.03859 0.332204 -2.3855e-19)
(0.988879 0.30884 -4.97034e-19)
(0.955886 0.28599 -1.53197e-19)
(0.929888 0.264928 2.27337e-21)
(0.908031 0.243337 -3.32652e-19)
(0.840669 0.216909 -5.71873e-21)
(0.696507 0.168637 3.13537e-19)
(0.468479 0.10784 -9.44832e-20)
(0.234113 0.0521054 -5.47032e-20)
(0.0684904 0.0143212 0)
(-0.00776187 -0.00225596 1.27147e-18)
(0.492496 0.152795 0)
(1.06402 0.319503 -3.51055e-21)
(1.29294 0.405984 0)
(1.34729 0.428948 -1.28253e-20)
(1.33117 0.439171 9.63823e-20)
(1.27999 0.436403 -8.03242e-20)
(1.21438 0.425853 8.01644e-20)
(1.15097 0.413207 2.35453e-19)
(1.08705 0.396289 -7.38355e-20)
(1.02523 0.373353 1.17971e-19)
(0.971592 0.345199 2.67175e-19)
(0.931455 0.31929 3.33991e-19)
(0.906428 0.296619 -2.01207e-19)
(0.871854 0.272667 3.60219e-19)
(0.811551 0.240919 -2.85515e-19)
(0.677377 0.194563 0)
(0.464753 0.127643 -7.17471e-19)
(0.245688 0.0659284 9.65633e-19)
(0.0832662 0.0216426 7.20849e-20)
(-0.000331722 -0.00046401 -1.34536e-18)
(0.477855 0.172871 -5.08385e-21)
(1.05574 0.367361 -1.76106e-20)
(1.28998 0.466741 7.07132e-20)
(1.34455 0.490959 -8.69507e-20)
(1.32628 0.500049 8.00705e-20)
(1.27325 0.493212 -7.78465e-20)
(1.20567 0.478751 1.58945e-19)
(1.14 0.462268 -7.06988e-20)
(1.073 0.441185 -2.98008e-19)
(1.00559 0.413915 -2.07247e-22)
(0.946988 0.382191 -2.90593e-19)
(0.907574 0.354048 -3.59399e-19)
(0.879299 0.327581 2.22254e-19)
(0.853898 0.304761 -1.29668e-19)
(0.789362 0.273466 3.10534e-19)
(0.659128 0.217116 0)
(0.458812 0.147631 -4.4577e-19)
(0.253313 0.0798102 6.58386e-19)
(0.0952218 0.0297326 1.24594e-18)
(0.00638498 0.00184447 -1.46543e-18)
(0.46397 0.190656 -6.08144e-20)
(1.04395 0.412254 2.45514e-20)
(1.28317 0.524415 -4.32992e-20)
(1.33796 0.549941 9.00054e-20)
(1.31812 0.55857 1.20031e-20)
(1.26376 0.548341 -1.52699e-19)
(1.19454 0.530394 -9.21718e-20)
(1.12674 0.510138 -9.03765e-20)
(1.05729 0.485637 -1.68275e-19)
(0.988088 0.454721 2.70709e-19)
(0.928868 0.419826 2.93752e-19)
(0.88585 0.386923 5.70294e-19)
(0.855459 0.360231 0)
(0.819631 0.333248 6.4751e-21)
(0.761811 0.296697 -8.53502e-19)
(0.641038 0.243983 1.99704e-19)
(0.454495 0.167897 9.65567e-19)
(0.26034 0.0951155 -2.84941e-19)
(0.105808 0.038647 5.92136e-19)
(0.0124338 0.00456458 -4.93641e-20)
(0.453981 0.208716 5.84842e-21)
(1.03209 0.454763 4.56719e-20)
(1.27378 0.579227 -1.80789e-20)
(1.32874 0.606499 9.84115e-20)
(1.30736 0.614241 -1.59627e-19)
(1.25187 0.600827 1.5165e-19)
(1.18148 0.57986 9.54388e-20)
(1.11215 0.55653 2.70108e-19)
(1.04038 0.528376 3.37767e-19)
(0.968021 0.49326 -3.12568e-19)
(0.904653 0.45445 0)
(0.85912 0.418605 -2.15793e-19)
(0.828797 0.39012 2.47756e-19)
(0.8029 0.362964 3.12869e-19)
(0.741005 0.328959 -1.8095e-19)
(0.622698 0.264924 -4.41258e-19)
(0.446646 0.187431 -1.31638e-19)
(0.26352 0.10961 -1.80956e-21)
(0.112861 0.0469996 0)
(0.0168281 0.00707937 0)
(0.445919 0.224893 -7.15577e-20)
(1.02053 0.495327 0)
(1.26291 0.631097 -3.51702e-21)
(1.31734 0.660056 -1.14972e-20)
(1.29483 0.66732 1.81457e-19)
(1.23852 0.651146 -4.60579e-20)
(1.16702 0.627458 9.70081e-20)
(1.09624 0.601089 -1.82836e-19)
(1.02283 0.570087 2.5619e-19)
(0.948801 0.532226 -1.02668e-19)
(0.882857 0.490005 1.68306e-19)
(0.836998 0.451709 6.84252e-19)
(0.806069 0.421216 1.43454e-20)
(0.768524 0.389609 -3.26208e-19)
(0.713948 0.348332 6.04666e-19)
(0.603126 0.289999 4.00138e-21)
(0.43772 0.205538 1.40833e-19)
(0.262122 0.122947 -6.7161e-19)
(0.115497 0.0538647 6.92388e-19)
(0.0195153 0.00909545 -8.15751e-19)
(0.439136 0.242894 2.73875e-23)
(1.00855 0.533093 0)
(1.25068 0.679723 0)
(1.30469 0.71097 -2.99096e-21)
(1.28104 0.717338 -5.38847e-20)
(1.22389 0.698592 7.11405e-20)
(1.15169 0.672539 -1.80807e-19)
(1.08009 0.643774 0)
(1.00503 0.609903 -3.77759e-19)
(0.928224 0.568517 4.52717e-19)
(0.860226 0.522473 4.79773e-19)
(0.811757 0.481791 -2.51153e-19)
(0.778357 0.448253 -3.04093e-19)
(0.751806 0.416415 7.1308e-19)
(0.691917 0.377476 -2.14862e-19)
(0.583006 0.306389 -2.56479e-19)
(0.424202 0.221933 -1.53472e-19)
(0.257273 0.133145 -7.24813e-19)
(0.113867 0.0592297 1.06102e-19)
(0.0203719 0.0102002 8.81256e-19)
(0.435024 0.26102 -3.58151e-20)
(0.99832 0.569953 -4.69253e-20)
(1.23797 0.725825 2.36209e-20)
(1.29093 0.758814 -1.98623e-22)
(1.26649 0.764828 -5.50392e-20)
(1.20887 0.743878 1.15346e-19)
(1.13607 0.715628 0)
(1.0634 0.684439 1.10434e-19)
(0.986738 0.648393 -8.7078e-20)
(0.908094 0.604923 7.55046e-19)
(0.837697 0.556021 -1.09215e-19)
(0.788028 0.512549 1.24456e-19)
(0.755107 0.476689 0)
(0.717188 0.439696 -3.86128e-19)
(0.663911 0.391384 4.67879e-19)
(0.561532 0.327037 0)
(0.411851 0.235185 -3.30628e-19)
(0.249711 0.142457 9.72482e-19)
(0.110395 0.0622165 1.14975e-19)
(0.0196804 0.0109718 -1.0845e-18)
(0.432455 0.277984 -9.11095e-20)
(0.987877 0.603919 1.16897e-19)
(1.22477 0.768821 0)
(1.27692 0.804006 1.29271e-20)
(1.25164 0.809236 0)
(1.19343 0.786265 -1.48945e-19)
(1.12019 0.756206 0)
(1.04688 0.723206 0)
(0.968886 0.68503 -1.15137e-19)
(0.888158 0.638838 -7.17696e-19)
(0.816157 0.587415 -8.86394e-19)
(0.763074 0.541043 1.45573e-19)
(0.726818 0.50019 5.25313e-19)
(0.699304 0.461526 4.25299e-19)
(0.641857 0.416339 -1.50102e-18)
(0.540616 0.33717 -6.01779e-19)
(0.395207 0.246119 3.52518e-19)
(0.239573 0.147951 0)
(0.104953 0.0637448 9.86673e-19)
(0.0182128 0.0110469 -1.16833e-18)
(0.430931 0.293662 1.0956e-19)
(0.978946 0.637149 -1.36395e-19)
(1.21183 0.809533 0)
(1.26256 0.846242 -1.1109e-20)
(1.23661 0.851284 5.97646e-22)
(1.17808 0.826641 0)
(1.1045 0.794856 5.55758e-20)
(1.03039 0.759941 7.64573e-20)
(0.951153 0.720163 -2.16618e-19)
(0.868622 0.67251 9.51154e-20)
(0.792812 0.61859 0)
(0.739142 0.567848 6.0285e-19)
(0.70369 0.525125 5.36479e-21)
(0.663915 0.481177 2.29422e-19)
(0.613375 0.423206 2.72493e-19)
(0.518343 0.352887 0)
(0.380638 0.253198 -5.75322e-19)
(0.228507 0.151313 1.12809e-18)
(0.0987689 0.0639228 -1.19352e-18)
(0.0164044 0.0106695 2.51543e-18)
(0.429673 0.308701 0)
(0.969604 0.667667 0)
(1.19894 0.847299 -6.6367e-20)
(1.24851 0.886061 0)
(1.22181 0.890444 0)
(1.16282 0.864202 -1.23123e-19)
(1.08898 0.831053 5.68681e-20)
(1.01447 0.794816 1.76613e-20)
(0.934072 0.753552 -4.953e-20)
(0.849016 0.704048 0)
(0.771217 0.648445 -1.34956e-19)
(0.713785 0.595655 -4.91745e-19)
(0.672935 0.545995 -5.92416e-19)
(0.644994 0.497131 -2.38284e-19)
(0.59031 0.443315 2.95074e-19)
(0.496662 0.355595 -6.95436e-19)
(0.362491 0.257728 1.23799e-18)
(0.217528 0.151735 1.99485e-21)
(0.0927256 0.0631806 -1.14196e-18)
(0.0148134 0.0101995 -1.69596e-19)
(0.428698 0.323266 0)
(0.961781 0.697967 -1.11622e-19)
(1.18664 0.883166 8.15264e-20)
(1.23446 0.923155 0)
(1.20713 0.927458 0)
(1.14792 0.899963 2.46702e-19)
(1.07394 0.865483 0)
(0.998794 0.827761 0)
(0.917149 0.78538 -4.74876e-19)
(0.830552 0.73505 1.31387e-19)
(0.749202 0.677608 -1.19649e-18)
(0.689417 0.619973 0)
(0.649507 0.568688 -6.4326e-19)
(0.607529 0.513838 1.0583e-20)
(0.559824 0.442301 -9.48527e-19)
(0.473756 0.364248 3.7413e-19)
(0.348611 0.256874 1.42514e-21)
(0.208003 0.149144 -1.29971e-18)
(0.0881483 0.0610601 6.14103e-19)
(0.0125047 0.0085933 1.81412e-19)
(0.427698 0.337527 0)
(0.953565 0.725611 -1.55235e-19)
(1.17451 0.916389 8.61183e-20)
(1.22097 0.958149 1.11457e-19)
(1.19299 0.961854 -1.17502e-20)
(1.13346 0.933082 2.47147e-20)
(1.05937 0.897594 -3.39131e-20)
(0.983948 0.858965 4.551e-19)
(0.901284 0.815571 5.07983e-19)
(0.812333 0.764249 1.00087e-18)
(0.72828 0.705845 9.94121e-19)
(0.663698 0.647041 1.74774e-19)
(0.616522 0.588228 9.2548e-19)
(0.585813 0.524862 5.71886e-19)
(0.534004 0.457523 6.80917e-19)
(0.451142 0.356585 -4.09398e-19)
(0.330908 0.250474 -4.74876e-19)
(0.202549 0.141673 5.57057e-19)
(0.0900079 0.0643521 -3.29971e-19)
(0.0172668 0.0155738 5.8724e-19)
(0.426908 0.351304 2.19033e-19)
(0.946766 0.753152 2.43043e-19)
(1.16302 0.948077 5.01459e-20)
(1.20767 0.990658 1.59783e-20)
(1.17915 0.994296 4.22639e-21)
(1.1195 0.964601 -6.84105e-20)
(1.04541 0.928139 3.26351e-20)
(0.969451 0.88839 -1.99148e-20)
(0.885615 0.844258 -5.91047e-19)
(0.795303 0.792621 -1.08616e-18)
(0.70798 0.733029 6.90291e-20)
(0.639779 0.670435 0)
(0.592196 0.60978 0)
(0.544617 0.540999 -2.98182e-19)
(0.498181 0.448397 -1.11444e-18)
(0.425302 0.354589 8.81906e-19)
(0.324392 0.231147 5.19117e-19)
(0.210671 0.122796 0)
(0.104621 0.0376826 1.05682e-18)
(0.0110691 -0.00998614 -6.26789e-19)
(0.426054 0.364566 -1.16149e-19)
(0.939417 0.777865 1.02789e-19)
(1.1517 0.977281 -1.2086e-19)
(1.19503 1.02135 -9.7822e-20)
(1.16599 1.0244 -1.442e-20)
(1.10614 0.993669 -2.18315e-20)
(1.03205 0.956481 0)
(0.955921 0.916192 -5.71864e-19)
(0.871303 0.871432 7.2277e-20)
(0.778867 0.819331 0)
(0.688787 0.759894 0)
(0.614965 0.69761 1.11563e-19)
(0.557428 0.629417 1.50035e-19)
(0.51847 0.549372 -3.2205e-19)
(0.465911 0.461504 7.99903e-19)
(0.393873 0.33144 -9.60968e-19)
(0.300076 0.207573 -1.11124e-18)
(0.222813 0.105945 9.84481e-19)
(0.164584 0.0826353 -3.75938e-19)
(0.112838 0.078751 2.18751e-19)
(0.425303 0.377003 1.4598e-19)
(0.933322 0.802589 0)
(1.14104 1.00522 0)
(1.18268 1.04974 -2.68606e-20)
(1.15321 1.05272 2.17461e-20)
(1.09332 1.02131 -2.04692e-20)
(1.01933 0.983444 1.45641e-19)
(0.942821 0.942364 5.8547e-19)
(0.857278 0.897253 1.07213e-18)
(0.763721 0.845287 -8.1741e-20)
(0.670652 0.785522 1.68999e-19)
(0.59248 0.720313 -9.97747e-19)
(0.533059 0.651673 -9.94994e-19)
(0.47253 0.568959 -1.72889e-19)
(0.416211 0.447391 0)
(0.353695 0.327619 -6.22213e-21)
(0.277027 0.137754 6.12562e-19)
(0.255757 0.00425348 -1.0303e-18)
(0.21994 -0.0952937 7.83225e-19)
(0.0861444 -0.0970489 6.48936e-19)
(0.424303 0.389085 -3.22639e-19)
(0.926469 0.824428 -1.45626e-19)
(1.13044 1.03089 6.94586e-21)
(1.1709 1.07678 5.68261e-20)
(1.14098 1.07928 0)
(1.08095 1.04707 -6.80152e-20)
(1.00703 1.00878 -2.09765e-19)
(0.930459 0.967589 -1.81888e-21)
(0.844335 0.922314 -5.61733e-19)
(0.748711 0.870248 -8.02144e-20)
(0.652637 0.811359 7.45053e-20)
(0.568727 0.748722 8.76516e-19)
(0.496218 0.674724 9.709e-19)
(0.440925 0.578088 1.68451e-19)
(0.376209 0.469722 8.60675e-19)
(0.28609 0.294665 0)
(0.164301 0.122989 0)
(-0.00130075 0.195748 7.07774e-19)
(-0.0781125 0.630078 -2.89176e-20)
(0.00788165 1.53895 -8.73475e-19)
(0.42348 0.400428 1.78342e-19)
(0.920913 0.846784 4.0839e-19)
(1.12047 1.05586 -5.60175e-19)
(1.1593 1.1021 2.80795e-19)
(1.12894 1.10472 -7.61253e-21)
(1.06886 1.07223 -2.06257e-20)
(0.995028 1.03376 0)
(0.918126 0.992308 -4.8785e-19)
(0.831117 0.947335 0)
(0.734434 0.896275 1.12941e-18)
(0.635339 0.838455 -9.07635e-20)
(0.546691 0.774237 1.01772e-19)
(0.472289 0.702535 1.11262e-18)
(0.38716 0.613156 -3.6547e-19)
(0.284574 0.461129 -4.37672e-19)
(0.192775 0.348757 0)
(0.0835602 0.489778 0)
(0.0255475 1.33996 0)
(0.0720934 2.46597 -4.01942e-19)
(0.0992056 2.91206 -2.4766e-19)
(0.422134 0.411222 0)
(0.914467 0.866047 0)
(1.11053 1.07864 2.044e-19)
(1.14831 1.12635 -2.28037e-19)
(1.11749 1.12873 1.01165e-19)
(1.05727 1.09582 2.78896e-20)
(0.983521 1.05733 2.71171e-20)
(0.906599 1.01633 -2.11126e-20)
(0.819137 0.971864 7.9265e-20)
(0.720463 0.921399 -1.29617e-18)
(0.618357 0.865093 1.64464e-19)
(0.524123 0.805749 8.76592e-19)
(0.433102 0.734204 -1.1083e-18)
(0.352116 0.625299 -1.21891e-18)
(0.266385 0.520785 4.09983e-19)
(0.187211 0.658613 0)
(0.119396 1.567 5.65046e-19)
(0.121723 2.69575 6.16885e-19)
(0.129662 3.08879 -6.89534e-19)
(0.121626 3.22261 7.38631e-19)
(0.421029 0.421757 0)
(0.909394 0.886103 3.61381e-19)
(1.10129 1.10094 -5.12257e-20)
(1.13755 1.14891 3.20124e-19)
(1.10631 1.15162 -1.0619e-19)
(1.04605 1.11876 0)
(0.972405 1.08049 0)
(0.895192 1.03968 0)
(0.80697 0.996108 4.46089e-19)
(0.707588 0.947584 5.97852e-20)
(0.602749 0.893976 0)
(0.503863 0.834699 -8.71621e-19)
(0.416897 0.766676 0)
(0.300587 0.673236 8.72217e-19)
(0.203382 0.733177 -5.88738e-19)
(0.151651 1.46338 -4.7317e-19)
(0.154373 2.68321 -1.10153e-18)
(0.176725 3.12663 -5.80322e-19)
(0.167504 3.26673 -7.86026e-19)
(0.15389 3.30696 5.86334e-19)
(0.41951 0.431258 -1.26335e-19)
(0.9033 0.902829 1.52874e-20)
(1.09203 1.12103 -5.7047e-20)
(1.12743 1.17061 -2.47405e-19)
(1.09575 1.1733 0)
(1.03539 1.1403 0)
(0.961814 1.1023 0)
(0.884652 1.06235 3.4119e-20)
(0.796207 1.01983 -5.63932e-19)
(0.695087 0.972542 0)
(0.587707 0.92072 0)
(0.485999 0.867409 0)
(0.375285 0.799303 0)
(0.306665 0.765289 6.37986e-19)
(0.269608 1.15667 1.56799e-18)
(0.245183 2.38992 4.63162e-19)
(0.260008 3.0828 9.31747e-19)
(0.254626 3.28173 -7.14176e-19)
(0.206008 3.3473 2.63234e-19)
(0.173779 3.36014 0)
(0.418241 0.440554 1.30085e-19)
(0.898522 0.921276 -8.02953e-19)
(1.08328 1.14153 -2.15703e-19)
(1.1173 1.19129 -4.74461e-20)
(1.08522 1.19447 2.46681e-20)
(1.02486 1.16177 -8.65998e-20)
(0.951422 1.12427 -2.63475e-21)
(0.874061 1.0848 -3.79458e-19)
(0.78504 1.04362 0)
(0.683711 0.999011 -7.58714e-20)
(0.574686 0.951374 6.90196e-20)
(0.468946 0.898896 0)
(0.377044 0.844422 0)
(0.320287 0.954133 -7.98621e-19)
(0.270732 1.85474 9.89741e-20)
(0.267209 2.94415 -3.47934e-19)
(0.290582 3.28559 7.2712e-19)
(0.262575 3.38392 5.25615e-19)
(0.197391 3.40836 -7.13645e-19)
(0.172762 3.41811 3.53377e-19)
(0.416223 0.45008 2.55773e-19)
(0.891857 0.93733 7.83052e-19)
(1.0736 1.16126 2.59036e-19)
(1.10699 1.21287 0)
(1.07455 1.21607 0)
(1.01417 1.18323 6.74967e-20)
(0.940924 1.14602 6.64576e-20)
(0.863846 1.10758 3.38276e-19)
(0.775003 1.06768 2.20496e-20)
(0.672404 1.02465 9.69924e-19)
(0.561917 0.978732 -1.14723e-18)
(0.450217 0.928364 0)
(0.373699 0.917752 0)
(0.333687 1.32447 -5.4437e-19)
(0.33304 2.4914 -6.54414e-19)
(0.376574 3.19702 0)
(0.401125 3.36713 -7.3549e-19)
(0.330966 3.42982 4.92945e-20)
(0.261994 3.47481 3.44226e-19)
(0.239646 3.50014 -1.13314e-19)
(0.414292 0.459936 -4.86721e-19)
(0.886289 0.957617 -3.7609e-19)
(1.06367 1.18353 0)
(1.09565 1.23488 0)
(1.06293 1.23852 0)
(1.00272 1.20588 0)
(0.929839 1.16912 -7.85344e-20)
(0.852831 1.13105 2.96724e-19)
(0.763736 1.0925 0)
(0.661805 1.05242 -8.83104e-19)
(0.551475 1.01126 2.0576e-18)
(0.442438 0.972772 8.40427e-20)
(0.394092 1.0454 1.12346e-19)
(0.385761 1.74802 8.87355e-19)
(0.398686 2.90164 -4.77384e-19)
(0.43729 3.3181 0)
(0.42063 3.44056 2.06258e-19)
(0.335091 3.52912 9.15051e-20)
(0.260223 3.59285 1.49055e-19)
(0.184858 3.57231 -1.28394e-20)
(0.411291 0.470316 2.31604e-19)
(0.877805 0.974801 -3.84608e-19)
(1.05213 1.20505 0)
(1.08371 1.25846 -6.94491e-20)
(1.05074 1.26192 2.38417e-19)
(0.990704 1.22886 0)
(0.918286 1.19212 0)
(0.841948 1.15497 -5.149e-19)
(0.753627 1.1176 -5.6571e-20)
(0.651258 1.07908 8.65806e-19)
(0.536918 1.0388 -9.779e-19)
(0.446506 1.01644 5.71187e-19)
(0.4076 1.2242 0)
(0.420701 2.18732 -4.70531e-19)
(0.464233 3.14504 3.08584e-19)
(0.52811 3.42103 1.93611e-19)
(0.519696 3.51695 0)
(0.457086 3.59825 -3.73245e-20)
(0.38749 3.6388 -4.11051e-19)
(0.30698 3.61051 -9.64038e-20)
(0.4084 0.480842 -4.61946e-19)
(0.870886 0.997909 5.50876e-19)
(1.04038 1.22996 3.81025e-19)
(1.07052 1.28238 -9.45527e-20)
(1.03739 1.28607 -3.64443e-19)
(0.977784 1.25303 0)
(0.906074 1.21661 1.2761e-20)
(0.830168 1.17958 1.86328e-19)
(0.742028 1.1434 3.00416e-20)
(0.641269 1.10762 -7.48001e-19)
(0.529153 1.07374 -5.18513e-20)
(0.449731 1.08225 -6.44582e-19)
(0.44789 1.46393 7.04893e-19)
(0.493726 2.5543 1.54752e-19)
(0.559093 3.30645 -2.72052e-19)
(0.610978 3.47227 1.40947e-19)
(0.57116 3.52291 0)
(0.51366 3.52663 0)
(0.420558 3.49063 -6.8162e-19)
(0.19267 3.28124 1.25854e-18)
(0.403744 0.491764 2.21324e-19)
(0.859946 1.01614 5.43356e-19)
(1.02659 1.2533 -3.89473e-19)
(1.05672 1.30807 3.44921e-19)
(1.0235 1.3113 3.81808e-19)
(0.96434 1.27749 0)
(0.893464 1.24072 -4.60173e-21)
(0.818715 1.20439 1.51299e-19)
(0.732103 1.16911 0)
(0.632004 1.13458 0)
(0.523954 1.10525 0)
(0.458754 1.15683 0)
(0.485212 1.69634 -7.95538e-19)
(0.550116 2.85935 -2.0624e-19)
(0.6271 3.39303 0)
(0.670512 3.48469 -2.40118e-20)
(0.668436 3.49018 0)
(0.746058 3.33047 1.41232e-19)
(0.84159 2.96095 -1.78007e-18)
(0.448026 2.57988 1.86693e-18)
(0.399842 0.50195 -4.50677e-19)
(0.851139 1.0424 -3.48531e-19)
(1.01263 1.28118 -2.58859e-19)
(1.04137 1.33405 -3.22584e-19)
(1.00817 1.33719 -1.86293e-19)
(0.949813 1.30316 0)
(0.88011 1.26656 3.55657e-21)
(0.806267 1.23011 -4.182e-20)
(0.720366 1.19572 -2.26043e-19)
(0.622752 1.16345 0)
(0.5204 1.14327 5.11195e-20)
(0.475814 1.25434 -5.81299e-20)
(0.535744 1.95852 0)
(0.626789 3.08382 2.6899e-19)
(0.717909 3.43563 0)
(0.747714 3.47112 -1.00958e-19)
(0.751794 3.37991 2.77693e-19)
(0.744904 2.99838 -1.39414e-19)
(0.500211 1.98693 2.74451e-19)
(-0.342451 0.495039 -6.67403e-19)
(0.39195 0.512761 -1.32894e-20)
(0.836678 1.06124 -1.78323e-19)
(0.995807 1.30648 3.56707e-19)
(1.02506 1.36244 -1.97628e-20)
(0.991967 1.36498 -5.93035e-20)
(0.934403 1.32997 0)
(0.865933 1.29274 6.90383e-20)
(0.793776 1.25692 -7.6609e-20)
(0.71025 1.22335 4.04951e-19)
(0.611284 1.19188 -5.01991e-19)
(0.522648 1.18203 -6.02963e-19)
(0.499542 1.37032 0)
(0.586941 2.25678 4.01284e-19)
(0.687878 3.21529 -5.56985e-20)
(0.762256 3.41445 2.86614e-20)
(0.771011 3.40559 0)
(0.70007 3.17386 -1.45855e-19)
(0.531123 2.39817 1.53586e-19)
(0.100963 0.624782 -1.82212e-19)
(-0.249322 -0.394636 -1.67575e-19)
(0.385954 0.523729 4.21584e-19)
(0.825089 1.09081 -1.74783e-19)
(0.978712 1.33788 2.51798e-19)
(1.00675 1.39113 1.94399e-19)
(0.973907 1.39344 1.1929e-19)
(0.917579 1.3582 2.27549e-19)
(0.850844 1.32133 -1.53113e-19)
(0.780137 1.28544 1.1381e-20)
(0.697759 1.25279 -2.9529e-19)
(0.601426 1.2245 3.3531e-20)
(0.525942 1.23008 9.72714e-20)
(0.529508 1.51835 -3.96526e-19)
(0.641735 2.52497 1.08377e-19)
(0.752024 3.29126 -2.133e-19)
(0.815465 3.39147 3.44282e-20)
(0.789307 3.31033 7.88919e-20)
(0.663087 2.86154 -2.07989e-19)
(0.404139 1.62566 1.35398e-19)
(0.0593496 0.0492139 0)
(-0.0799256 -0.158995 -2.93276e-19)
(0.374903 0.530858 0)
(0.805907 1.10902 -6.6352e-19)
(0.957942 1.36473 2.39638e-20)
(0.98731 1.42239 -3.19809e-19)
(0.954829 1.42421 0)
(0.899814 1.38788 -1.68358e-19)
(0.834815 1.35016 1.54122e-19)
(0.766421 1.31488 -1.06467e-20)
(0.687543 1.28304 2.06909e-19)
(0.594248 1.25712 3.5925e-19)
(0.530674 1.28235 4.65256e-19)
(0.562435 1.67619 4.80849e-20)
(0.695565 2.76693 -2.94723e-19)
(0.799926 3.3171 1.37129e-20)
(0.833693 3.34577 5.74633e-21)
(0.760337 3.13011 7.70696e-20)
(0.52425 2.31559 8.85165e-20)
(0.11628 0.441045 -1.0491e-19)
(-0.137537 -0.24574 0)
(-0.115913 -0.207468 0)
(0.364744 0.541819 -4.09208e-19)
(0.79005 1.14053 6.58358e-19)
(0.936903 1.39928 0)
(0.965416 1.45351 0)
(0.933488 1.45485 0)
(0.880376 1.4183 0)
(0.817854 1.38117 -8.11432e-20)
(0.751647 1.34592 -1.60322e-20)
(0.674672 1.31506 -3.54072e-20)
(0.588019 1.29311 3.75749e-20)
(0.53724 1.34665 -3.83932e-19)
(0.599636 1.85794 2.80613e-19)
(0.749214 2.95451 0)
(0.842094 3.32024 3.61814e-20)
(0.863233 3.28651 6.02234e-20)
(0.71959 2.86312 -2.33987e-20)
(0.392235 1.6803 1.03908e-19)
(0.0165277 -0.0416264 6.00458e-20)
(-0.156449 -0.202071 -2.44307e-19)
(-0.0573126 -0.137252 -2.85745e-19)
(0.348589 0.545131 2.07181e-19)
(0.764414 1.15574 3.07874e-19)
(0.91139 1.4264 -9.3364e-21)
(0.942151 1.4871 1.69107e-19)
(0.910855 1.4882 0)
(0.859913 1.45057 3.18652e-19)
(0.799685 1.41227 -6.584e-20)
(0.736477 1.3774 1.88448e-20)
(0.662798 1.34699 -3.59448e-20)
(0.583005 1.32941 2.70483e-20)
(0.548657 1.41628 2.5934e-19)
(0.640514 2.06698 -1.28427e-19)
(0.795835 3.07379 -1.11745e-19)
(0.874328 3.30686 1.99095e-21)
(0.853286 3.17798 -3.1881e-20)
(0.624078 2.50943 1.42347e-19)
(0.187082 0.711399 -7.94135e-20)
(-0.0853723 -0.272742 1.17202e-19)
(-0.128398 -0.22247 -3.5839e-19)
(-0.0596628 -0.122267 2.50754e-19)
(0.332164 0.551431 -1.93797e-19)
(0.741569 1.18513 0)
(0.885804 1.4627 -2.26e-19)
(0.915755 1.51987 -3.26147e-19)
(0.885496 1.52007 0)
(0.837456 1.48225 -2.4878e-19)
(0.780493 1.44481 0)
(0.720349 1.41 -1.20983e-19)
(0.647644 1.38062 -1.89038e-20)
(0.579439 1.36931 6.54583e-20)
(0.561112 1.50012 -1.24892e-19)
(0.682504 2.26704 7.1043e-20)
(0.837937 3.14475 1.76494e-19)
(0.903529 3.28197 1.14924e-20)
(0.845149 3.03743 -3.22529e-20)
(0.525612 2.07424 -4.86946e-20)
(0.0745818 0.116576 1.25309e-19)
(-0.185085 -0.2559 -1.39213e-19)
(-0.105024 -0.210317 4.7342e-22)
(-0.0515051 -0.075222 -2.62412e-20)
(0.309183 0.547593 3.85435e-19)
(0.708752 1.19425 -2.95057e-19)
(0.854859 1.48738 2.40582e-19)
(0.88753 1.55448 1.5711e-19)
(0.85849 1.55518 2.83293e-20)
(0.813952 1.51643 1.56321e-19)
(0.759716 1.47738 0)
(0.703322 1.44243 -3.83201e-20)
(0.634802 1.41384 0)
(0.575131 1.40925 -6.12212e-20)
(0.577258 1.58598 1.24049e-19)
(0.723772 2.4478 -2.89451e-21)
(0.874553 3.18686 -6.05322e-20)
(0.921123 3.24159 3.81405e-20)
(0.797263 2.83667 -1.27441e-20)
(0.376677 1.51125 6.38047e-20)
(-0.0515871 -0.131807 -1.89368e-19)
(-0.227974 -0.255855 -1.0772e-19)
(-0.123824 -0.247961 -4.09489e-20)
(-0.0716919 -0.085836 1.95341e-19)
(0.285825 0.544925 4.30373e-21)
(0.679076 1.21923 1.51323e-19)
(0.823227 1.52183 0)
(0.85511 1.58706 2.95414e-19)
(0.828668 1.58673 -4.21205e-19)
(0.788048 1.54778 1.57964e-19)
(0.737753 1.51004 -1.05803e-19)
(0.685687 1.47521 1.01488e-19)
(0.619513 1.44844 -9.05683e-20)
(0.571143 1.45232 -1.60421e-21)
(0.592219 1.67983 2.50461e-20)
(0.764947 2.60328 4.84967e-20)
(0.9023 3.1943 3.56634e-20)
(0.927554 3.187 -5.88706e-20)
(0.74597 2.59896 -5.85889e-20)
(0.283608 1.00879 1.11801e-19)
(-0.0482312 -0.252282 -1.09724e-19)
(-0.199173 -0.293587 7.60388e-20)
(-0.113931 -0.275259 1.87744e-21)
(-0.0786505 -0.104148 -1.65726e-19)
(0.25563 0.527312 7.16894e-19)
(0.63727 1.21557 -1.50782e-19)
(0.785026 1.53972 -4.11971e-19)
(0.820879 1.61944 3.34446e-19)
(0.797148 1.62228 -1.84272e-19)
(0.760942 1.5827 3.05324e-19)
(0.713789 1.54291 1.65067e-19)
(0.666451 1.50724 0)
(0.606579 1.48132 1.04183e-19)
(0.565266 1.49428 -1.50983e-20)
(0.608859 1.76744 -1.15963e-20)
(0.800494 2.72349 -4.87659e-21)
(0.923923 3.19584 1.84735e-20)
(0.927589 3.1243 8.67056e-21)
(0.67532 2.3863 -8.66252e-20)
(0.167653 0.457897 -3.20732e-20)
(-0.0478091 -0.276596 1.0784e-19)
(-0.119851 -0.289011 4.85649e-20)
(-0.0934833 -0.252777 1.61703e-20)
(-0.0502633 -0.105495 1.38061e-19)
(0.224182 0.506257 0)
(0.598008 1.22817 1.40373e-19)
(0.745179 1.56758 -1.87129e-19)
(0.781806 1.64815 3.24327e-19)
(0.76322 1.65086 -4.02093e-19)
(0.730735 1.61134 1.67646e-19)
(0.688568 1.57355 0)
(0.64662 1.53835 0)
(0.592753 1.51383 0)
(0.558328 1.53769 2.17816e-20)
(0.620809 1.85204 -2.04091e-20)
(0.830268 2.81243 1.79934e-20)
(0.936916 3.1925 4.73894e-20)
(0.916746 3.04638 4.61522e-20)
(0.606112 2.13883 -8.20975e-20)
(0.0553566 0.136271 5.57056e-20)
(-0.129475 -0.284881 3.89228e-21)
(-0.106507 -0.296034 -1.10945e-19)
(-0.0810965 -0.211146 1.34335e-20)
(-0.0245857 -0.0699366 0)
(0.186124 0.463645 6.56904e-19)
(0.544316 1.19935 -1.31262e-19)
(0.69838 1.57222 4.67034e-21)
(0.741847 1.67465 0)
(0.726968 1.68378 -1.93518e-19)
(0.699395 1.64559 1.8486e-20)
(0.660965 1.60499 0)
(0.624514 1.56821 5.11527e-20)
(0.578347 1.54349 -4.0365e-20)
(0.550754 1.57578 0)
(0.632671 1.9232 0)
(0.849909 2.87372 -3.2502e-20)
(0.945043 3.18698 -6.05753e-20)
(0.903152 2.97999 2.25728e-21)
(0.529362 1.90413 -2.13149e-20)
(0.00672592 -0.00309352 2.99032e-20)
(-0.159739 -0.286369 0)
(-0.127137 -0.332761 -6.45894e-20)
(-0.0869903 -0.20614 -1.00216e-19)
(-0.0155492 -0.0548084 2.42516e-19)
(0.146279 0.409955 5.41919e-19)
(0.493596 1.18578 -1.2567e-19)
(0.649001 1.58458 1.78126e-19)
(0.696532 1.69449 -4.42158e-19)
(0.68731 1.70449 0)
(0.665059 1.6689 0)
(0.632441 1.63082 0)
(0.602511 1.59559 5.39723e-20)
(0.562879 1.57102 -4.25864e-20)
(0.541244 1.61082 0)
(0.635973 1.98505 0)
(0.862926 2.91045 1.00931e-19)
(0.946961 3.18889 -3.60505e-20)
(0.882945 2.91603 4.15494e-20)
(0.5189 1.76161 5.67536e-20)
(0.016791 -0.0536631 0)
(-0.172285 -0.293414 -1.30463e-20)
(-0.141759 -0.365687 -2.1511e-20)
(-0.0930211 -0.249167 2.07027e-19)
(-0.0153372 -0.0778423 -2.52751e-19)
(0.102583 0.327724 -5.03752e-19)
(0.425303 1.10937 1.31769e-19)
(0.592665 1.56348 3.74128e-19)
(0.650231 1.70908 2.54608e-19)
(0.645812 1.73098 -2.062e-19)
(0.629804 1.70016 -1.37043e-19)
(0.600958 1.65868 9.39338e-20)
(0.577044 1.62101 0)
(0.546117 1.59463 0)
(0.529051 1.63508 0)
(0.635538 2.01209 -7.75856e-20)
(0.870369 2.93148 -1.00695e-19)
(0.944199 3.19699 3.42562e-20)
(0.87186 2.91765 -2.04178e-20)
(0.490915 1.70705 7.62051e-21)
(-0.0212544 0.0670624 0)
(-0.219723 -0.204339 3.27551e-20)
(-0.202667 -0.333122 -1.19722e-19)
(-0.114732 -0.25977 2.8677e-19)
(0.00909942 0.00804522 -1.6605e-19)
(0.0536529 0.22575 5.32887e-19)
(0.359629 1.04688 -4.37783e-19)
(0.530399 1.54149 0)
(0.596797 1.71034 1.26223e-19)
(0.60135 1.73859 9.14558e-20)
(0.591736 1.71406 1.93116e-19)
(0.569479 1.6764 -8.7804e-20)
(0.552121 1.64154 0)
(0.528052 1.61483 0)
(0.514776 1.65286 -1.54691e-19)
(0.621915 2.01437 -3.62843e-21)
(0.877786 2.92566 8.52272e-20)
(0.948956 3.20559 5.34028e-20)
(0.826815 2.94757 1.00458e-19)
(0.434508 1.73126 -1.29616e-19)
(-0.124226 0.408342 2.47259e-19)
(-0.32478 -0.269245 -1.71548e-19)
(-0.373277 -0.60058 0)
(-0.313986 -0.655859 -2.09441e-20)
(-0.0623295 -0.164218 3.69748e-19)
(0.0145378 0.135089 5.45255e-19)
(0.266727 0.884544 0)
(0.462437 1.4701 0)
(0.54415 1.70091 0)
(0.555515 1.75421 7.6877e-20)
(0.55261 1.73888 -1.91269e-19)
(0.533802 1.69811 -8.59497e-20)
(0.522082 1.65909 0)
(0.506847 1.62909 0)
(0.497983 1.66096 9.579e-20)
(0.606824 1.98506 3.22311e-20)
(0.862394 2.89342 -4.16127e-20)
(0.97612 3.20612 2.72068e-20)
(0.905776 3.05656 1.25846e-19)
(0.555044 1.92964 -2.26397e-19)
(0.0910993 0.486103 3.62694e-19)
(-0.29383 -0.358063 -3.59744e-19)
(-0.418895 -0.893372 0)
(-0.401173 -1.18079 1.91449e-20)
(-0.217553 -0.857483 5.29458e-19)
(-0.00492511 0.0742791 -5.07128e-19)
(0.182448 0.73907 1.74646e-19)
(0.384811 1.37251 2.7168e-19)
(0.482716 1.6618 -1.44359e-20)
(0.507874 1.7407 -1.65145e-19)
(0.510943 1.73791 -1.07013e-19)
(0.499965 1.70661 2.41455e-19)
(0.492593 1.67018 -5.21268e-21)
(0.482942 1.63719 0)
(0.478292 1.65966 2.61748e-20)
(0.574877 1.92702 -1.46235e-20)
(0.866388 2.79701 4.04273e-20)
(1.04441 3.16818 0)
(1.1014 3.04451 -5.67695e-20)
(1.01495 2.46557 0)
(0.681487 1.30607 -7.61149e-20)
(0.253523 0.362582 -1.7774e-20)
(-0.019165 -0.630712 0)
(-0.267045 -1.38618 0)
(-0.196977 -1.27566 4.58613e-19)
(-0.0015339 0.00920827 4.08176e-19)
(0.0798995 0.377443 -1.53041e-19)
(0.320797 1.19799 1.21735e-19)
(0.427614 1.60029 -1.92113e-19)
(0.459195 1.73743 7.54316e-20)
(0.466232 1.74781 -2.59153e-20)
(0.459874 1.72316 1.6383e-20)
(0.454746 1.6788 -3.19537e-20)
(0.452969 1.63767 -2.0817e-20)
(0.452538 1.64619 -1.90713e-20)
(0.53015 1.83749 4.32938e-21)
(0.805379 2.61661 0)
(1.05356 3.04221 2.54964e-21)
(1.08685 2.96935 0)
(1.05359 2.62321 0)
(0.905828 1.85924 0)
(0.570588 0.916726 1.31804e-19)
(0.304566 0.0222577 -2.62688e-19)
(0.100055 -0.671478 -1.73456e-20)
(-0.0582187 -1.04906 2.45259e-19)
(0.00821565 -0.0447271 7.30326e-20)
(0.0197457 0.140678 6.84667e-20)
(0.20866 0.904685 -5.5786e-20)
(0.355153 1.46394 -4.23689e-20)
(0.409815 1.68498 3.42483e-20)
(0.423312 1.73022 2.4181e-20)
(0.420763 1.72269 1.70579e-20)
(0.414805 1.68291 0)
(0.414178 1.63253 -8.67525e-21)
(0.418248 1.62398 -5.07402e-21)
(0.451487 1.73333 1.27102e-20)
(0.64043 2.34235 0)
(0.893417 2.89176 1.5072e-20)
(0.954358 2.86968 -1.96042e-20)
(0.929758 2.67351 0)
(0.847561 2.22648 0)
(0.60869 1.47584 -1.61785e-20)
(0.375965 0.703265 0)
(0.174959 -0.0997178 -1.34957e-20)
(0.0447775 -0.426795 0)
(0.00232914 -0.0768572 0)
(0.00306939 -0.00829765 0)
(0.0854299 0.463408 0)
(0.271315 1.25123 0)
(0.345981 1.62149 -8.52553e-34)
(0.369374 1.7221 6.40886e-34)
(0.37127 1.72096 0)
(0.367915 1.69184 0)
(0.365186 1.62733 0)
(0.370017 1.59802 0)
(0.376735 1.65506 0)
(0.462894 2.06069 0)
(0.70535 2.74361 0)
(0.743284 2.80301 0)
(0.718701 2.71826 0)
(0.681241 2.45894 0)
(0.543508 1.94204 0)
(0.364455 1.30567 0)
(0.187229 0.671689 0)
(0.0459597 0.184314 0)
(-0.00497686 -0.0778741 0)
(0.00676073 -0.0892807 0)
(0.0247205 0.142366 0)
(0.181153 0.934559 0)
(0.282049 1.47958 0)
(0.317824 1.68052 0)
(0.321846 1.71026 0)
(0.318734 1.69175 0)
(0.311981 1.62553 0)
(0.314165 1.58073 0)
(0.311972 1.61269 0)
(0.332978 1.92211 0)
(0.54502 2.6194 0)
(0.575846 2.78761 0)
(0.552706 2.76275 0)
(0.524279 2.61324 0)
(0.438819 2.2614 0)
(0.289181 1.68448 0)
(0.144603 1.11009 0)
(0.0330819 0.571857 0)
(-0.00595461 -0.077813 0)
(0.00794954 -0.123421 0)
(0.00770012 0.0163671 0)
(0.0974205 0.686364 0)
(0.210659 1.35044 0)
(0.257764 1.63642 0)
(0.267666 1.70035 0)
(0.266796 1.69055 0)
(0.257901 1.62803 0)
(0.255561 1.57234 0)
(0.255097 1.59421 0)
(0.233984 1.84974 0)
(0.403985 2.535 0)
(0.43636 2.79916 0)
(0.402112 2.81735 0)
(0.376546 2.7406 0)
(0.320278 2.4959 0)
(0.210441 2.01669 0)
(0.0988108 1.49137 0)
(0.0177868 0.877756 0)
(-0.00422567 -0.068401 0)
(-0.000339392 -0.139822 0)
(0.0038587 -0.0460896 0)
(0.0495971 0.44888 0)
(0.161648 1.22176 0)
(0.20115 1.58831 0)
(0.209622 1.68698 0)
(0.20979 1.68619 0)
(0.20228 1.63384 0)
(0.198857 1.57415 0)
(0.206972 1.59245 0)
(0.159778 1.81258 0)
(0.28898 2.47254 0)
(0.321452 2.81207 0)
(0.282377 2.87306 0)
(0.257039 2.83798 0)
(0.217315 2.66252 0)
(0.140383 2.25655 0)
(0.0578157 1.74889 0)
(0.0080914 1.05832 0)
(0.00140632 -0.0647261 0)
(0.0151966 -0.170948 0)
(0.0433278 -0.0980863 0)
(0.0396108 0.253738 0)
(0.125583 1.09056 0)
(0.150642 1.53825 0)
(0.155449 1.67598 0)
(0.155831 1.68264 0)
(0.151075 1.63857 0)
(0.14686 1.58036 0)
(0.164289 1.59828 0)
(0.107375 1.79364 0)
(0.197261 2.43416 0)
(0.22721 2.82494 0)
(0.188683 2.92222 0)
(0.167267 2.9126 0)
(0.138424 2.78357 0)
(0.0861948 2.43471 0)
(0.0292745 1.95056 0)
(-0.00235012 1.17512 0)
(0.0109174 -0.130922 0)
(0.0388837 -0.270488 0)
(0.0724154 -0.155676 0)
(0.0391689 0.244143 0)
(0.0755209 1.03385 0)
(0.0901425 1.50867 0)
(0.0939285 1.663 0)
(0.0983298 1.67768 0)
(0.100357 1.63964 0)
(0.0990588 1.58657 0)
(0.123961 1.60483 0)
(0.0686651 1.78151 0)
(0.130029 2.40601 0)
(0.152782 2.83794 0)
(0.118777 2.96307 0)
(0.0997208 2.97008 0)
(0.0794341 2.8682 0)
(0.0420775 2.54765 0)
(0.00363296 2.05457 0)
(-0.00971854 1.17927 0)
(0.0151993 -0.256267 0)
(0.0399143 -0.367769 0)
(0.0557124 -0.178509 0)
(0.012467 0.286803 0)
(-0.0025136 1.00974 0)
(0.0142333 1.4962 0)
(0.0262216 1.65599 0)
(0.0410222 1.66936 0)
(0.0534393 1.6348 0)
(0.0552137 1.58707 0)
(0.087166 1.60891 0)
(0.03896 1.77754 0)
(0.0796336 2.39074 0)
(0.0949039 2.84887 0)
(0.0672965 2.99619 0)
(0.0519238 3.01667 0)
(0.0390075 2.92961 0)
(0.014044 2.62845 0)
(-0.00732125 2.13326 0)
(-0.0132325 1.15923 0)
(0.0107105 -0.334277 0)
(0.0210863 -0.411942 0)
(0.00137231 -0.0991353 0)
(-0.0552621 0.407772 0)
(-0.0848908 1.07631 0)
(-0.0795299 1.49461 0)
(-0.0490541 1.63958 0)
(-0.0175077 1.65528 0)
(0.0105888 1.6231 0)
(0.0182993 1.58147 0)
(0.0533498 1.60966 0)
(0.0185189 1.77322 0)
(0.0446761 2.38298 0)
(0.0513132 2.85967 0)
(0.0292204 3.02114 0)
(0.0174993 3.04988 0)
(0.0070285 2.9692 0)
(-0.0100405 2.66876 0)
(-0.0251806 2.14426 0)
(-0.0147355 1.10375 0)
(0.0017044 -0.346674 0)
(-0.0245626 -0.325255 0)
(-0.0683932 0.0328619 0)
(-0.122418 0.553945 0)
(-0.160092 1.13345 0)
(-0.145176 1.46638 0)
(-0.109888 1.59729 0)
(-0.0690009 1.62559 0)
(-0.0280707 1.60129 0)
(-0.014408 1.56845 0)
(0.0255527 1.60649 0)
(0.000270301 1.77386 0)
(0.0199315 2.37708 0)
(0.0195983 2.86593 0)
(0.0022907 3.03893 0)
(-0.00753141 3.07415 0)
(-0.0162895 2.99417 0)
(-0.0266873 2.69191 0)
(-0.0310246 2.13414 0)
(-0.0174266 1.01357 0)
(-0.00995222 -0.264987 0)
(-0.0458844 -0.193347 0)
(-0.100875 0.167657 0)
(-0.153211 0.656103 0)
(-0.177934 1.13877 0)
(-0.169256 1.41089 0)
(-0.136351 1.53647 0)
(-0.0977789 1.57888 0)
(-0.0541669 1.56862 0)
(-0.0385477 1.54732 0)
(0.00384248 1.59902 0)
(-0.0128998 1.77279 0)
(0.000373612 2.37843 0)
(-0.00477199 2.87174 0)
(-0.0168183 3.05145 0)
(-0.0249133 3.08906 0)
(-0.0308602 3.0066 0)
(-0.0380421 2.69484 0)
(-0.035342 2.10508 0)
(-0.0168296 0.914399 0)
(-0.011602 -0.158244 0)
(-0.0485232 -0.0351279 0)
(-0.10381 0.306405 0)
(-0.154982 0.743638 0)
(-0.171708 1.14047 0)
(-0.164606 1.36527 0)
(-0.135641 1.48096 0)
(-0.106256 1.52913 0)
(-0.0673151 1.53152 0)
(-0.0530673 1.52312 0)
(-0.0106753 1.58856 0)
(-0.0244263 1.77139 0)
(-0.0139533 2.37743 0)
(-0.0219079 2.87719 0)
(-0.0296579 3.06107 0)
(-0.0355684 3.09991 0)
(-0.0395953 3.01378 0)
(-0.042404 2.68779 0)
(-0.0354043 2.05929 0)
(-0.0129965 0.820703 0)
(-0.00976918 -0.0536736 0)
(-0.0420967 0.109032 0)
(-0.090072 0.4276 0)
(-0.133391 0.816739 0)
(-0.153687 1.14737 0)
(-0.144573 1.33858 0)
(-0.122544 1.4415 0)
(-0.100673 1.48941 0)
(-0.0677421 1.49823 0)
(-0.0572357 1.4998 0)
(-0.0180312 1.57674 0)
(-0.0323319 1.77122 0)
(-0.0241102 2.38159 0)
(-0.0330737 2.88326 0)
(-0.0377012 3.06772 0)
(-0.0414798 3.10588 0)
(-0.0427214 3.01237 0)
(-0.0424438 2.67032 0)
(-0.032409 1.99849 0)
(-0.00884366 0.737605 0)
(-0.00716896 0.0332303 0)
(-0.032448 0.234551 0)
(-0.0711273 0.533211 0)
(-0.104992 0.879972 0)
(-0.12282 1.16196 0)
(-0.119003 1.32638 0)
(-0.105397 1.41773 0)
(-0.0909877 1.46259 0)
(-0.0635091 1.47369 0)
(-0.0568673 1.48174 0)
(-0.020971 1.56565 0)
(-0.0366645 1.76935 0)
(-0.0301071 2.38542 0)
(-0.0393411 2.88859 0)
(-0.0413534 3.07264 0)
(-0.0431795 3.10959 0)
(-0.0423638 3.0092 0)
(-0.0400432 2.65555 0)
(-0.0278573 1.94472 0)
(-0.00524131 0.672336 0)
(-0.00427798 0.0931083 0)
(-0.0219595 0.328068 0)
(-0.0516699 0.616318 0)
(-0.0784281 0.932952 0)
(-0.0934407 1.17976 0)
(-0.0937335 1.32384 0)
(-0.0867654 1.40536 0)
(-0.0783525 1.44632 0)
(-0.056081 1.45712 0)
(-0.0540637 1.46809 0)
(-0.0208049 1.55682 0)
(-0.0395052 1.77168 0)
(-0.0326542 2.39347 0)
(-0.0420548 2.89436 0)
(-0.0422217 3.07541 0)
(-0.0427568 3.10927 0)
(-0.0409977 3.00101 0)
(-0.0368228 2.62509 0)
(-0.0234103 1.88144 0)
(-0.00275838 0.619252 0)
(-0.0023177 0.132871 0)
(-0.0139626 0.397328 0)
(-0.0358437 0.681079 0)
(-0.0563521 0.975954 0)
(-0.0686759 1.19827 0)
(-0.0718042 1.32772 0)
(-0.0699153 1.40067 0)
(-0.0665977 1.43655 0)
(-0.0489811 1.4461 0)
(-0.0504692 1.45841 0)
(-0.0199269 1.5508 0)
(-0.038752 1.77348 0)
(-0.0326809 2.39826 0)
(-0.041982 2.89719 0)
(-0.0412116 3.07589 0)
(-0.0414133 3.10789 0)
(-0.0386996 2.99408 0)
(-0.0336886 2.60646 0)
(-0.0194686 1.83053 0)
(-0.00100108 0.58044 0)
(-0.00106254 0.156185 0)
(-0.00816269 0.444161 0)
(-0.0237937 0.728405 0)
(-0.0395375 1.00897 0)
(-0.0493499 1.21474 0)
(-0.0537858 1.33403 0)
(-0.0538867 1.40063 0)
(-0.0537392 1.4318 0)
(-0.0404127 1.43889 0)
(-0.0456576 1.45202 0)
(-0.0195947 1.54764 0)
(-0.037702 1.77754 0)
(-0.0318112 2.40489 0)
(-0.0405231 2.90059 0)
(-0.0397251 3.0751 0)
(-0.0393709 3.10392 0)
(-0.0358872 2.97934 0)
(-0.030113 2.57121 0)
(-0.0157983 1.76959 0)
(0.000123858 0.548015 0)
(-0.000410105 0.169397 0)
(-0.00449409 0.476215 0)
(-0.0154144 0.764877 0)
(-0.0276527 1.03596 0)
(-0.0354558 1.22958 0)
(-0.0407688 1.34054 0)
(-0.0422328 1.40146 0)
(-0.0437583 1.4286 0)
(-0.0331791 1.43387 0)
(-0.0409254 1.4475 0)
(-0.0179717 1.54606 0)
(-0.0361736 1.78021 0)
(-0.0300061 2.40815 0)
(-0.0388513 2.90165 0)
(-0.0377127 3.07372 0)
(-0.0374184 3.10051 0)
(-0.0336799 2.97089 0)
(-0.0275236 2.55121 0)
(-0.0128054 1.72535 0)
(0.000692283 0.526821 0)
(-9.70915e-05 0.175837 0)
(-0.00224336 0.495629 0)
(-0.00963324 0.789855 0)
(-0.0189777 1.05569 0)
(-0.0252524 1.24242 0)
(-0.0305024 1.34828 0)
(-0.032589 1.4045 0)
(-0.0356649 1.42749 0)
(-0.0273009 1.43059 0)
(-0.0372002 1.44474 0)
(-0.0161368 1.5455 0)
(-0.0341973 1.78549 0)
(-0.0292483 2.41287 0)
(-0.0370104 2.90355 0)
(-0.0354776 3.07148 0)
(-0.0345919 3.0946 0)
(-0.0310203 2.95432 0)
(-0.0249787 2.51502 0)
(-0.0103626 1.66935 0)
(0.000944499 0.506912 0)
(5.9784e-05 0.178951 0)
(-0.000943477 0.508547 0)
(-0.00596364 0.809201 0)
(-0.0135716 1.07173 0)
(-0.0187327 1.25266 0)
(-0.0236324 1.35451 0)
(-0.025833 1.40718 0)
(-0.0294738 1.42725 0)
(-0.0221819 1.42897 0)
(-0.0331939 1.44253 0)
(-0.0144281 1.54444 0)
(-0.0318451 1.7878 0)
(-0.0282143 2.41492 0)
(-0.035682 2.90426 0)
(-0.0340167 3.07006 0)
(-0.0335033 3.09091 0)
(-0.0299428 2.94575 0)
(-0.0237176 2.49595 0)
(-0.00897 1.63307 0)
(0.000875055 0.495453 0)
(7.70702e-05 0.17991 0)
(-0.000386197 0.516098 0)
(-0.0035988 0.823741 0)
(-0.00945631 1.08594 0)
(-0.0141575 1.26347 0)
(-0.0186293 1.36246 0)
(-0.0208335 1.41201 0)
(-0.0253143 1.42948 0)
(-0.0189465 1.4292 0)
(-0.0300659 1.44182 0)
(-0.0126525 1.54455 0)
(-0.0302916 1.79348 0)
(-0.0269824 2.41924 0)
(-0.0338308 2.90609 0)
(-0.0329042 3.06847 0)
(-0.0318366 3.08571 0)
(-0.0288336 2.92975 0)
(-0.0229664 2.45992 0)
(-0.00820237 1.58083 0)
(0.000728298 0.48001 0)
(0.000114965 0.180012 0)
(-4.42118e-05 0.520316 0)
(-0.00225876 0.832486 0)
(-0.00669451 1.09456 0)
(-0.0103739 1.26967 0)
(-0.0145041 1.36688 0)
(-0.0164071 1.4149 0)
(-0.0213587 1.43094 0)
(-0.0155662 1.42959 0)
(-0.026893 1.44134 0)
(-0.01124 1.54495 0)
(-0.0284709 1.79671 0)
(-0.0257261 2.42181 0)
(-0.0329034 2.90741 0)
(-0.031801 3.06756 0)
(-0.0314637 3.08292 0)
(-0.028754 2.92179 0)
(-0.0225539 2.44158 0)
(-0.00751046 1.54964 0)
(0.000403389 0.471669 0)
(0.000128541 0.179777 0)
(0.000128435 0.524067 0)
(-0.00147805 0.84194 0)
(-0.0051299 1.10508 0)
(-0.00837079 1.27885 0)
(-0.0122649 1.37364 0)
(-0.0135094 1.41907 0)
(-0.0185164 1.4331 0)
(-0.0127794 1.43053 0)
(-0.024388 1.44152 0)
(-0.00963796 1.54672 0)
(-0.0266704 1.80385 0)
(-0.0249138 2.42752 0)
(-0.0319679 2.91055 0)
(-0.0312374 3.06758 0)
(-0.0306974 3.07875 0)
(-0.0279882 2.90618 0)
(-0.0219218 2.40519 0)
(-0.00722193 1.49985 0)
(0.000297636 0.45668 0)
(7.26236e-05 0.179358 0)
(-0.000121547 0.52563 0)
(-0.00155337 0.846405 0)
(-0.0046318 1.10985 0)
(-0.00736431 1.28326 0)
(-0.0110289 1.37703 0)
(-0.0121337 1.42096 0)
(-0.0167998 1.43388 0)
(-0.0112876 1.43098 0)
(-0.0228257 1.44191 0)
(-0.00861533 1.54766 0)
(-0.0253342 1.80767 0)
(-0.0239523 2.43102 0)
(-0.0315705 2.91264 0)
(-0.0312481 3.06788 0)
(-0.0313613 3.07687 0)
(-0.0286059 2.89813 0)
(-0.0219173 2.38629 0)
(-0.00673266 1.47277 0)
(8.67554e-05 0.449478 0)
(6.08533e-05 0.179674 0)
(-0.00022959 0.529095 0)
(-0.0016452 0.853929 0)
(-0.00453289 1.11807 0)
(-0.00698173 1.29019 0)
(-0.0100927 1.38241 0)
(-0.01092 1.42421 0)
(-0.0154176 1.43569 0)
(-0.0103731 1.43237 0)
(-0.0216904 1.44236 0)
(-0.00775211 1.54951 0)
(-0.0245863 1.81556 0)
(-0.0241197 2.43837 0)
(-0.0319735 2.91702 0)
(-0.0317084 3.06815 0)
(-0.0316058 3.07334 0)
(-0.0286066 2.88185 0)
(-0.0217694 2.34813 0)
(-0.0069018 1.42403 0)
(4.46919e-05 0.434525 0)
(1.64824e-05 0.179694 0)
(-0.000334743 0.530813 0)
(-0.00180342 0.857371 0)
(-0.00438758 1.12182 0)
(-0.00705753 1.29334 0)
(-0.00989088 1.38485 0)
(-0.0106742 1.42576 0)
(-0.0151352 1.43665 0)
(-0.0106546 1.43318 0)
(-0.0213985 1.44267 0)
(-0.00783174 1.55027 0)
(-0.0233309 1.81969 0)
(-0.0238501 2.44253 0)
(-0.0325493 2.91947 0)
(-0.0323838 3.06925 0)
(-0.0329115 3.07172 0)
(-0.0296908 2.87323 0)
(-0.0219388 2.3283 0)
(-0.00629384 1.40059 0)
(0.000163869 0.428885 0)
(-0.00016566 0.181604 0)
(-0.000787884 0.536456 0)
(-0.00239977 0.866336 0)
(-0.00467911 1.13114 0)
(-0.0071701 1.30125 0)
(-0.00989847 1.39082 0)
(-0.0110109 1.42982 0)
(-0.0150886 1.43932 0)
(-0.0117921 1.43583 0)
(-0.0217061 1.44287 0)
(-0.00964069 1.55225 0)
(-0.0248134 1.83046 0)
(-0.0253619 2.4541 0)
(-0.0342 2.92601 0)
(-0.0334298 3.06942 0)
(-0.0333957 3.06649 0)
(-0.0297702 2.84977 0)
(-0.0218662 2.27622 0)
(-0.0075208 1.34035 0)
(-0.00110524 0.407888 0)
(-0.235457 1.56485 1.26408e-22)
(0.394215 3.2321 1.78207e-20)
(0.0904311 3.46363 6.31914e-20)
(0.197021 3.43314 0)
(0.155702 3.38801 0)
(0.149864 3.34142 -3.78345e-19)
(0.15214 3.31494 3.91168e-19)
(0.124971 3.27288 -4.1242e-19)
(0.11255 3.18051 7.61375e-21)
(0.0950708 2.56889 5.65791e-19)
(-0.105282 2.3198 1.04652e-23)
(0.130015 3.28751 1.66136e-19)
(0.00933806 3.4366 0)
(0.0959154 3.38995 0)
(0.0714428 3.34431 1.12288e-20)
(0.0765252 3.30725 7.84661e-19)
(0.0729205 3.27681 -4.37605e-19)
(0.0494307 3.24164 -7.35234e-21)
(0.0499164 3.08437 7.01325e-21)
(0.000652323 2.08729 0)
(-0.0279717 2.07079 1.79615e-19)
(0.0847656 3.13954 -1.9019e-19)
(0.0227735 3.34467 0)
(0.071029 3.32434 3.61155e-19)
(0.0506755 3.30289 -1.3509e-21)
(0.0515205 3.28154 -4.08067e-19)
(0.0453508 3.26639 -5.06989e-19)
(0.0299697 3.24608 -2.11248e-22)
(0.0406091 3.11967 7.23531e-21)
(-0.0168197 2.21194 0)
(-0.0409127 2.01615 -4.55453e-20)
(0.0273238 3.11692 0)
(-0.0144009 3.30846 -1.90982e-19)
(0.0203798 3.30712 -1.56885e-19)
(0.0156268 3.28346 1.42654e-20)
(0.0216512 3.26146 -2.64434e-19)
(0.0266406 3.24655 2.35494e-19)
(0.0212111 3.23369 -8.46101e-21)
(0.0418153 3.12571 1.11617e-20)
(0.00718615 2.2507 2.90793e-19)
(-0.0529678 2.02409 -1.47807e-19)
(0.0127861 3.08939 0)
(-0.00805994 3.26658 4.1236e-19)
(0.0105917 3.26203 -2.27772e-19)
(0.0137204 3.24822 -6.98455e-22)
(0.0165203 3.2378 -2.14204e-21)
(0.0212066 3.23325 -1.55514e-20)
(0.0217745 3.22438 -3.00618e-19)
(0.0428799 3.12783 8.25859e-21)
(-0.00312807 2.31231 -6.09185e-19)
(-0.0500143 2.08378 0)
(-0.010502 3.08568 -2.27088e-19)
(-0.0287722 3.2426 1.89369e-20)
(-0.0153848 3.24683 -1.57997e-20)
(-0.0059207 3.23219 1.61867e-20)
(0.00312995 3.21967 2.68765e-19)
(0.015479 3.21143 2.81162e-19)
(0.0208854 3.20546 5.91544e-19)
(0.0426974 3.12405 3.27889e-19)
(0.0105782 2.35431 -1.66864e-20)
(-0.0513005 2.1409 0)
(-0.0200288 3.08181 2.34944e-19)
(-0.0192702 3.21378 -2.46639e-19)
(-0.0117461 3.21272 -1.70719e-20)
(-0.00048578 3.20248 3.53035e-20)
(0.00743185 3.19605 3.64711e-22)
(0.016584 3.19534 -1.89903e-20)
(0.0218205 3.19114 -3.09325e-19)
(0.042315 3.12167 -3.18906e-19)
(0.00384192 2.41984 -1.72822e-20)
(-0.0476971 2.22806 2.71181e-19)
(-0.0286903 3.08538 -1.25991e-20)
(-0.0322165 3.19386 8.69348e-21)
(-0.0237553 3.19533 0)
(-0.0134972 3.18548 0)
(-0.00134509 3.17774 0)
(0.0131347 3.17197 0)
(0.0206375 3.16934 3.45192e-19)
(0.0412066 3.11265 -3.55727e-19)
(0.0153259 2.46393 3.51555e-19)
(-0.0464176 2.30637 2.63494e-20)
(-0.0330006 3.08465 2.88935e-19)
(-0.0211404 3.16956 0)
(-0.0146334 3.16539 -1.94632e-20)
(-0.00401478 3.1577 1.99049e-20)
(0.0052527 3.15338 0)
(0.0149772 3.15401 -1.07937e-20)
(0.0207347 3.15286 -3.35027e-19)
(0.0401511 3.10933 3.57131e-19)
(0.0104164 2.53309 0)
(-0.0437355 2.40348 1.60085e-20)
(-0.0358674 3.08619 -4.4315e-19)
(-0.0300744 3.14974 0)
(-0.022498 3.14685 0)
(-0.0136733 3.13909 2.13583e-20)
(-0.00208007 3.13348 -1.80268e-19)
(0.0115281 3.12919 -2.25386e-20)
(0.0191663 3.12931 1.92164e-19)
(0.0385868 3.09616 0)
(0.0192122 2.58107 0)
(-0.0400653 2.49054 -4.68516e-19)
(-0.0385654 3.08228 1.58791e-19)
(-0.0205964 3.12431 0)
(-0.0128428 3.11629 0)
(-0.00336147 3.10962 0)
(0.00555247 3.10675 3.71344e-19)
(0.0144731 3.10867 0)
(0.0201638 3.11069 -2.05018e-19)
(0.0378578 3.09052 1.26709e-20)
(0.0149478 2.65384 2.14666e-19)
(-0.0377239 2.58961 1.67153e-19)
(-0.0398173 3.07581 -1.62521e-20)
(-0.0296425 3.10134 1.94784e-19)
(-0.0210565 3.09503 1.89346e-19)
(-0.0124433 3.08839 0)
(-0.00076001 3.08408 -1.9085e-19)
(0.0124156 3.08145 0)
(0.0209921 3.08447 0)
(0.0385325 3.07216 0)
(0.0222869 2.70643 -2.15663e-19)
(-0.035118 2.67835 -1.7702e-19)
(-0.0429696 3.06239 1.82797e-19)
(-0.0235499 3.07219 -1.83611e-19)
(-0.0130724 3.06222 -2.89523e-19)
(-0.00281272 3.05704 0)
(0.007109 3.05562 2.59017e-20)
(0.016825 3.05868 -1.32218e-20)
(0.0247851 3.06317 9.86004e-20)
(0.0417162 3.06164 1.22426e-19)
(0.0208462 2.78045 -1.25976e-19)
(-0.0343633 2.77308 1.81631e-19)
(-0.0460828 3.04531 -1.75127e-19)
(-0.0329388 3.04589 1.24842e-20)
(-0.0209208 3.04033 7.37459e-20)
(-0.0111946 3.03621 -1.05889e-19)
(0.000304059 3.03366 0)
(0.0137921 3.03209 1.138e-19)
(0.0256211 3.03558 4.95074e-21)
(0.0446169 3.03659 -2.36986e-19)
(0.0286853 2.83262 -6.55253e-21)
(-0.0295759 2.85511 -5.19029e-20)
(-0.044263 3.02151 1.26901e-20)
(-0.0231665 3.01777 -6.58649e-20)
(-0.0111838 3.01443 2.69634e-20)
(-0.00221472 3.01412 1.29045e-19)
(0.00627115 3.01344 -5.48793e-20)
(0.0144896 3.01423 -5.46185e-20)
(0.0233456 3.01706 -5.67156e-20)
(0.041812 3.02184 1.21737e-19)
(0.0248361 2.90033 5.95089e-20)
(-0.017642 2.94059 4.17233e-20)
(-0.0259814 3.00086 1.84459e-20)
(-0.0161496 3.00085 3.62954e-20)
(-0.00938069 3.00161 -7.43925e-20)
(-0.00416328 3.00264 2.51407e-20)
(0.000684047 3.00215 5.11053e-20)
(0.00542543 3.00065 -5.33519e-20)
(0.0107338 2.999 -5.57213e-20)
(0.0217967 2.99714 7.54646e-21)
(0.0165215 2.94913 5.35261e-20)
)
;

boundaryField
{
    wall-4
    {
        type            noSlip;
    }
    pressure-outlet-7
    {
        type            zeroGradient;
    }
    velocity-inlet-6
    {
        type            fixedValue;
        value           uniform (0 3 0);
    }
    velocity-inlet-5
    {
        type            fixedValue;
        value           uniform (1 0 0);
    }
    frontAndBackPlanes
    {
        type            empty;
    }
}


// ************************************************************************* //
