/*--------------------------------*- C++ -*----------------------------------*\
| =========                 |                                                 |
| \\      /  F ield         | OpenFOAM: The Open Source CFD Toolbox           |
|  \\    /   O peration     | Version:  v2012                                 |
|   \\  /    A nd           | Website:  www.openfoam.com                      |
|    \\/     M anipulation  |                                                 |
\*---------------------------------------------------------------------------*/
FoamFile
{
    version     2.0;
    format      ascii;
    class       volVectorField;
    location    "27";
    object      U;
}
// * * * * * * * * * * * * * * * * * * * * * * * * * * * * * * * * * * * * * //

dimensions      [0 1 -1 0 0 0 0];


internalField   nonuniform List<vector> 
2200
(
(0.878841 -0.0304127 0)
(1.00577 -0.0512884 0)
(1.00321 -0.0354053 0)
(1.00017 -0.0244644 0)
(0.999803 -0.0167313 0)
(0.999947 -0.0108272 0)
(0.999985 -0.00693212 0)
(1.00005 -0.004255 0)
(1.00008 -0.00225815 0)
(1.00016 -0.000666002 0)
(1.00009 0.000900266 0)
(1.00007 0.00250542 0)
(1.00008 0.00447413 0)
(0.999971 0.00714936 0)
(0.99999 0.0109921 0)
(0.999803 0.0168047 0)
(1.00016 0.0245411 0)
(1.00335 0.0352925 0)
(1.00584 0.0513351 0)
(0.878914 0.0304029 0)
(0.711991 -0.0327617 0)
(0.99663 -0.0630059 0)
(1.03335 -0.0561482 0)
(1.02489 -0.0463506 0)
(1.01582 -0.0359919 0)
(1.00972 -0.0262318 0)
(1.00601 -0.0179562 0)
(1.00372 -0.0113536 0)
(1.00242 -0.00613846 0)
(1.00196 -0.00175175 0)
(1.00187 0.00252976 0)
(1.0024 0.00689705 0)
(1.00364 0.0120404 0)
(1.00598 0.0185042 0)
(1.00954 0.0267351 0)
(1.01567 0.0365187 0)
(1.02478 0.0468016 0)
(1.03307 0.0569631 0)
(0.996534 0.0631423 0)
(0.711706 0.0328857 0)
(0.535568 -0.0238868 0)
(0.96991 -0.0569313 0)
(1.05647 -0.0547152 0)
(1.05233 -0.0487932 0)
(1.03633 -0.0403773 0)
(1.02439 -0.0321131 0)
(1.01578 -0.0240231 0)
(1.01034 -0.0162274 0)
(1.00733 -0.0089876 0)
(1.00593 -0.00250106 0)
(1.00594 0.00377324 0)
(1.00723 0.0101925 0)
(1.01016 0.0172756 0)
(1.0154 0.0249376 0)
(1.02409 0.0328084 0)
(1.03613 0.0409569 0)
(1.05211 0.0492981 0)
(1.05635 0.0540426 0)
(0.969298 0.0574146 0)
(0.534715 0.0238828 0)
(0.392301 -0.0136413 0)
(0.911687 -0.0463698 0)
(1.05746 -0.046956 0)
(1.06964 -0.0444128 0)
(1.05512 -0.0383935 0)
(1.03939 -0.0317981 0)
(1.02737 -0.0249624 0)
(1.01882 -0.0177475 0)
(1.01347 -0.0102971 0)
(1.01099 -0.00277388 0)
(1.01088 0.00475113 0)
(1.01319 0.0120699 0)
(1.01839 0.019236 0)
(1.02696 0.0262158 0)
(1.03889 0.0329474 0)
(1.0545 0.039317 0)
(1.06882 0.0452784 0)
(1.05612 0.0478821 0)
(0.910376 0.0466926 0)
(0.390738 0.0137374 0)
(0.307931 -0.00447021 0)
(0.846886 -0.0322588 0)
(1.04922 -0.0397173 0)
(1.07908 -0.0379768 0)
(1.06792 -0.0335221 0)
(1.05171 -0.0281537 0)
(1.03833 -0.0227044 0)
(1.02805 -0.0166661 0)
(1.02088 -0.00986464 0)
(1.0171 -0.00249158 0)
(1.01688 0.00502283 0)
(1.02031 0.0122769 0)
(1.02733 0.0189134 0)
(1.0375 0.0247966 0)
(1.05067 0.0298043 0)
(1.06677 0.034935 0)
(1.0777 0.0391016 0)
(1.04763 0.0408501 0)
(0.84433 0.0326112 0)
(0.305369 0.00461544 0)
(0.264761 0.000133247 0)
(0.789478 -0.0199592 0)
(1.03345 -0.0312946 0)
(1.08313 -0.031785 0)
(1.07668 -0.0284801 0)
(1.06036 -0.023685 0)
(1.04718 -0.0195012 0)
(1.03649 -0.0145232 0)
(1.0287 -0.00858663 0)
(1.0243 -0.00175625 0)
(1.0241 0.00523061 0)
(1.02813 0.0118738 0)
(1.03556 0.0174549 0)
(1.04573 0.0219279 0)
(1.05882 0.0258668 0)
(1.07511 0.0303224 0)
(1.08122 0.0331985 0)
(1.03076 0.0325004 0)
(0.785287 0.0204083 0)
(0.261217 -2.4076e-08 0)
(0.240884 0.00104269 0)
(0.738699 -0.012203 0)
(1.01374 -0.0249627 0)
(1.08381 -0.026745 0)
(1.08247 -0.0243056 0)
(1.06717 -0.0201133 0)
(1.05382 -0.0162276 0)
(1.04319 -0.011946 0)
(1.03511 -0.00699187 0)
(1.03025 -0.00109089 0)
(1.02987 0.00527038 0)
(1.034 0.0108502 0)
(1.04151 0.0153965 0)
(1.05211 0.0192948 0)
(1.06522 0.0228276 0)
(1.08007 0.026526 0)
(1.08085 0.0285394 0)
(1.00946 0.0262944 0)
(0.732495 0.0127525 0)
(0.236218 -0.000903993 0)
(0.226868 0.000975377 0)
(0.696755 -0.00777094 0)
(0.993294 -0.0200915 0)
(1.08225 -0.0224924 0)
(1.08663 -0.0207134 0)
(1.07275 -0.0172699 0)
(1.05918 -0.0136071 0)
(1.04852 -0.00962072 0)
(1.0405 -0.00515548 0)
(1.03557 -1.44574e-05 0)
(1.03505 0.00562993 0)
(1.03909 0.0104162 0)
(1.04648 0.0142697 0)
(1.05648 0.0177242 0)
(1.06972 0.0205698 0)
(1.08328 0.0235161 0)
(1.0782 0.024793 0)
(0.987222 0.0217118 0)
(0.688274 0.00844306 0)
(0.22094 -0.000831816 0)
(0.217977 0.000746104 0)
(0.663015 -0.00519902 0)
(0.973493 -0.0165723 0)
(1.07895 -0.0191732 0)
(1.08927 -0.0178722 0)
(1.07704 -0.0150094 0)
(1.06354 -0.0117298 0)
(1.05302 -0.00799785 0)
(1.04535 -0.00381196 0)
(1.04071 0.000911306 0)
(1.04006 0.00592427 0)
(1.0435 0.0101708 0)
(1.05031 0.0137927 0)
(1.05998 0.0166133 0)
(1.07323 0.0195421 0)
(1.08471 0.0217726 0)
(1.07299 0.0222109 0)
(0.964441 0.0186466 0)
(0.651232 0.00610649 0)
(0.210319 -0.000544824 0)
(0.211673 0.000374665 0)
(0.635601 -0.00364774 0)
(0.954761 -0.0138375 0)
(1.07524 -0.0166205 0)
(1.09148 -0.0157222 0)
(1.08066 -0.0132861 0)
(1.06695 -0.0101924 0)
(1.05643 -0.00655706 0)
(1.04888 -0.00241133 0)
(1.04438 0.00210617 0)
(1.0434 0.00648268 0)
(1.04624 0.0104541 0)
(1.05248 0.0136553 0)
(1.0625 0.0164565 0)
(1.07558 0.0185365 0)
(1.08524 0.0199417 0)
(1.0673 0.0200451 0)
(0.943287 0.0162357 0)
(0.620757 0.00465664 0)
(0.202153 -0.000151982 0)
(0.20728 0.000125474 0)
(0.615557 -0.00216825 0)
(0.939509 -0.0105935 0)
(1.07244 -0.0132375 0)
(1.09392 -0.0124902 0)
(1.08431 -0.0105972 0)
(1.07031 -0.0081297 0)
(1.05934 -0.00498264 0)
(1.05138 -0.00118085 0)
(1.0465 0.00321142 0)
(1.04522 0.00734311 0)
(1.04796 0.0110912 0)
(1.05427 0.0139154 0)
(1.06398 0.0160414 0)
(1.07719 0.0171789 0)
(1.08576 0.0181862 0)
(1.06159 0.0179112 0)
(0.923187 0.0136787 0)
(0.595684 0.00350699 0)
(0.195098 0.000190509 0)
(0.204498 -8.25537e-06 0)
(0.601767 -0.000896299 0)
(0.925825 -0.00715662 0)
(1.06965 -0.00954563 0)
(1.09645 -0.00889226 0)
(1.08795 -0.00708265 0)
(1.07407 -0.00475908 0)
(1.06284 -0.0019889 0)
(1.05424 0.0011353 0)
(1.04859 0.00487705 0)
(1.04704 0.00840954 0)
(1.04999 0.0112301 0)
(1.05667 0.0130619 0)
(1.06646 0.0141352 0)
(1.07934 0.015356 0)
(1.08595 0.0157941 0)
(1.05576 0.0149422 0)
(0.905561 0.0106609 0)
(0.577407 0.00248497 0)
(0.189407 0.00033152 0)
(0.203624 -0.000127276 0)
(0.594082 8.54818e-05 0)
(0.91624 -0.00365395 0)
(1.0677 -0.0058308 0)
(1.09889 -0.00520973 0)
(1.0916 -0.0035016 0)
(1.0783 -0.00139616 0)
(1.06734 0.00103466 0)
(1.05868 0.00375295 0)
(1.05269 0.00669921 0)
(1.05068 0.0094558 0)
(1.05303 0.0112928 0)
(1.05901 0.0124179 0)
(1.06829 0.0133195 0)
(1.08044 0.0136418 0)
(1.08531 0.0137435 0)
(1.04924 0.0125288 0)
(0.889537 0.0081409 0)
(0.563609 0.00182695 0)
(0.184613 0.00035141 0)
(0.204144 -9.16651e-05 0)
(0.592116 0.000953227 0)
(0.9094 -0.00103467 0)
(1.0659 -0.00294741 0)
(1.10116 -0.00234847 0)
(1.09487 -0.000603185 0)
(1.0818 0.00152266 0)
(1.07089 0.0039614 0)
(1.06233 0.00662885 0)
(1.05623 0.00919653 0)
(1.05358 0.0115652 0)
(1.0549 0.0128074 0)
(1.0599 0.0133743 0)
(1.0683 0.013544 0)
(1.07987 0.0129472 0)
(1.08309 0.0124112 0)
(1.04165 0.0107645 0)
(0.875543 0.00644568 0)
(0.55349 0.0016092 0)
(0.180789 0.000358124 0)
(0.206242 0.000280687 0)
(0.592828 0.0013654 0)
(0.90554 0.00108473 0)
(1.06489 0.000198447 0)
(1.10282 0.000985892 0)
(1.09722 0.00248472 0)
(1.08397 0.00437824 0)
(1.0727 0.00661325 0)
(1.06378 0.00918919 0)
(1.0573 0.0116147 0)
(1.05409 0.013708 0)
(1.05491 0.0144741 0)
(1.05954 0.0145382 0)
(1.06768 0.014074 0)
(1.07865 0.0130049 0)
(1.08063 0.012118 0)
(1.03476 0.0101081 0)
(0.863746 0.00571067 0)
(0.544739 0.0016855 0)
(0.177028 0.000385349 0)
(0.209479 0.000475287 0)
(0.595736 0.00199295 0)
(0.905865 0.00327502 0)
(1.06482 0.00288671 0)
(1.10488 0.00407582 0)
(1.0997 0.0057816 0)
(1.08626 0.00772065 0)
(1.07445 0.0100263 0)
(1.06489 0.0125348 0)
(1.05764 0.0149145 0)
(1.0536 0.016663 0)
(1.05369 0.0169783 0)
(1.05804 0.0163512 0)
(1.066 0.0152144 0)
(1.07614 0.0137743 0)
(1.07627 0.0120957 0)
(1.02629 0.00931988 0)
(0.852097 0.00514293 0)
(0.536699 0.00175772 0)
(0.17334 0.000388653 0)
(0.215203 0.00058262 0)
(0.603623 0.00280485 0)
(0.90926 0.00489923 0)
(1.067 0.0058298 0)
(1.10761 0.00717016 0)
(1.10296 0.00890909 0)
(1.08964 0.0110397 0)
(1.07773 0.0136285 0)
(1.06767 0.0162625 0)
(1.05945 0.0187585 0)
(1.05419 0.0202032 0)
(1.05302 0.0201034 0)
(1.05646 0.0188595 0)
(1.06369 0.0169977 0)
(1.07299 0.0149893 0)
(1.07178 0.0128888 0)
(1.01888 0.00981191 0)
(0.842436 0.00556437 0)
(0.528891 0.00208345 0)
(0.169317 0.000424091 0)
(0.220587 0.000638597 0)
(0.611049 0.00317287 0)
(0.913869 0.00614549 0)
(1.06991 0.00754808 0)
(1.11118 0.00927947 0)
(1.10696 0.0115829 0)
(1.09374 0.0142476 0)
(1.08177 0.0174561 0)
(1.07132 0.0207362 0)
(1.0623 0.0237714 0)
(1.05571 0.0251625 0)
(1.05302 0.0248559 0)
(1.0549 0.0232386 0)
(1.06098 0.0209943 0)
(1.069 0.0182458 0)
(1.06558 0.0149838 0)
(1.00865 0.0109136 0)
(0.829882 0.00634584 0)
(0.519111 0.00260648 0)
(0.164378 0.000513843 0)
(0.228965 0.000838206 0)
(0.624688 0.00411166 0)
(0.923261 0.00828741 0)
(1.07473 0.0106381 0)
(1.11517 0.0124636 0)
(1.11133 0.0147681 0)
(1.09813 0.0179137 0)
(1.08581 0.0218537 0)
(1.07452 0.0258991 0)
(1.06412 0.0295884 0)
(1.05566 0.0311847 0)
(1.05164 0.0308148 0)
(1.05216 0.0287146 0)
(1.05712 0.0255662 0)
(1.06342 0.022113 0)
(1.05827 0.0179652 0)
(0.999046 0.0132195 0)
(0.819211 0.00799901 0)
(0.508747 0.00334336 0)
(0.15845 0.000638214 0)
(0.237661 0.0011344 0)
(0.637542 0.00496331 0)
(0.933091 0.0101068 0)
(1.08052 0.0133883 0)
(1.11973 0.0160712 0)
(1.11623 0.0191897 0)
(1.10317 0.023326 0)
(1.09036 0.028073 0)
(1.07796 0.0329824 0)
(1.06596 0.0372184 0)
(1.05585 0.0387802 0)
(1.0501 0.0378001 0)
(1.04874 0.0350747 0)
(1.0521 0.0312677 0)
(1.05634 0.027068 0)
(1.04816 0.0214897 0)
(0.98462 0.0154479 0)
(0.801853 0.00934887 0)
(0.493613 0.00403845 0)
(0.150566 0.000767928 0)
(0.250757 0.00145283 0)
(0.657481 0.00679013 0)
(0.947893 0.0134879 0)
(1.08862 0.0181088 0)
(1.12558 0.0213782 0)
(1.12266 0.0253672 0)
(1.10982 0.0302004 0)
(1.0963 0.0360125 0)
(1.08234 0.0417043 0)
(1.06791 0.0461311 0)
(1.05502 0.047462 0)
(1.04703 0.0459026 0)
(1.04417 0.0422725 0)
(1.04561 0.0371338 0)
(1.04755 0.0315172 0)
(1.03661 0.0249397 0)
(0.971122 0.0181067 0)
(0.788092 0.0113441 0)
(0.479172 0.00485086 0)
(0.142041 0.000870132 0)
(0.266199 0.00197939 0)
(0.681043 0.00823737 0)
(0.966564 0.0171219 0)
(1.10029 0.023352 0)
(1.13426 0.0284345 0)
(1.13104 0.0335973 0)
(1.1178 0.0400934 0)
(1.10316 0.0469457 0)
(1.08729 0.0533447 0)
(1.07044 0.0578479 0)
(1.05524 0.0585836 0)
(1.04482 0.0555139 0)
(1.039 0.0503866 0)
(1.0377 0.0442381 0)
(1.03684 0.0372956 0)
(1.02221 0.029607 0)
(0.951878 0.0214122 0)
(0.763959 0.0133486 0)
(0.456751 0.00572105 0)
(0.130637 0.00102171 0)
(0.287855 0.00280681 0)
(0.712928 0.0120611 0)
(0.991425 0.0230433 0)
(1.1155 0.0316249 0)
(1.14499 0.0378484 0)
(1.14135 0.0453283 0)
(1.1273 0.0530479 0)
(1.11087 0.0609147 0)
(1.09233 0.0677949 0)
(1.07201 0.0717413 0)
(1.05286 0.0711182 0)
(1.03925 0.0665067 0)
(1.03173 0.0599043 0)
(1.02814 0.0519716 0)
(1.02436 0.0434455 0)
(1.00659 0.0343602 0)
(0.933769 0.0252205 0)
(0.745272 0.0162386 0)
(0.436821 0.00691671 0)
(0.119055 0.00111131 0)
(0.318078 0.00385924 0)
(0.755842 0.0149228 0)
(1.02357 0.0303396 0)
(1.13623 0.0415061 0)
(1.16079 0.0510831 0)
(1.15453 0.0607601 0)
(1.13812 0.0702723 0)
(1.11873 0.0791825 0)
(1.09679 0.0859189 0)
(1.07288 0.088837 0)
(1.05074 0.0865294 0)
(1.03434 0.0797959 0)
(1.02298 0.0707689 0)
(1.01609 0.0612326 0)
(1.00954 0.0512586 0)
(0.987978 0.0411612 0)
(0.90892 0.0304293 0)
(0.711441 0.0193185 0)
(0.403393 0.00788841 0)
(0.102959 0.00125339 0)
(0.354627 0.0077208 0)
(0.809067 0.0246324 0)
(1.06499 0.0428864 0)
(1.16315 0.058168 0)
(1.17978 0.0693509 0)
(1.17002 0.0821761 0)
(1.14993 0.0931294 0)
(1.1267 0.102197 0)
(1.1005 0.108185 0)
(1.07195 0.10939 0)
(1.04495 0.104444 0)
(1.02451 0.0946553 0)
(1.01172 0.0836844 0)
(1.00281 0.0720427 0)
(0.992988 0.0602867 0)
(0.967413 0.0482465 0)
(0.883477 0.0359219 0)
(0.684138 0.0230902 0)
(0.376671 0.0095776 0)
(0.0885493 0.00117326 0)
(0.4376 0.0113986 0)
(0.890239 0.0349371 0)
(1.11958 0.062647 0)
(1.19613 0.0817918 0)
(1.20468 0.0964118 1.8341e-34)
(1.18781 0.112173 -9.56546e-35)
(1.16238 0.122916 0)
(1.13411 0.13114 0)
(1.10285 0.135228 0)
(1.06959 0.13339 0)
(1.03892 0.124827 0)
(1.01573 0.112575 0)
(0.998528 0.098717 0)
(0.985961 0.085163 0)
(0.973533 0.0718598 0)
(0.943283 0.0586854 0)
(0.850363 0.0441127 0)
(0.636146 0.0280557 0)
(0.326218 0.00994515 0)
(0.066223 0.00090546 0)
(0.506023 0.0263586 3.47241e-21)
(0.983207 0.0591451 -3.12229e-21)
(1.17841 0.0950944 0)
(1.23181 0.117532 6.16725e-21)
(1.23062 0.135752 -4.99705e-21)
(1.20529 0.151173 1.00921e-34)
(1.1739 0.160711 0)
(1.13978 0.167228 7.01899e-21)
(1.10282 0.168843 -2.42261e-20)
(1.06393 0.163995 5.17597e-21)
(1.02785 0.152428 0)
(0.999548 0.135925 -1.54261e-20)
(0.980356 0.119544 -1.90144e-20)
(0.96553 0.103657 3.33696e-20)
(0.947805 0.0883536 -2.66812e-20)
(0.908979 0.0722312 0)
(0.801992 0.0543369 -1.00545e-20)
(0.573895 0.0338566 0)
(0.274819 0.0136189 -5.45929e-20)
(0.0482838 0.00150845 6.45555e-20)
(0.537234 0.054705 -1.15825e-21)
(1.03886 0.102157 -1.44223e-20)
(1.22328 0.146361 8.23272e-21)
(1.26419 0.165838 3.6608e-22)
(1.25411 0.184233 -9.99322e-21)
(1.22074 0.197592 1.68733e-20)
(1.1831 0.205284 0)
(1.14278 0.209879 0)
(1.09991 0.208903 3.82319e-20)
(1.05507 0.200777 0)
(1.01298 0.184919 5.39781e-20)
(0.979961 0.166387 1.65505e-20)
(0.954475 0.148543 3.30583e-22)
(0.93356 0.131436 -3.71592e-20)
(0.912918 0.115178 0)
(0.870813 0.0989874 0)
(0.760884 0.0760277 -1.68107e-19)
(0.540142 0.051107 4.21118e-19)
(0.261095 0.0215224 -2.50011e-19)
(0.0456013 0.00459604 -2.95973e-19)
(0.541371 0.0778392 5.01857e-20)
(1.06985 0.159523 -1.36847e-20)
(1.25669 0.207959 -2.32819e-21)
(1.29019 0.225106 -3.13642e-21)
(1.2724 0.240916 1.38143e-20)
(1.2325 0.250263 -3.99613e-20)
(1.18905 0.254607 1.68635e-20)
(1.14285 0.256112 0)
(1.09415 0.251758 -7.99804e-20)
(1.04317 0.240502 8.13452e-20)
(0.996175 0.222509 -1.46968e-19)
(0.959342 0.20262 7.07414e-20)
(0.931532 0.182665 -5.00936e-20)
(0.909 0.164185 1.10611e-19)
(0.883313 0.146655 0)
(0.837844 0.128843 -4.25733e-20)
(0.731785 0.105235 0)
(0.527912 0.0705614 2.39192e-19)
(0.264942 0.0359067 -5.67747e-19)
(0.0554559 0.00723518 3.56036e-19)
(0.531004 0.110009 -2.62764e-19)
(1.08468 0.217465 1.03652e-19)
(1.27656 0.273961 1.60416e-20)
(1.30767 0.289462 0)
(1.28467 0.302235 -2.97882e-21)
(1.23987 0.306835 5.89178e-21)
(1.19151 0.30712 -1.79771e-20)
(1.14017 0.304837 0)
(1.08629 0.296724 5.66233e-20)
(1.03003 0.281668 -5.63534e-20)
(0.977531 0.260121 1.2885e-19)
(0.934379 0.235796 0)
(0.900884 0.214526 -1.05894e-19)
(0.873431 0.196189 5.86916e-20)
(0.849466 0.179777 1.56228e-19)
(0.808747 0.162871 -1.37505e-19)
(0.711498 0.136668 2.24951e-19)
(0.523978 0.0968618 -4.9888e-19)
(0.279168 0.052224 3.16048e-19)
(0.0676347 0.0129256 -3.95866e-19)
(0.516202 0.134223 1.71695e-19)
(1.08945 0.272561 -1.26786e-19)
(1.28685 0.340948 4.95657e-20)
(1.31683 0.354974 -6.15632e-20)
(1.29017 0.364808 3.57488e-20)
(1.24205 0.36491 -2.36189e-21)
(1.18989 0.361241 3.64649e-21)
(1.13423 0.355024 -4.87584e-20)
(1.07557 0.343 -5.78588e-20)
(1.01444 0.324306 -1.21384e-19)
(0.957749 0.299634 -2.77839e-19)
(0.913729 0.274965 -9.09148e-20)
(0.881264 0.254076 2.56911e-21)
(0.855773 0.235409 -2.0873e-19)
(0.826387 0.216991 -6.34493e-21)
(0.782572 0.196201 2.01602e-19)
(0.690739 0.167177 -6.22495e-20)
(0.519388 0.123094 -3.6233e-20)
(0.290196 0.0699493 0)
(0.0768033 0.0189654 8.48246e-19)
(0.497225 0.155141 0)
(1.08085 0.322375 4.12497e-20)
(1.28852 0.404567 0)
(1.3195 0.418774 -1.23119e-20)
(1.29036 0.426684 -4.83697e-20)
(1.23984 0.422787 -1.4766e-21)
(1.18473 0.415483 1.66783e-20)
(1.12577 0.405345 8.3443e-20)
(1.06369 0.389288 -3.3721e-20)
(0.999122 0.366614 5.56636e-20)
(0.938857 0.337854 1.49767e-19)
(0.88995 0.31006 2.00428e-19)
(0.85143 0.285215 -1.23924e-19)
(0.819913 0.263663 2.26541e-19)
(0.796775 0.245601 -1.81247e-19)
(0.761723 0.228697 0)
(0.68033 0.198746 -4.75643e-19)
(0.520861 0.150359 6.39642e-19)
(0.299189 0.0876596 4.81845e-20)
(0.0832023 0.024783 -8.99408e-19)
(0.482583 0.175942 -5.34652e-21)
(1.07237 0.371515 -1.13891e-19)
(1.28569 0.465958 -3.18398e-19)
(1.31734 0.48039 1.66223e-19)
(1.2861 0.486638 -2.41846e-20)
(1.2338 0.479263 6.25655e-21)
(1.17649 0.468705 2.29511e-20)
(1.11503 0.454931 -1.65081e-20)
(1.04991 0.435239 -1.25555e-19)
(0.981498 0.40892 4.73582e-22)
(0.918016 0.377448 -1.63431e-19)
(0.86838 0.346965 -2.14454e-19)
(0.833196 0.321528 1.38679e-19)
(0.808129 0.301929 -8.15168e-20)
(0.778818 0.283577 1.9728e-19)
(0.738624 0.259982 0)
(0.659595 0.228478 -2.95191e-19)
(0.511399 0.175463 4.36424e-19)
(0.3014 0.103524 8.32869e-19)
(0.0860578 0.0300103 -9.79502e-19)
(0.467543 0.193512 -5.57056e-19)
(1.05822 0.415973 2.80204e-19)
(1.27868 0.523509 2.06144e-19)
(1.31154 0.53902 -1.81413e-19)
(1.27861 0.544262 1.12573e-20)
(1.22504 0.533821 2.81824e-20)
(1.16604 0.520315 -1.89515e-20)
(1.1025 0.503201 -3.15837e-20)
(1.03481 0.48009 -7.48313e-20)
(0.963696 0.449901 1.26173e-19)
(0.897898 0.414179 1.57993e-19)
(0.8467 0.380153 3.37543e-19)
(0.807595 0.35285 0)
(0.774035 0.32872 5.67773e-21)
(0.751099 0.307598 -5.46619e-19)
(0.719595 0.289975 1.26051e-19)
(0.648803 0.256648 6.35272e-19)
(0.504606 0.199364 -1.86872e-19)
(0.295704 0.117971 3.94514e-19)
(0.0849852 0.0329161 -3.30586e-20)
(0.458429 0.21257 6.10902e-21)
(1.04686 0.459914 2.64204e-19)
(1.26967 0.57872 1.59721e-19)
(1.30308 0.595017 -3.36692e-19)
(1.26856 0.599068 1.95561e-19)
(1.21405 0.585884 -4.21475e-20)
(1.15371 0.569871 1.68401e-20)
(1.08847 0.549815 8.17948e-20)
(1.01869 0.523659 1.39414e-19)
(0.945293 0.490421 -1.55802e-19)
(0.877245 0.451643 0)
(0.82449 0.415324 -1.31372e-19)
(0.786279 0.384819 1.50827e-19)
(0.762005 0.360976 1.99193e-19)
(0.733664 0.340877 -1.14497e-19)
(0.696558 0.3154 -2.86714e-19)
(0.626175 0.281203 -8.67158e-20)
(0.489896 0.217293 -1.22728e-21)
(0.285985 0.127566 0)
(0.0811552 0.0352202 0)
(0.449921 0.228119 -2.84212e-19)
(1.03353 0.500044 0)
(1.25845 0.630138 1.8656e-19)
(1.29247 0.647899 -8.84844e-20)
(1.2567 0.65104 -2.00515e-19)
(1.20157 0.635371 5.61111e-20)
(1.14019 0.617145 1.2098e-20)
(1.07364 0.594508 -4.84391e-20)
(1.00222 0.565524 9.54213e-20)
(0.92711 0.528737 -5.93155e-20)
(0.857228 0.485528 8.92383e-20)
(0.802215 0.445813 4.12085e-19)
(0.762712 0.413503 1.35274e-20)
(0.727337 0.385775 -2.04505e-19)
(0.705794 0.362671 3.90515e-19)
(0.677817 0.341562 4.49954e-21)
(0.613118 0.302111 9.27755e-20)
(0.477047 0.234761 -4.4794e-19)
(0.274998 0.134608 4.54887e-19)
(0.0759966 0.0368252 -5.42615e-19)
(0.443621 0.247111 3.78716e-23)
(1.0221 0.539405 0)
(1.24669 0.679308 0)
(1.2806 0.698292 7.99717e-20)
(1.24371 0.700192 8.20189e-20)
(1.1881 0.682109 -4.02303e-20)
(1.12584 0.661976 -6.6507e-22)
(1.05817 0.637088 0)
(0.985067 0.60571 -1.48417e-19)
(0.906986 0.566437 2.26878e-19)
(0.833315 0.521811 2.65869e-19)
(0.777424 0.478202 -1.54175e-19)
(0.73805 0.441523 -1.91222e-19)
(0.714238 0.414406 4.51046e-19)
(0.68687 0.39012 -1.38271e-19)
(0.652626 0.360059 -1.67201e-19)
(0.587601 0.321408 -1.01723e-19)
(0.457563 0.246025 -4.84918e-19)
(0.261702 0.139502 6.89642e-20)
(0.0700492 0.0371975 5.88357e-19)
(0.439882 0.265768 -1.15105e-19)
(1.01046 0.575635 -1.80214e-19)
(1.23376 0.724771 2.35451e-20)
(1.26779 0.745501 7.98518e-24)
(1.23012 0.746562 1.95412e-20)
(1.17413 0.726379 -1.2229e-19)
(1.11108 0.70447 0)
(1.04236 0.677611 3.2498e-20)
(0.967833 0.644249 -2.56252e-20)
(0.88859 0.602661 3.65266e-19)
(0.815024 0.552649 -6.45596e-20)
(0.756826 0.505298 7.23116e-20)
(0.714021 0.468156 0)
(0.679296 0.433865 -2.45634e-19)
(0.658364 0.405479 3.03622e-19)
(0.63289 0.382374 0)
(0.571659 0.334693 -2.21652e-19)
(0.439627 0.2572 6.49254e-19)
(0.247496 0.142363 7.6917e-20)
(0.0636898 0.0366623 -7.27418e-19)
(0.437932 0.282708 -2.58021e-19)
(1.00077 0.61107 3.31334e-19)
(1.22113 0.768271 0)
(1.25465 0.790398 2.03219e-19)
(1.21622 0.790384 0)
(1.15993 0.76814 1.06488e-19)
(1.09618 0.744624 0)
(1.02661 0.716026 0)
(0.95082 0.680742 -4.86602e-20)
(0.868868 0.636584 -3.52706e-19)
(0.789723 0.584844 -4.93645e-19)
(0.728753 0.536192 8.93275e-20)
(0.688475 0.491655 3.30332e-19)
(0.664772 0.458931 2.74607e-19)
(0.639046 0.430712 -9.74259e-19)
(0.60599 0.394905 -3.99693e-19)
(0.54337 0.349647 2.32778e-19)
(0.416701 0.262654 0)
(0.231891 0.143255 6.65065e-19)
(0.0569853 0.0352274 -7.8762e-19)
(0.436519 0.298487 2.86506e-19)
(0.990518 0.643272 -3.6591e-19)
(1.20807 0.807988 0)
(1.24133 0.83202 -1.03625e-20)
(1.20236 0.831494 -8.24384e-20)
(1.14578 0.807646 0)
(1.08141 0.78268 -3.30132e-22)
(1.01088 0.752401 3.11313e-20)
(0.933251 0.715659 -7.45474e-20)
(0.848852 0.670282 3.92914e-20)
(0.768983 0.617212 0)
(0.707684 0.562437 3.60829e-19)
(0.66396 0.51763 4.19648e-21)
(0.6274 0.476537 1.48887e-19)
(0.607695 0.441302 1.78723e-19)
(0.584331 0.412796 0)
(0.525077 0.356113 -3.89436e-19)
(0.396632 0.267826 7.637e-19)
(0.21566 0.142154 -8.11155e-19)
(0.0505113 0.0330172 1.70537e-18)
(0.435449 0.31348 0)
(0.98196 0.675214 0)
(1.19572 0.846158 -1.99773e-19)
(1.2281 0.871557 0)
(1.18852 0.870253 0)
(1.13178 0.844847 1.71309e-19)
(1.06687 0.818601 -3.09309e-21)
(0.995564 0.786965 1.71404e-20)
(0.917141 0.749171 -1.15793e-20)
(0.832171 0.702254 0)
(0.749694 0.645675 -7.7912e-20)
(0.682865 0.589821 -2.97583e-19)
(0.634656 0.5395 -3.68829e-19)
(0.611113 0.497809 -1.51762e-19)
(0.586547 0.462621 1.9591e-19)
(0.55567 0.418053 -4.64407e-19)
(0.49504 0.366432 8.41438e-19)
(0.371027 0.267512 5.67466e-21)
(0.19906 0.139015 -7.83036e-19)
(0.0442884 0.030409 -1.15988e-19)
(0.434257 0.32813 0)
(0.972802 0.704219 -2.86758e-19)
(1.18324 0.880848 2.24268e-19)
(1.21503 0.907973 0)
(1.17501 0.906377 0)
(1.1181 0.879886 -3.83968e-19)
(1.0528 0.852594 0)
(0.981006 0.819782 0)
(0.901188 0.780463 -1.46398e-19)
(0.812805 0.732373 6.63805e-20)
(0.725477 0.674761 -6.4396e-19)
(0.657138 0.616298 0)
(0.612426 0.562846 -4.00723e-19)
(0.571423 0.51409 1.13579e-20)
(0.551551 0.467142 -6.27331e-19)
(0.531112 0.431595 2.51225e-19)
(0.47561 0.36309 3.209e-21)
(0.352614 0.265756 -8.94249e-19)
(0.184377 0.134637 4.24176e-19)
(0.0393436 0.0279686 1.24092e-19)
(0.433201 0.342309 0)
(0.965223 0.733172 -3.42949e-19)
(1.17153 0.914427 2.38873e-19)
(1.20222 0.942605 4.88405e-19)
(1.16171 0.940331 9.23357e-20)
(1.10482 0.912737 -6.11012e-20)
(1.03934 0.884578 3.41187e-20)
(0.966892 0.85068 1.298e-20)
(0.886077 0.81096 1.56605e-19)
(0.79681 0.76255 4.42198e-19)
(0.70937 0.704826 5.34486e-19)
(0.637125 0.644333 9.96271e-20)
(0.57869 0.586645 5.80177e-19)
(0.552294 0.533072 3.71247e-19)
(0.527677 0.487137 4.52273e-19)
(0.498951 0.427362 -2.79751e-19)
(0.443381 0.365612 -3.29427e-19)
(0.327067 0.256756 3.86415e-19)
(0.169123 0.126449 -2.28458e-19)
(0.0367264 0.0285413 4.04142e-19)
(0.432014 0.356055 4.53825e-19)
(0.957056 0.759188 5.44077e-19)
(1.15977 0.944879 1.31932e-19)
(1.18974 0.974417 1.62007e-20)
(1.14891 0.971836 -3.27759e-19)
(1.092 0.943472 1.11816e-19)
(1.02623 0.914637 -4.02807e-20)
(0.95348 0.880014 -2.14657e-20)
(0.871829 0.839357 -1.64392e-19)
(0.780766 0.789662 -4.8811e-19)
(0.688489 0.730358 3.37173e-20)
(0.609197 0.66832 0)
(0.557677 0.608471 0)
(0.508814 0.550251 -1.90067e-19)
(0.485487 0.487268 -7.4365e-19)
(0.467785 0.434848 6.06119e-19)
(0.42363 0.342634 3.67137e-19)
(0.323945 0.236361 0)
(0.17563 0.105079 7.29166e-19)
(0.030973 0.00734605 -4.35417e-19)
(0.431017 0.369066 -2.42326e-19)
(0.950211 0.785082 2.10283e-19)
(1.14877 0.974446 -2.95834e-19)
(1.17766 1.00473 -3.12473e-19)
(1.13645 1.00144 -1.32581e-19)
(1.07964 0.97222 2.56411e-20)
(1.01395 0.942839 0)
(0.941019 0.907597 -5.06302e-22)
(0.85856 0.866662 2.33864e-20)
(0.765683 0.817989 0)
(0.670795 0.760173 0)
(0.590516 0.69735 6.76281e-20)
(0.523099 0.633153 9.97066e-20)
(0.487224 0.56923 -2.05258e-19)
(0.456259 0.509125 5.36638e-19)
(0.425979 0.421599 -6.65777e-19)
(0.380241 0.330778 -7.86888e-19)
(0.308504 0.211745 6.96057e-19)
(0.209479 0.12746 -2.62095e-19)
(0.118878 0.0889958 1.51044e-19)
(0.429728 0.381332 2.82169e-19)
(0.94273 0.808081 0)
(1.13777 1.00112 0)
(1.16599 1.03251 -1.04125e-19)
(1.12459 1.02888 8.4287e-20)
(1.0679 0.999027 -2.08444e-20)
(1.00208 0.969169 -1.49324e-19)
(0.928832 0.933456 -6.07775e-20)
(0.845669 0.892134 2.56217e-19)
(0.751357 0.841846 -3.83289e-20)
(0.654286 0.782178 8.69951e-20)
(0.568261 0.720188 -5.7176e-19)
(0.503185 0.658974 -6.09829e-19)
(0.440162 0.592631 -1.0971e-19)
(0.401147 0.508579 0)
(0.375479 0.432517 -1.19069e-20)
(0.341862 0.275962 4.34259e-19)
(0.297162 0.113053 -7.28939e-19)
(0.256772 -0.0386409 5.44843e-19)
(0.0798858 -0.0909264 4.40205e-19)
(0.428595 0.392974 -6.15885e-19)
(0.93632 0.831033 -2.67641e-19)
(1.12744 1.02718 6.57032e-21)
(1.15469 1.0592 1.37031e-19)
(1.11301 1.05495 0)
(1.05641 1.02446 3.61112e-19)
(0.990659 0.994295 1.80215e-19)
(0.917348 0.958312 -3.70011e-20)
(0.833516 0.9171 -1.22637e-19)
(0.737382 0.868593 -3.66586e-20)
(0.636624 0.813401 3.40488e-20)
(0.54669 0.752031 5.04384e-19)
(0.466515 0.686145 5.95784e-19)
(0.416606 0.614287 1.06058e-19)
(0.368467 0.543616 5.73958e-19)
(0.307163 0.419964 0)
(0.205264 0.269899 0)
(0.0372314 0.265865 5.29649e-19)
(-0.0695392 0.62912 -3.32973e-20)
(0.00161228 1.50975 -6.71855e-19)
(0.427021 0.404036 3.35873e-19)
(0.929346 0.851449 7.97512e-19)
(1.1171 1.05082 -1.18975e-18)
(1.14369 1.08396 7.06234e-19)
(1.10182 1.07962 -7.76104e-20)
(1.04536 1.0488 4.85059e-19)
(0.979473 1.01851 0)
(0.905835 0.982533 8.70926e-20)
(0.821349 0.941493 0)
(0.724708 0.892666 4.16863e-19)
(0.6234 0.834187 -4.85373e-20)
(0.528725 0.775622 5.44227e-20)
(0.450773 0.719469 6.66994e-19)
(0.364202 0.654731 -2.37886e-19)
(0.279117 0.558363 -2.98094e-19)
(0.209237 0.482295 0)
(0.10613 0.571619 0)
(0.0357002 1.26427 0)
(0.0775309 2.43381 -2.98589e-19)
(0.107696 2.8964 -1.8485e-19)
(0.425578 0.414605 0)
(0.923358 0.871852 0)
(1.10742 1.07402 4.26601e-19)
(1.13311 1.10785 -5.87523e-19)
(1.09099 1.10317 3.92671e-19)
(1.03456 1.07207 -4.4277e-19)
(0.968709 1.04186 -2.02722e-20)
(0.895031 1.00606 1.57839e-20)
(0.810181 0.965863 2.02682e-20)
(0.711528 0.919023 -4.76206e-19)
(0.604163 0.867944 7.89194e-20)
(0.505384 0.81318 4.83572e-19)
(0.411353 0.753197 -6.5954e-19)
(0.341177 0.681026 -7.57651e-19)
(0.273706 0.623256 2.62005e-19)
(0.206083 0.743295 0)
(0.14152 1.50174 3.75297e-19)
(0.13938 2.67324 4.16936e-19)
(0.146013 3.08104 -4.66582e-19)
(0.13662 3.21906 5.10038e-19)
(0.423709 0.42442 0)
(0.916841 0.889759 6.54428e-19)
(1.09775 1.0949 -1.10268e-19)
(1.12286 1.12989 7.46513e-19)
(1.08057 1.12537 -4.12169e-19)
(1.02432 1.09428 0)
(0.958389 1.06424 0)
(0.884547 1.02888 0)
(0.799212 0.989363 2.444e-20)
(0.700261 0.943493 1.3511e-20)
(0.594872 0.88964 0)
(0.493701 0.837396 -4.7502e-19)
(0.406925 0.790398 0)
(0.295522 0.737824 5.40061e-19)
(0.214807 0.814741 -3.551e-19)
(0.17025 1.44586 -2.94628e-19)
(0.175282 2.66332 -7.16082e-19)
(0.194762 3.12589 -3.63914e-19)
(0.185011 3.2711 -4.43601e-19)
(0.169813 3.31204 3.69265e-19)
(0.422052 0.433638 -2.21913e-19)
(0.911253 0.907732 1.52047e-20)
(1.08878 1.11549 -1.19216e-19)
(1.11309 1.15121 -5.95698e-19)
(1.07057 1.14658 0)
(1.01436 1.11551 0)
(0.948501 1.08589 0)
(0.874695 1.05103 -5.94379e-21)
(0.789204 1.01278 -3.87087e-20)
(0.688936 0.969339 0)
(0.578076 0.923201 0)
(0.47249 0.878115 0)
(0.363753 0.832191 0)
(0.307122 0.824296 3.66668e-19)
(0.284698 1.18234 9.40667e-19)
(0.271522 2.34193 2.89538e-19)
(0.282301 3.08112 5.4618e-19)
(0.275005 3.29024 -3.73036e-19)
(0.224364 3.35817 1.37951e-19)
(0.190319 3.37078 0)
(0.420028 0.442324 2.25316e-19)
(0.904923 0.923728 -1.4167e-18)
(1.07955 1.13442 -3.99401e-19)
(1.1034 1.17137 -9.64986e-20)
(1.06073 1.16711 1.04787e-19)
(1.00476 1.1363 -7.22281e-19)
(0.938907 1.10705 4.72612e-20)
(0.865116 1.07292 2.54226e-19)
(0.779415 1.03587 0)
(0.679041 0.993941 -2.74193e-20)
(0.570141 0.947044 2.49431e-20)
(0.465352 0.902483 0)
(0.382167 0.874502 0)
(0.327851 0.998068 -4.55998e-19)
(0.292644 1.83609 1.87816e-20)
(0.289073 2.93038 -1.74894e-19)
(0.307877 3.29482 3.19064e-19)
(0.280846 3.39718 1.70463e-19)
(0.213078 3.42285 -8.89442e-20)
(0.187074 3.43147 4.24185e-20)
(0.417923 0.451084 4.35008e-19)
(0.898955 0.94146 1.35843e-18)
(1.07024 1.15488 4.89846e-19)
(1.0934 1.19251 0)
(1.05061 1.18814 0)
(0.994762 1.15738 5.53617e-19)
(0.929144 1.12867 -3.21134e-19)
(0.855587 1.09515 -2.35826e-19)
(0.770043 1.05925 -7.70163e-21)
(0.669103 1.02029 2.18035e-19)
(0.557339 0.98092 -4.41755e-19)
(0.446322 0.945432 0)
(0.363744 0.948085 0)
(0.344453 1.34459 -2.72191e-19)
(0.355912 2.44765 -3.45848e-19)
(0.397668 3.19943 0)
(0.423306 3.38241 -1.11271e-19)
(0.353498 3.44726 1.74567e-19)
(0.279043 3.49154 -2.77995e-19)
(0.254509 3.51764 1.82001e-19)
(0.414974 0.460283 -8.24197e-19)
(0.89135 0.958375 -6.4707e-19)
(1.05965 1.1751 0)
(1.0825 1.21395 0)
(1.03971 1.20993 0)
(0.984292 1.17929 0)
(0.918869 1.15078 3.41514e-19)
(0.845635 1.11783 -3.32847e-19)
(0.760301 1.08345 0)
(0.660205 1.04627 -1.93838e-19)
(0.550678 1.00647 7.58841e-19)
(0.450804 0.975246 3.50892e-20)
(0.401526 1.06467 5.38494e-20)
(0.40578 1.7264 4.17564e-19)
(0.42481 2.88159 -1.6718e-19)
(0.460733 3.32886 0)
(0.443266 3.45895 -8.20841e-21)
(0.353722 3.54796 9.8366e-20)
(0.270476 3.61674 3.02184e-19)
(0.194496 3.59674 -2.38683e-19)
(0.411952 0.469572 3.90741e-19)
(0.883918 0.978071 -6.39356e-19)
(1.04861 1.19774 0)
(1.07087 1.23697 -1.53815e-19)
(1.0281 1.23258 5.79252e-19)
(0.972981 1.20173 0)
(0.908095 1.17357 0)
(0.835461 1.14115 6.30754e-19)
(0.750888 1.1074 9.95833e-22)
(0.650843 1.07263 1.01078e-19)
(0.537536 1.0401 -3.4167e-19)
(0.447467 1.03135 2.30712e-19)
(0.407947 1.23601 0)
(0.441871 2.14536 -2.06047e-19)
(0.490356 3.13811 1.571e-19)
(0.551891 3.43615 1.00389e-20)
(0.545588 3.53923 0)
(0.47692 3.63142 -1.59758e-19)
(0.401607 3.67621 -6.82452e-19)
(0.31801 3.64697 -1.71726e-19)
(0.407501 0.479264 -7.60703e-19)
(0.874303 0.996476 9.10525e-19)
(1.03597 1.21988 6.72694e-19)
(1.05815 1.26023 -1.73487e-19)
(1.01552 1.25606 -8.84058e-19)
(0.961079 1.2251 0)
(0.896663 1.19685 3.13035e-19)
(0.824778 1.16462 -2.62955e-19)
(0.740821 1.13245 -2.46038e-20)
(0.642567 1.10002 -8.83809e-20)
(0.534858 1.07023 -1.04012e-20)
(0.45815 1.07974 -2.58131e-19)
(0.464416 1.4496 2.531e-19)
(0.523334 2.51542 2.15529e-20)
(0.58777 3.3064 3.3776e-20)
(0.642063 3.49474 -2.35328e-19)
(0.601729 3.55503 0)
(0.538013 3.56525 0)
(0.436281 3.53459 -8.39047e-19)
(0.195173 3.33027 1.64597e-18)
(0.403124 0.48897 3.62023e-19)
(0.864875 1.01828 8.81535e-19)
(1.0228 1.2449 -6.65203e-19)
(1.0446 1.2852 6.46163e-19)
(1.00217 1.28026 8.78725e-19)
(0.948326 1.24876 0)
(0.884859 1.22059 -3.38491e-19)
(0.813996 1.1888 -3.89219e-19)
(0.731592 1.15692 0)
(0.634757 1.12568 0)
(0.528637 1.10355 0)
(0.465548 1.16301 0)
(0.495496 1.67732 -2.76042e-19)
(0.578772 2.80893 -4.49645e-22)
(0.659889 3.40503 0)
(0.706386 3.51431 1.58458e-19)
(0.702643 3.52346 0)
(0.775613 3.37312 2.93371e-19)
(0.871149 3.01182 -2.36634e-18)
(0.460649 2.64673 2.35802e-18)
(0.396695 0.497957 -7.12845e-19)
(0.852593 1.03807 -5.59589e-19)
(1.00763 1.26908 -4.30329e-19)
(1.02972 1.31045 -6.04349e-19)
(0.987684 1.30554 -4.18346e-19)
(0.934855 1.27366 0)
(0.872269 1.24505 -7.48407e-20)
(0.80279 1.21303 2.17824e-20)
(0.721616 1.18231 1.8038e-19)
(0.627002 1.1537 0)
(0.528522 1.13853 1.14458e-20)
(0.487613 1.24162 -1.30111e-20)
(0.560101 1.91196 0)
(0.66616 3.05194 1.90743e-20)
(0.755599 3.45418 0)
(0.790286 3.49945 -2.95292e-19)
(0.795625 3.41776 7.56351e-19)
(0.786978 3.04808 -2.88544e-19)
(0.540575 2.05055 4.61104e-19)
(-0.354935 0.535317 -1.12689e-18)
(0.389843 0.507922 -1.29879e-20)
(0.840225 1.06183 -2.76707e-19)
(0.991544 1.29681 5.97723e-19)
(1.01357 1.33786 -1.89807e-20)
(0.971929 1.33189 -1.12939e-19)
(0.920102 1.29926 0)
(0.858925 1.27061 3.58508e-19)
(0.79084 1.23897 3.34976e-19)
(0.711811 1.20876 -3.55467e-19)
(0.617697 1.18043 1.41823e-19)
(0.531021 1.17527 -1.95403e-20)
(0.512424 1.35885 0)
(0.60864 2.18704 6.59426e-21)
(0.726875 3.19875 6.38355e-20)
(0.809071 3.4355 1.70744e-19)
(0.821198 3.43951 0)
(0.750295 3.22749 -3.73899e-19)
(0.575922 2.43772 4.41474e-19)
(0.135532 0.751423 -5.25733e-19)
(-0.259144 -0.435176 -4.77288e-19)
(0.380594 0.515811 6.48325e-19)
(0.824163 1.08255 -2.66643e-19)
(0.972892 1.3232 4.01279e-19)
(0.995791 1.36572 3.15846e-19)
(0.954826 1.35984 2.19368e-19)
(0.904398 1.32678 5.58593e-19)
(0.844596 1.29756 -6.93591e-19)
(0.778675 1.2657 -4.25639e-19)
(0.701863 1.23621 4.12299e-19)
(0.610027 1.21193 6.69607e-20)
(0.535459 1.22111 6.13455e-20)
(0.545108 1.48147 -1.01546e-21)
(0.677679 2.45619 -8.14258e-20)
(0.80232 3.28389 1.09615e-19)
(0.868481 3.41549 -2.36407e-19)
(0.841642 3.34759 2.61505e-19)
(0.718287 2.90447 -6.42604e-19)
(0.466072 1.77619 3.93843e-19)
(0.0751223 0.0832384 0)
(-0.0767675 -0.188741 -7.52577e-19)
(0.370575 0.524499 0)
(0.807577 1.10726 -1.00565e-18)
(0.95306 1.35352 2.36596e-20)
(0.97634 1.39572 -5.4917e-19)
(0.935951 1.38853 0)
(0.887141 1.35462 -4.00231e-19)
(0.82931 1.32537 5.94831e-19)
(0.765339 1.29355 3.98175e-19)
(0.691351 1.2651 -4.51416e-19)
(0.604125 1.24234 -1.71137e-19)
(0.541324 1.26604 -4.49444e-20)
(0.582642 1.63119 4.61172e-20)
(0.733481 2.68567 5.10258e-20)
(0.851026 3.32455 1.2036e-19)
(0.895564 3.36989 -2.5456e-19)
(0.82766 3.17787 4.10203e-19)
(0.591614 2.45019 2.91327e-19)
(0.137612 0.523838 -3.45274e-19)
(-0.125004 -0.243898 0)
(-0.106696 -0.206262 0)
(0.357006 0.530025 -6.03365e-19)
(0.786082 1.12712 9.77786e-19)
(0.930254 1.38142 0)
(0.955033 1.42594 0)
(0.915662 1.41891 0)
(0.86885 1.38448 0)
(0.813053 1.3544 -2.56775e-19)
(0.752053 1.3226 -1.50547e-20)
(0.681483 1.2943 -7.06173e-20)
(0.59984 1.27609 -2.46728e-20)
(0.551312 1.32792 2.06312e-19)
(0.62354 1.78671 -5.94028e-20)
(0.796718 2.88918 0)
(0.905726 3.32131 3.75887e-20)
(0.930503 3.31559 4.37662e-19)
(0.789038 2.95275 -1.73541e-19)
(0.448875 1.80757 2.96728e-19)
(0.0211375 0.014169 1.72172e-19)
(-0.170871 -0.208983 -7.75976e-19)
(-0.054286 -0.132101 -9.21584e-19)
(0.341464 0.535302 2.97195e-19)
(0.762933 1.14967 4.56423e-19)
(0.906101 1.41333 -9.35307e-21)
(0.931358 1.45795 2.68069e-19)
(0.892757 1.44934 0)
(0.848511 1.41391 6.51383e-19)
(0.795264 1.38384 -1.74189e-19)
(0.737184 1.35152 6.22591e-20)
(0.669848 1.32432 -3.28615e-20)
(0.596228 1.30883 -3.06581e-20)
(0.562549 1.38263 -1.27911e-19)
(0.668388 1.95677 1.24744e-19)
(0.855796 3.02347 1.17287e-19)
(0.945162 3.32014 9.62595e-20)
(0.931742 3.23907 -2.73636e-19)
(0.717173 2.62147 6.0237e-19)
(0.266001 1.03007 -3.50002e-19)
(-0.0735424 -0.242714 4.46391e-19)
(-0.181334 -0.237955 -1.31751e-18)
(-0.0604898 -0.147947 9.33948e-19)
(0.322048 0.536128 -2.77994e-19)
(0.735273 1.16674 0)
(0.878446 1.44104 -3.39364e-19)
(0.905303 1.48977 -5.10654e-19)
(0.8684 1.48143 0)
(0.827101 1.44535 -4.97166e-19)
(0.776654 1.414 0)
(0.722247 1.38151 -3.60755e-19)
(0.657761 1.35399 1.7913e-19)
(0.593611 1.3446 -3.53316e-19)
(0.579427 1.45612 2.2828e-19)
(0.718777 2.15127 -4.50299e-20)
(0.90003 3.10458 -3.29862e-19)
(0.980473 3.29074 1.95871e-19)
(0.934881 3.09425 -2.55511e-19)
(0.61448 2.25689 -1.92082e-19)
(0.11136 0.282531 4.65176e-19)
(-0.152623 -0.301065 -5.40484e-19)
(-0.131254 -0.244094 7.26827e-22)
(-0.0584726 -0.110598 -9.72839e-20)
(0.300582 0.535 5.4148e-19)
(0.705707 1.18546 -4.23606e-19)
(0.848527 1.47175 3.45398e-19)
(0.87585 1.52241 2.43021e-19)
(0.840589 1.51255 2.6648e-20)
(0.802954 1.47524 2.69604e-19)
(0.755469 1.44383 0)
(0.705309 1.41055 -3.30164e-20)
(0.645522 1.38411 0)
(0.591786 1.37941 3.30465e-19)
(0.594905 1.52105 -2.06223e-19)
(0.764556 2.3014 5.06966e-20)
(0.954633 3.15545 3.50502e-19)
(1.01577 3.26814 2.17414e-19)
(0.918418 2.96846 -1.15808e-19)
(0.523186 1.82955 1.9727e-19)
(0.00121516 -0.0494138 -6.71489e-19)
(-0.214854 -0.280743 -3.89511e-19)
(-0.126015 -0.265055 -1.53165e-19)
(-0.0615198 -0.0876918 7.28434e-19)
(0.275016 0.526587 4.18858e-21)
(0.670493 1.19571 2.11104e-19)
(0.81396 1.49619 0)
(0.843494 1.55385 4.54415e-19)
(0.811411 1.54513 -6.81348e-19)
(0.777486 1.50699 2.62573e-19)
(0.733658 1.47396 -1.88465e-19)
(0.688218 1.43918 3.09869e-19)
(0.632794 1.41258 -3.07047e-19)
(0.588876 1.41466 4.37025e-20)
(0.615719 1.59083 -2.77741e-19)
(0.818494 2.45253 -3.85735e-19)
(0.986791 3.18163 3.85119e-20)
(1.03267 3.21955 -3.92634e-19)
(0.882719 2.74766 -2.73967e-19)
(0.384312 1.36049 4.95839e-19)
(-0.0683661 -0.2188 -4.1972e-19)
(-0.231735 -0.308617 2.59937e-19)
(-0.133087 -0.303747 1.26871e-21)
(-0.0579011 -0.0986358 -6.78338e-19)
(0.246757 0.512869 9.87149e-19)
(0.631926 1.20475 -2.06098e-19)
(0.776112 1.52206 -5.92623e-19)
(0.807231 1.58415 4.8104e-19)
(0.778418 1.57522 -3.05711e-19)
(0.748484 1.53572 4.97314e-19)
(0.708056 1.50216 3.22238e-19)
(0.668336 1.46701 0)
(0.620453 1.43937 3.57439e-19)
(0.583925 1.44887 -5.50017e-20)
(0.633464 1.65342 6.28593e-20)
(0.859843 2.54829 4.00107e-19)
(1.03138 3.18901 3.52031e-20)
(1.05219 3.1941 5.84272e-21)
(0.851049 2.61922 -3.49899e-19)
(0.419849 1.02438 -1.38642e-19)
(-0.0615552 -0.196498 4.33594e-19)
(-0.190241 -0.309498 2.10428e-19)
(-0.142241 -0.308333 6.71973e-20)
(-0.00829694 -0.0620229 6.18514e-19)
(0.214097 0.487828 0)
(0.586306 1.20077 1.92029e-19)
(0.732525 1.53924 -2.70906e-19)
(0.767626 1.61244 4.60112e-19)
(0.743563 1.60612 -6.2263e-19)
(0.717058 1.56572 2.53959e-19)
(0.681486 1.53047 0)
(0.647309 1.49196 0)
(0.606485 1.46428 0)
(0.579539 1.47852 9.63741e-20)
(0.653433 1.70075 -9.03533e-20)
(0.910828 2.62512 8.91262e-20)
(1.059 3.19944 3.22604e-19)
(1.0524 3.16813 2.16448e-19)
(0.717303 2.4435 -4.21539e-19)
(0.0930925 0.633973 1.91691e-19)
(-0.278613 -0.0553222 2.32727e-20)
(-0.316297 -0.291345 -4.72734e-19)
(-0.27894 -0.324675 7.57499e-20)
(-0.0175886 -0.03412 0)
(0.178763 0.452934 8.919e-19)
(0.536381 1.19071 -1.79573e-19)
(0.685147 1.55461 4.19594e-21)
(0.723961 1.63683 0)
(0.704313 1.63198 -2.93659e-19)
(0.681857 1.5912 1.76958e-20)
(0.650568 1.55488 0)
(0.623403 1.51625 1.01732e-19)
(0.592312 1.48293 -8.027e-20)
(0.569232 1.50173 0)
(0.663159 1.74106 0)
(0.946193 2.64446 -2.02102e-19)
(1.11398 3.19846 -3.55234e-19)
(1.07772 3.17756 -1.76966e-20)
(0.714132 2.43977 -1.93428e-19)
(0.0223264 0.773277 1.61112e-19)
(-0.442555 -0.00614681 0)
(-0.553838 -0.606695 -3.58964e-19)
(-0.52716 -0.746838 -6.05958e-19)
(-0.225264 -0.488697 1.61201e-18)
(0.140124 0.402293 7.34299e-19)
(0.478652 1.16037 -1.70683e-19)
(0.630948 1.55721 2.49347e-19)
(0.675512 1.65835 -6.14762e-19)
(0.661498 1.65773 0)
(0.642935 1.61672 0)
(0.617365 1.57796 0)
(0.5957 1.53631 9.86169e-20)
(0.576009 1.50009 -7.77534e-20)
(0.559363 1.51595 0)
(0.667376 1.74803 0)
(0.99227 2.63845 3.35621e-19)
(1.18515 3.19135 -2.20703e-19)
(1.17985 3.18273 1.53082e-19)
(0.838364 2.43425 7.66267e-19)
(0.210017 0.816155 0)
(-0.326407 -0.0563431 -2.52714e-19)
(-0.624053 -0.892061 -2.0188e-19)
(-0.659001 -1.30273 2.32379e-18)
(-0.427706 -1.09456 -2.83113e-18)
(0.100564 0.337597 -6.83263e-19)
(0.415925 1.11642 1.75388e-19)
(0.572221 1.55173 5.10371e-19)
(0.622175 1.67119 3.59582e-19)
(0.613611 1.6745 -2.90599e-19)
(0.600459 1.63655 -2.01459e-19)
(0.579571 1.59679 1.43535e-19)
(0.565593 1.55208 0)
(0.552641 1.5115 0)
(0.546748 1.51723 0)
(0.654002 1.73638 -1.65769e-19)
(1.01552 2.56879 -3.13581e-19)
(1.30642 3.13535 2.20736e-19)
(1.4184 3.14474 -1.33479e-19)
(1.27127 2.64176 -5.60077e-20)
(0.829343 1.36385 0)
(0.205492 0.267518 4.14786e-19)
(-0.167305 -0.700305 -2.11064e-18)
(-0.566452 -1.53266 4.59158e-18)
(-0.466319 -1.49828 -2.60047e-18)
(0.0610329 0.257022 7.2498e-19)
(0.34433 1.04102 -5.95676e-19)
(0.504912 1.52659 0)
(0.562928 1.67976 1.76042e-19)
(0.561009 1.69089 1.29301e-19)
(0.553123 1.65551 2.82174e-19)
(0.537033 1.61062 -1.34178e-19)
(0.527642 1.56528 0)
(0.526756 1.51474 0)
(0.529192 1.51004 -2.56413e-19)
(0.629858 1.6892 1.76243e-20)
(1.01659 2.44475 1.52195e-19)
(1.35881 3.02635 8.62722e-20)
(1.53151 2.95072 2.5659e-19)
(1.44045 2.60341 -6.81824e-19)
(1.2316 1.78169 7.11337e-19)
(0.714552 0.703261 -5.80839e-19)
(0.266369 -0.322005 0)
(-0.0818027 -1.02629 3.61138e-21)
(-0.310995 -1.41866 7.42484e-19)
(0.0251805 0.171836 7.49599e-19)
(0.26748 0.943234 0)
(0.432899 1.48207 0)
(0.498009 1.6703 0)
(0.502293 1.69421 1.09379e-19)
(0.500201 1.66551 -2.73054e-19)
(0.489542 1.62127 -1.23675e-19)
(0.484209 1.57048 0)
(0.488798 1.51372 0)
(0.502108 1.48938 1.59017e-19)
(0.578749 1.60982 6.64877e-20)
(0.909087 2.217 -6.40356e-20)
(1.27898 2.86038 -6.66685e-20)
(1.41923 2.79283 -9.50343e-20)
(1.36266 2.55947 2.37894e-20)
(1.24726 2.01557 -3.11369e-19)
(0.878618 1.15042 2.54178e-19)
(0.476889 0.282958 0)
(0.110049 -0.518217 -3.37532e-21)
(-0.0885103 -0.82007 -6.3027e-19)
(0.00316531 0.104521 -7.15037e-19)
(0.181391 0.795905 2.46858e-19)
(0.352491 1.40646 3.80618e-19)
(0.427711 1.65409 -2.07248e-20)
(0.43946 1.6973 -2.31494e-19)
(0.441783 1.67475 -1.52386e-19)
(0.434194 1.62463 3.45597e-19)
(0.43269 1.57205 -8.21568e-21)
(0.433757 1.50776 0)
(0.458475 1.45866 3.98978e-20)
(0.489322 1.52964 -5.0281e-21)
(0.708331 1.92309 3.58277e-20)
(1.05963 2.68097 0)
(1.15605 2.66885 3.40728e-20)
(1.1444 2.54552 0)
(1.06304 2.22221 7.48332e-20)
(0.844767 1.63711 8.39142e-20)
(0.542294 0.943407 0)
(0.241779 0.274899 0)
(0.026578 -0.156766 -1.16662e-18)
(-0.00390075 0.0484531 5.84276e-19)
(0.105406 0.614668 -2.19122e-19)
(0.275074 1.28977 1.72197e-19)
(0.35177 1.60332 -2.70893e-19)
(0.369664 1.68032 1.05175e-19)
(0.375643 1.67222 -3.58002e-20)
(0.373369 1.6247 2.29748e-20)
(0.370066 1.57057 -4.58291e-20)
(0.370883 1.50103 -2.89574e-20)
(0.392742 1.42835 -2.1584e-20)
(0.391305 1.46215 5.65193e-21)
(0.483985 1.74275 0)
(0.77875 2.49652 1.15727e-20)
(0.841618 2.63685 0)
(0.82276 2.60074 0)
(0.767428 2.44232 0)
(0.656004 2.09872 6.5374e-19)
(0.444746 1.54725 -1.69827e-18)
(0.240764 1.01472 7.44477e-21)
(0.079129 0.497379 1.20635e-18)
(0.00396824 -0.00430873 1.03598e-19)
(0.0397622 0.32759 9.73945e-20)
(0.19977 1.12548 -7.93498e-20)
(0.275179 1.54077 -5.9259e-20)
(0.29595 1.66263 4.79168e-20)
(0.303593 1.66281 3.35614e-20)
(0.304247 1.62494 2.36633e-20)
(0.304188 1.56409 0)
(0.295878 1.49777 -1.2006e-20)
(0.30408 1.41149 -6.86718e-21)
(0.303872 1.42298 1.3631e-20)
(0.292712 1.63783 0)
(0.503116 2.36265 7.24868e-21)
(0.57241 2.6715 -2.11325e-20)
(0.516936 2.70917 0)
(0.475909 2.65735 0)
(0.409238 2.46668 -3.51228e-20)
(0.283846 2.05645 0)
(0.146951 1.54616 -2.8209e-20)
(0.0477587 0.919828 0)
(0.0137661 -0.0734999 0)
(0.0120764 0.130714 0)
(0.108071 0.857673 0)
(0.186866 1.40776 0)
(0.215201 1.61445 -1.17404e-33)
(0.226828 1.64318 8.76275e-34)
(0.230634 1.6205 0)
(0.238454 1.55674 0)
(0.222013 1.49884 0)
(0.226056 1.41645 0)
(0.234436 1.42167 0)
(0.176724 1.58931 0)
(0.30942 2.25857 0)
(0.381894 2.68741 0)
(0.333128 2.8046 0)
(0.288561 2.802 0)
(0.249747 2.69685 0)
(0.174613 2.40161 0)
(0.0776743 1.95926 0)
(0.0135019 1.21055 0)
(0.0111509 -0.118073 0)
(0.00102094 0.0665187 0)
(0.034385 0.711125 0)
(0.0976675 1.3031 0)
(0.12893 1.56193 0)
(0.150638 1.61917 0)
(0.158762 1.60895 0)
(0.174294 1.55502 0)
(0.163756 1.5025 0)
(0.169425 1.42718 0)
(0.180038 1.43606 0)
(0.11561 1.57346 0)
(0.19074 2.20605 0)
(0.258646 2.70518 0)
(0.216573 2.86823 0)
(0.178168 2.89316 0)
(0.150708 2.83005 0)
(0.100085 2.58796 0)
(0.0299174 2.15321 0)
(-0.00181904 1.35522 0)
(0.00355956 -0.131114 0)
(-0.0076791 0.0720176 0)
(-0.0116007 0.637622 0)
(0.02676 1.23028 0)
(0.0514143 1.51347 0)
(0.0785276 1.59026 0)
(0.0957669 1.59238 0)
(0.116441 1.55187 0)
(0.123186 1.50268 0)
(0.121018 1.43577 0)
(0.131419 1.45057 0)
(0.0781008 1.56914 0)
(0.110956 2.17454 0)
(0.166635 2.72362 0)
(0.12615 2.91599 0)
(0.0977168 2.96889 0)
(0.0775584 2.92967 0)
(0.0426476 2.72376 0)
(0.00745567 2.29729 0)
(-0.0144711 1.36354 0)
(-0.00266636 -0.106832 0)
(-0.0203745 0.116003 0)
(-0.0418712 0.637161 0)
(-0.0225685 1.1823 0)
(-0.00617847 1.46534 0)
(0.0239925 1.55391 0)
(0.0444228 1.56678 0)
(0.0674169 1.53787 0)
(0.0868552 1.496 0)
(0.0718795 1.44239 0)
(0.0868406 1.4601 0)
(0.0458688 1.57231 0)
(0.0572881 2.14975 0)
(0.0980308 2.73116 0)
(0.0585136 2.95763 0)
(0.0400494 3.03105 0)
(0.0267167 3.0019 0)
(0.00469283 2.80089 0)
(-0.0215969 2.36954 0)
(-0.0161312 1.33149 0)
(-0.0053909 -0.0545262 0)
(-0.0294633 0.19706 0)
(-0.0583485 0.66572 0)
(-0.0498615 1.15219 0)
(-0.037675 1.41681 0)
(-0.00976872 1.51142 0)
(0.00762921 1.53478 0)
(0.0300357 1.51618 0)
(0.0471003 1.487 0)
(0.0316677 1.44819 0)
(0.0436208 1.46722 0)
(0.0210039 1.57339 0)
(0.0246461 2.13995 0)
(0.0467238 2.73657 0)
(0.0124247 2.98427 0)
(-0.000224722 3.06619 0)
(-0.0127247 3.04244 0)
(-0.0244325 2.84397 0)
(-0.0384755 2.36468 0)
(-0.0216186 1.24597 0)
(-0.0063604 0.0102596 0)
(-0.0306754 0.284769 0)
(-0.06277 0.703824 0)
(-0.0602246 1.1307 0)
(-0.04881 1.37204 0)
(-0.0254846 1.47089 0)
(-0.00965401 1.50316 0)
(0.00706072 1.49828 0)
(0.0159509 1.47924 0)
(0.0101199 1.4526 0)
(0.00640688 1.47165 0)
(-0.0014101 1.57427 0)
(0.00280779 2.13947 0)
(0.009836 2.75007 0)
(-0.0165638 3.00584 0)
(-0.0245415 3.09042 0)
(-0.0387479 3.06405 0)
(-0.0529395 2.86211 0)
(-0.0513752 2.3337 0)
(-0.0284795 1.09139 0)
(-0.00572108 0.0745333 0)
(-0.0267776 0.372706 0)
(-0.0576837 0.749724 0)
(-0.0605237 1.11858 0)
(-0.049157 1.33678 0)
(-0.0304405 1.43786 0)
(-0.0131884 1.47651 0)
(-0.00257718 1.48595 0)
(0.00544109 1.47286 0)
(0.00151352 1.45933 0)
(-0.0173373 1.47771 0)
(-0.0291078 1.57696 0)
(-0.0265179 2.13486 0)
(-0.0137986 2.76506 0)
(-0.0385818 3.02798 0)
(-0.0454917 3.11405 0)
(-0.0571407 3.09009 0)
(-0.0680344 2.85478 0)
(-0.0561738 2.26534 0)
(-0.0250367 0.929759 0)
(-0.0041971 0.127951 0)
(-0.0203119 0.449792 0)
(-0.0472791 0.799817 0)
(-0.0543191 1.114 0)
(-0.0444105 1.31167 0)
(-0.0292011 1.41238 0)
(-0.0118458 1.45521 0)
(-0.00213076 1.47611 0)
(0.00640001 1.47049 0)
(1.09878e-05 1.47188 0)
(-0.0274589 1.49184 0)
(-0.0528704 1.58227 0)
(-0.0587889 2.12816 0)
(-0.0360898 2.7744 0)
(-0.0633914 3.04366 0)
(-0.0671506 3.13158 0)
(-0.0732435 3.09922 0)
(-0.0693096 2.83663 0)
(-0.0549815 2.18073 0)
(-0.0157678 0.788593 0)
(-0.00283846 0.167731 0)
(-0.0142405 0.510776 0)
(-0.0351009 0.84648 0)
(-0.0442844 1.11632 0)
(-0.0374521 1.29272 0)
(-0.0231332 1.38992 0)
(-0.00700848 1.43572 0)
(0.00758961 1.4659 0)
(0.0137147 1.46781 0)
(0.00940456 1.4877 0)
(-0.021554 1.51383 0)
(-0.0641241 1.59816 0)
(-0.0769686 2.11904 0)
(-0.0535853 2.78428 0)
(-0.0804316 3.05569 0)
(-0.075891 3.13743 0)
(-0.0803567 3.09067 0)
(-0.0739498 2.79593 0)
(-0.0487264 2.0687 0)
(-0.00905325 0.674173 0)
(-0.00174907 0.194577 0)
(-0.00882664 0.553794 0)
(-0.0226953 0.883158 0)
(-0.0305549 1.12286 0)
(-0.0268737 1.27673 0)
(-0.010015 1.36617 0)
(0.00684603 1.41368 0)
(0.0322617 1.45149 0)
(0.0368852 1.46522 0)
(0.0395462 1.50058 0)
(0.0125647 1.54575 0)
(-0.0579731 1.62521 0)
(-0.0795884 2.11261 0)
(-0.058227 2.7944 0)
(-0.0823966 3.06108 0)
(-0.0749273 3.13708 0)
(-0.0754323 3.0817 0)
(-0.0722938 2.74679 0)
(-0.0385248 1.95076 0)
(-0.00506821 0.582684 0)
(-0.000759697 0.209465 0)
(-0.00405437 0.578157 0)
(-0.0112549 0.905863 0)
(-0.0149599 1.12787 0)
(-0.0107904 1.25878 0)
(0.0110495 1.33552 0)
(0.0321927 1.38262 0)
(0.0745793 1.42438 0)
(0.0883481 1.45343 0)
(0.11667 1.51076 0)
(0.0831673 1.59229 0)
(-0.0176428 1.67527 0)
(-0.0749049 2.1117 0)
(-0.0521592 2.79788 0)
(-0.075875 3.06277 0)
(-0.0689503 3.13549 0)
(-0.0623398 3.0631 0)
(-0.0509525 2.70899 0)
(-0.0317533 1.87066 0)
(0.0030995 0.51824 0)
(0.000358186 0.213515 0)
(0.000205952 0.586726 0)
(-0.00187552 0.912984 0)
(0.000228691 1.12276 0)
(0.0105833 1.23281 0)
(0.0394596 1.2941 0)
(0.068541 1.33728 0)
(0.127933 1.37831 0)
(0.155437 1.4229 0)
(0.216471 1.50748 0)
(0.169596 1.6522 0)
(0.0599349 1.76415 0)
(-0.0601078 2.12737 0)
(-0.0349281 2.81365 0)
(-0.0712292 3.07395 0)
(-0.0698071 3.13309 0)
(-0.066916 3.04193 0)
(-0.04298 2.65811 0)
(-0.0297737 1.79473 0)
(0.0159452 0.487087 0)
(0.00165133 0.208671 0)
(0.00350253 0.585066 0)
(0.00504815 0.908089 0)
(0.0144421 1.10041 0)
(0.0327622 1.19102 0)
(0.0685206 1.23726 0)
(0.10931 1.27306 0)
(0.180603 1.31156 0)
(0.23098 1.37188 0)
(0.307307 1.49473 0)
(0.246828 1.72987 0)
(0.125581 1.88091 0)
(-0.0575874 2.1793 0)
(-0.0370485 2.84244 0)
(-0.0840475 3.08823 0)
(-0.0814788 3.13491 0)
(-0.0996159 3.0182 0)
(-0.0768182 2.56043 0)
(-0.0317016 1.63269 0)
(0.0191156 0.471648 0)
(0.00265979 0.194587 0)
(0.00695991 0.571029 0)
(0.0122178 0.887045 0)
(0.027417 1.06092 0)
(0.0532168 1.13499 0)
(0.0955099 1.16708 0)
(0.148946 1.19211 0)
(0.228031 1.22646 0)
(0.302866 1.30385 0)
(0.369273 1.48961 0)
(0.296872 1.82448 0)
(0.149335 2.03404 0)
(-0.0880513 2.28287 0)
(-0.0709027 2.8861 0)
(-0.124775 3.12024 0)
(-0.118718 3.15062 0)
(-0.128308 2.9971 0)
(-0.120004 2.4651 0)
(-0.034526 1.38867 0)
(0.00406477 0.444587 0)
(0.00342837 0.173939 0)
(0.00920884 0.549687 0)
(0.0162348 0.856446 0)
(0.0346395 1.00952 0)
(0.0650719 1.0647 0)
(0.111503 1.08223 0)
(0.173156 1.09576 0)
(0.256438 1.1289 0)
(0.341618 1.23356 0)
(0.393113 1.49783 0)
(0.323619 1.93542 0)
(0.15251 2.2174 0)
(-0.0868583 2.38962 0)
(-0.0955147 2.92459 0)
(-0.146553 3.14859 0)
(-0.143773 3.16122 0)
(-0.141301 2.96853 0)
(-0.13234 2.36832 0)
(-0.0226796 1.17658 0)
(-0.00765411 0.396527 0)
(0.00393966 0.148344 0)
(0.00990987 0.527339 0)
(0.0166793 0.823038 0)
(0.036229 0.953386 0)
(0.0670195 0.992292 0)
(0.113936 0.994829 0)
(0.176209 0.996721 0)
(0.258931 1.03034 0)
(0.337775 1.16341 0)
(0.389455 1.50322 0)
(0.328505 2.05123 0)
(0.170813 2.38943 0)
(-0.0332484 2.51701 0)
(-0.118257 2.98198 0)
(-0.164509 3.18338 0)
(-0.188305 3.18444 0)
(-0.1864 2.91266 0)
(-0.119922 2.14873 0)
(-0.0089277 1.01958 0)
(-0.00900828 0.345623 0)
(0.0037555 0.123093 0)
(0.00803171 0.510517 0)
(0.0114176 0.793931 0)
(0.0271963 0.90072 0)
(0.0518581 0.921291 0)
(0.0905449 0.910433 0)
(0.141754 0.904409 0)
(0.209884 0.941951 0)
(0.267674 1.10221 0)
(0.33438 1.51227 0)
(0.270978 2.1564 0)
(0.170742 2.52676 0)
(-0.0280593 2.70416 0)
(-0.179615 3.11125 0)
(-0.222128 3.24933 0)
(-0.255687 3.2005 0)
(-0.24431 2.79903 0)
(-0.0930909 1.76318 0)
(-0.0205599 0.896761 0)
(-0.00704048 0.293433 0)
(0.00289051 0.103798 0)
(0.00428733 0.505334 0)
(0.00203876 0.778245 0)
(0.0116235 0.866416 0)
(0.023866 0.877199 0)
(0.0475542 0.855859 0)
(0.0764785 0.844066 0)
(0.113102 0.881381 0)
(0.13925 1.06239 0)
(0.154145 1.52432 0)
(0.107269 2.22939 0)
(0.0564805 2.66549 0)
(-0.177442 2.93097 0)
(-0.290456 3.25115 0)
(-0.332176 3.32114 0)
(-0.318212 3.15373 0)
(-0.234848 2.58387 0)
(-0.0542328 1.49007 0)
(-0.0295577 0.79577 0)
(-0.00662359 0.233525 0)
(0.00132159 0.0968642 0)
(-0.00197899 0.517553 0)
(-0.0117206 0.781588 0)
(-0.0155284 0.857513 0)
(-0.0222969 0.857819 0)
(-0.0215923 0.831201 0)
(-0.0266589 0.820753 0)
(-0.0359313 0.868158 0)
(-0.058332 1.07295 0)
(-0.103159 1.56099 0)
(-0.146795 2.28314 0)
(-0.177758 2.81844 0)
(-0.400332 3.10559 0)
(-0.426081 3.30919 0)
(-0.413905 3.30898 0)
(-0.367793 3.00964 0)
(-0.151093 2.11592 0)
(-0.0325807 1.32281 0)
(-0.0196819 0.719399 0)
(-0.00485205 0.180005 0)
(-0.000631811 0.104919 0)
(-0.0086257 0.554582 0)
(-0.0261588 0.817994 0)
(-0.0397208 0.888932 0)
(-0.0651014 0.891205 0)
(-0.0874601 0.865541 0)
(-0.124426 0.856229 0)
(-0.177975 0.907262 0)
(-0.25268 1.11901 0)
(-0.34941 1.61132 0)
(-0.433392 2.34503 0)
(-0.449435 2.91185 0)
(-0.565905 3.15803 0)
(-0.542152 3.27353 0)
(-0.464145 3.20733 0)
(-0.314805 2.65796 0)
(-0.0690524 1.75411 0)
(-0.0240207 1.21731 0)
(-0.0106659 0.673773 0)
(-0.00359968 0.143913 0)
(-0.00245104 0.128466 0)
(-0.014511 0.607168 0)
(-0.04015 0.875358 0)
(-0.0689434 0.945451 0)
(-0.114081 0.945227 0)
(-0.162018 0.925735 0)
(-0.23179 0.927113 0)
(-0.324899 0.990895 0)
(-0.439013 1.21384 0)
(-0.554581 1.70706 0)
(-0.644368 2.40367 0)
(-0.635371 2.92289 0)
(-0.646443 3.12264 0)
(-0.562402 3.18535 0)
(-0.44946 2.98679 0)
(-0.158923 2.14801 0)
(-0.0279503 1.55291 0)
(-0.00569393 1.15944 0)
(-0.00294569 0.656384 0)
(-0.00169768 0.125192 0)
(-0.00344611 0.163175 0)
(-0.0174246 0.675918 0)
(-0.0466166 0.969458 0)
(-0.081581 1.05374 0)
(-0.134776 1.06115 0)
(-0.194537 1.04822 0)
(-0.279001 1.05467 0)
(-0.390909 1.11575 0)
(-0.525443 1.3199 0)
(-0.668373 1.77519 0)
(-0.738065 2.43494 0)
(-0.714963 2.86692 0)
(-0.662745 3.02212 0)
(-0.508518 3.01015 0)
(-0.284459 2.55586 0)
(-0.0349084 1.83389 0)
(-0.00363399 1.45834 0)
(0.0129962 1.14151 0)
(0.0037718 0.662821 0)
(0.000353754 0.124249 0)
(-0.00397838 0.203725 0)
(-0.0185537 0.745675 0)
(-0.0502884 1.05454 0)
(-0.092995 1.14285 0)
(-0.156974 1.15517 0)
(-0.231033 1.15269 0)
(-0.330371 1.1738 0)
(-0.455589 1.24723 0)
(-0.594941 1.44901 0)
(-0.708297 1.87709 0)
(-0.740455 2.44786 0)
(-0.702296 2.79479 0)
(-0.560511 2.89833 0)
(-0.338705 2.69405 0)
(-0.0934431 2.18882 0)
(0.0382371 1.68772 0)
(0.0297402 1.43547 0)
(0.025119 1.15134 0)
(0.0107144 0.696268 0)
(0.00187366 0.139211 0)
(-0.00353796 0.243947 0)
(-0.0155259 0.817289 0)
(-0.0429339 1.17179 0)
(-0.0809419 1.28858 0)
(-0.138023 1.31472 0)
(-0.205158 1.31856 0)
(-0.293695 1.3415 0)
(-0.406424 1.40481 0)
(-0.534856 1.56751 0)
(-0.657086 1.91402 0)
(-0.71003 2.41334 0)
(-0.594513 2.64462 0)
(-0.381152 2.60383 0)
(-0.17053 2.36619 0)
(0.0199671 1.95434 0)
(0.0664873 1.64385 0)
(0.0463423 1.45079 0)
(0.0314703 1.1997 0)
(0.0120361 0.740094 0)
(0.00265101 0.163598 0)
(-0.00314411 0.277588 0)
(-0.0134978 0.868896 0)
(-0.0397323 1.23768 0)
(-0.0793327 1.35922 0)
(-0.137756 1.39212 0)
(-0.206873 1.40306 0)
(-0.295014 1.43567 0)
(-0.401618 1.50938 0)
(-0.512389 1.67544 0)
(-0.584806 1.99655 0)
(-0.601355 2.38507 0)
(-0.414988 2.53169 0)
(-0.204808 2.41559 0)
(-0.0224462 2.17301 0)
(0.071598 1.84634 0)
(0.0779647 1.6455 0)
(0.0567327 1.48812 0)
(0.0293727 1.25288 0)
(0.0105932 0.781752 0)
(0.00241869 0.19 0)
(-0.00188718 0.30727 0)
(-0.00778943 0.927599 0)
(-0.0241825 1.35283 0)
(-0.0531077 1.51189 0)
(-0.0952232 1.55641 0)
(-0.145774 1.57131 0)
(-0.207509 1.60051 0)
(-0.279772 1.65677 0)
(-0.356241 1.76999 0)
(-0.395785 1.99136 0)
(-0.360401 2.22786 0)
(-0.206655 2.27421 0)
(-0.0692218 2.15745 0)
(0.0304854 1.99486 0)
(0.0681512 1.80972 0)
(0.0635137 1.67974 0)
(0.0378256 1.57466 0)
(0.0187401 1.32465 0)
(0.00701242 0.8231 0)
(0.00167183 0.213372 0)
(-0.257368 1.62794 1.69387e-22)
(0.409009 3.25747 -1.39826e-19)
(0.0961154 3.48252 2.32748e-19)
(0.207046 3.44649 0)
(0.169944 3.39605 0)
(0.164736 3.34653 -2.23631e-19)
(0.167272 3.32046 2.69988e-19)
(0.139457 3.27187 -2.83345e-19)
(0.120558 3.17143 5.58257e-21)
(0.109485 2.56578 4.32272e-19)
(-0.104583 2.36606 4.76805e-23)
(0.140396 3.31156 1.73265e-19)
(0.0139026 3.4473 0)
(0.103887 3.39763 0)
(0.0799882 3.3499 6.63685e-21)
(0.0858993 3.31005 4.89106e-19)
(0.0813237 3.27491 -2.88757e-19)
(0.0561488 3.23761 -5.32003e-21)
(0.0540997 3.07741 5.0778e-21)
(0.00163542 2.08057 0)
(-0.0275752 2.09511 4.20752e-20)
(0.0909844 3.15333 -4.50606e-20)
(0.0310089 3.353 0)
(0.0785454 3.32891 2.21221e-19)
(0.0575544 3.30455 -1.45678e-21)
(0.0588169 3.28175 -2.64793e-19)
(0.0494602 3.26667 -3.58098e-19)
(0.0339535 3.2441 -2.32728e-22)
(0.0426467 3.11644 5.26521e-21)
(-0.0162689 2.20858 0)
(-0.0398006 2.03511 2.75473e-20)
(0.0305466 3.12709 0)
(-0.0103835 3.31366 -1.18718e-19)
(0.0256742 3.30966 -8.33857e-20)
(0.0193887 3.28597 9.74341e-21)
(0.0259273 3.26211 -1.87168e-19)
(0.0301814 3.24502 1.62233e-19)
(0.0233684 3.23265 -6.1307e-21)
(0.0432677 3.12354 8.20652e-21)
(0.00777544 2.24842 2.15618e-19)
(-0.0464844 2.03243 -7.22897e-20)
(0.0160232 3.09484 0)
(-0.00474861 3.26961 2.69117e-19)
(0.0154551 3.26312 -1.52377e-19)
(0.0160621 3.24882 -7.23463e-22)
(0.0192866 3.23721 -6.7514e-21)
(0.0222247 3.23337 -1.53754e-20)
(0.023003 3.22324 -2.23551e-19)
(0.0437239 3.12629 6.10248e-21)
(-0.00307964 2.31103 -4.55413e-19)
(-0.0522084 2.08801 0)
(-0.00821438 3.08834 -1.61009e-19)
(-0.0272361 3.24504 2.17894e-20)
(-0.0128088 3.24794 -1.13976e-20)
(-0.00388635 3.23288 1.17073e-20)
(0.0043524 3.22016 1.95966e-19)
(0.0171969 3.21039 2.0742e-19)
(0.0217054 3.20517 4.43822e-19)
(0.0428921 3.12365 2.49114e-19)
(0.0108678 2.3536 -1.64541e-20)
(-0.0482271 2.14579 0)
(-0.0185139 3.08437 1.6656e-19)
(-0.0179504 3.21479 -1.76613e-19)
(-0.0105991 3.21307 -1.26923e-20)
(0.000572716 3.20255 2.63701e-20)
(0.00838407 3.19559 3.76492e-22)
(0.0165343 3.19573 -1.43558e-20)
(0.0221797 3.19055 -2.33998e-19)
(0.0426421 3.12089 -2.42748e-19)
(0.003824 2.41934 -1.7129e-20)
(-0.0499016 2.22763 2.03188e-19)
(-0.0282086 3.08531 -9.4343e-21)
(-0.0315748 3.19461 6.52294e-21)
(-0.0231017 3.19597 0)
(-0.0127764 3.18587 0)
(-0.0010956 3.17822 0)
(0.0140466 3.17127 0)
(0.0209344 3.16933 2.69471e-19)
(0.0411018 3.11261 -2.7903e-19)
(0.0155553 2.46373 2.73001e-19)
(-0.044668 2.30983 2.56215e-20)
(-0.0325118 3.08676 2.26814e-19)
(-0.0203736 3.16995 0)
(-0.0145163 3.16552 -1.50882e-20)
(-0.00390711 3.15765 1.54334e-20)
(0.00553699 3.15298 0)
(0.0145227 3.15448 -8.46924e-21)
(0.0207815 3.1525 -2.61492e-19)
(0.0403063 3.10903 2.80025e-19)
(0.0103438 2.53289 0)
(-0.0449828 2.40151 1.72932e-20)
(-0.0364117 3.08548 -3.5007e-19)
(-0.0303191 3.14987 0)
(-0.0225275 3.14708 0)
(-0.0135534 3.13933 1.68956e-20)
(-0.00217177 3.1339 -1.43802e-19)
(0.0121159 3.12861 -1.78804e-20)
(0.0193166 3.1294 1.54071e-19)
(0.0384266 3.09614 0)
(0.0193697 2.58104 0)
(-0.0387555 2.49324 -3.7049e-19)
(-0.0380922 3.08357 1.25312e-19)
(-0.0201835 3.12442 0)
(-0.0130288 3.11617 0)
(-0.00354406 3.10944 0)
(0.00562411 3.10635 2.98399e-19)
(0.0139676 3.10911 0)
(0.0201501 3.11043 -1.64443e-19)
(0.0379747 3.09045 1.02271e-20)
(0.0148479 2.65375 1.74741e-19)
(-0.038618 2.58703 1.3373e-19)
(-0.0404893 3.07416 -1.31371e-20)
(-0.0300361 3.10105 1.58791e-19)
(-0.021317 3.09504 1.54654e-19)
(-0.0124363 3.08853 0)
(-0.000854727 3.08445 -1.54369e-19)
(0.0129479 3.08096 0)
(0.0211444 3.08458 0)
(0.0383734 3.0722 0)
(0.0224107 2.70643 -1.75552e-19)
(-0.034287 2.68054 -1.45848e-19)
(-0.0427998 3.06364 1.50792e-19)
(-0.0230598 3.0721 -1.49763e-19)
(-0.0131082 3.062 -2.37465e-19)
(-0.00288859 3.05684 0)
(0.00722328 3.05528 2.1339e-20)
(0.0163949 3.05908 -1.0882e-20)
(0.0247722 3.06294 8.17846e-20)
(0.0417723 3.06159 1.01469e-19)
(0.0207315 2.78037 -1.04566e-19)
(-0.0351912 2.77043 1.49618e-19)
(-0.0468978 3.04332 -1.44766e-19)
(-0.0330426 3.04546 1.04072e-20)
(-0.0208761 3.04035 6.08156e-20)
(-0.0110267 3.03639 -8.83342e-20)
(0.000294899 3.03403 0)
(0.0142338 3.03166 9.50605e-20)
(0.0257248 3.03564 4.95073e-21)
(0.0445511 3.03664 -1.97505e-19)
(0.0287488 2.83263 -6.55039e-21)
(-0.0290183 2.85701 -4.38941e-20)
(-0.0436684 3.02318 1.06416e-20)
(-0.0228009 3.01808 -5.5352e-20)
(-0.0110083 3.01453 2.26697e-20)
(-0.00218669 3.01409 1.07796e-19)
(0.00628835 3.01347 -4.60164e-20)
(0.0140179 3.01458 -4.52656e-20)
(0.0233068 3.01685 -4.7154e-20)
(0.041897 3.02178 1.01923e-19)
(0.0247214 2.90027 4.934e-20)
(-0.0178677 2.93857 3.52703e-20)
(-0.0261895 2.99914 1.56053e-20)
(-0.0162808 3.00048 3.04715e-20)
(-0.00940737 3.0017 -6.24593e-20)
(-0.00411913 3.00264 2.11677e-20)
(0.000637083 3.00218 4.28986e-20)
(0.00576025 3.0006 -4.47504e-20)
(0.0107485 2.99897 -4.6929e-20)
(0.0217928 2.9972 6.41051e-21)
(0.0165795 2.94917 4.53811e-20)
)
;

boundaryField
{
    wall-4
    {
        type            noSlip;
    }
    pressure-outlet-7
    {
        type            zeroGradient;
    }
    velocity-inlet-6
    {
        type            fixedValue;
        value           uniform (0 3 0);
    }
    velocity-inlet-5
    {
        type            fixedValue;
        value           uniform (1 0 0);
    }
    frontAndBackPlanes
    {
        type            empty;
    }
}


// ************************************************************************* //
