/*--------------------------------*- C++ -*----------------------------------*\
| =========                 |                                                 |
| \\      /  F ield         | OpenFOAM: The Open Source CFD Toolbox           |
|  \\    /   O peration     | Version:  v2012                                 |
|   \\  /    A nd           | Website:  www.openfoam.com                      |
|    \\/     M anipulation  |                                                 |
\*---------------------------------------------------------------------------*/
FoamFile
{
    version     2.0;
    format      ascii;
    class       volVectorField;
    location    "38";
    object      U;
}
// * * * * * * * * * * * * * * * * * * * * * * * * * * * * * * * * * * * * * //

dimensions      [0 1 -1 0 0 0 0];


internalField   nonuniform List<vector> 
2200
(
(0.878834 -0.0304163 0)
(1.00578 -0.051289 0)
(1.00328 -0.0354131 0)
(1.00027 -0.0244829 0)
(0.999873 -0.0167238 0)
(1.00001 -0.0107785 0)
(0.999993 -0.00689035 0)
(1.00001 -0.00423829 0)
(1.00002 -0.00228129 0)
(1.00017 -0.000719909 0)
(1.00005 0.000914024 0)
(1.00001 0.0024702 0)
(0.999985 0.00441527 0)
(0.999998 0.00703492 0)
(1.00004 0.0109133 0)
(0.999837 0.0167243 0)
(1.00019 0.0244682 0)
(1.00345 0.0350611 0)
(1.00591 0.0513608 0)
(0.878965 0.0303414 0)
(0.71197 -0.0327641 0)
(0.99661 -0.0630249 0)
(1.03324 -0.0561806 0)
(1.02481 -0.0464099 0)
(1.01586 -0.0361234 0)
(1.00969 -0.0264473 0)
(1.00593 -0.018162 0)
(1.00374 -0.0114343 0)
(1.00252 -0.00603421 0)
(1.00197 -0.00158442 0)
(1.00196 0.00259449 0)
(1.00244 0.0069738 0)
(1.00366 0.0122136 0)
(1.00591 0.0188488 0)
(1.00953 0.0270237 0)
(1.01569 0.0367536 0)
(1.02474 0.0471524 0)
(1.03305 0.0574952 0)
(0.996632 0.0631416 0)
(0.711787 0.032971 0)
(0.535526 -0.023896 0)
(0.96986 -0.0569504 0)
(1.05644 -0.0547174 0)
(1.05226 -0.0487951 0)
(1.03616 -0.0404413 0)
(1.02441 -0.0322787 0)
(1.01599 -0.0240969 0)
(1.01045 -0.0162859 0)
(1.00725 -0.00904766 0)
(1.00578 -0.00244605 0)
(1.00574 0.00395559 0)
(1.00713 0.0105471 0)
(1.01028 0.0177207 0)
(1.01561 0.0253473 0)
(1.02408 0.0332671 0)
(1.03597 0.0412747 0)
(1.05202 0.0493359 0)
(1.05636 0.0537298 0)
(0.969234 0.0575529 0)
(0.534477 0.0239251 0)
(0.392117 -0.0136743 0)
(0.911589 -0.0464517 0)
(1.0574 -0.0470697 0)
(1.06943 -0.0444196 0)
(1.05481 -0.0382797 0)
(1.03921 -0.0315473 0)
(1.02743 -0.0247678 0)
(1.01895 -0.0175694 0)
(1.01356 -0.010108 0)
(1.01086 -0.0025512 0)
(1.01075 0.00495147 0)
(1.01327 0.0123182 0)
(1.01847 0.0194366 0)
(1.02676 0.0262917 0)
(1.03846 0.0328219 0)
(1.05409 0.0393129 0)
(1.06856 0.0454389 0)
(1.05582 0.0480546 0)
(0.91016 0.0468873 0)
(0.390248 0.0137474 0)
(0.307473 -0.00451084 0)
(0.846597 -0.0323877 0)
(1.0494 -0.0399332 0)
(1.07952 -0.0381963 0)
(1.06828 -0.0335956 0)
(1.0517 -0.0279982 0)
(1.03821 -0.0226605 0)
(1.02804 -0.016703 0)
(1.02106 -0.00988293 0)
(1.01733 -0.00238648 0)
(1.01711 0.00533167 0)
(1.02051 0.012623 0)
(1.02719 0.0191502 0)
(1.03728 0.0248956 0)
(1.05059 0.0299138 0)
(1.06693 0.0353007 0)
(1.07785 0.0397153 0)
(1.04738 0.0413813 0)
(0.843454 0.0328501 0)
(0.304359 0.00468875 0)
(0.263991 0.000104105 0)
(0.788639 -0.0200923 0)
(1.03305 -0.0315332 0)
(1.0833 -0.0321942 0)
(1.07716 -0.0289972 0)
(1.06075 -0.0242004 0)
(1.04711 -0.0196917 0)
(1.03625 -0.0145746 0)
(1.02844 -0.00854313 0)
(1.024 -0.00153572 0)
(1.02371 0.0058148 0)
(1.02762 0.0125369 0)
(1.03509 0.0181875 0)
(1.04543 0.0228542 0)
(1.05886 0.0268412 0)
(1.07525 0.0312086 0)
(1.08097 0.033907 0)
(1.02994 0.0330599 0)
(0.783696 0.0206379 0)
(0.259695 8.31005e-05 0)
(0.239965 0.00104612 0)
(0.737822 -0.0123648 0)
(1.01326 -0.025163 0)
(1.08369 -0.0270009 0)
(1.08262 -0.0247844 0)
(1.06747 -0.0207431 0)
(1.05404 -0.0168456 0)
(1.04325 -0.0123434 0)
(1.03515 -0.00703708 0)
(1.03029 -0.000780233 0)
(1.02985 0.00581359 0)
(1.03393 0.0117395 0)
(1.04143 0.0166132 0)
(1.05192 0.0205686 0)
(1.06516 0.0241923 0)
(1.07983 0.0276125 0)
(1.08027 0.0293105 0)
(1.0082 0.0268808 0)
(0.730203 0.0130144 0)
(0.234224 -0.000865841 0)
(0.225489 0.000948028 0)
(0.694739 -0.00808673 0)
(0.9925 -0.0208439 0)
(1.08179 -0.0233064 0)
(1.08645 -0.0214642 0)
(1.07297 -0.0179691 0)
(1.05965 -0.0142266 0)
(1.04912 -0.00999945 0)
(1.04119 -0.00514016 0)
(1.03625 0.000458404 0)
(1.03567 0.00627312 0)
(1.03956 0.011498 0)
(1.04662 0.0156554 0)
(1.05657 0.0192559 0)
(1.06942 0.0220795 0)
(1.08232 0.0249507 0)
(1.07655 0.0260233 0)
(0.984852 0.0228919 0)
(0.684198 0.00891957 0)
(0.218219 -0.00075478 0)
(0.21586 0.000625552 0)
(0.659216 -0.00567608 0)
(0.971719 -0.0176653 0)
(1.07887 -0.0203132 0)
(1.08962 -0.0188088 0)
(1.07764 -0.0157166 0)
(1.06432 -0.0121918 0)
(1.05402 -0.00820835 0)
(1.04632 -0.00367585 0)
(1.04142 0.00141368 0)
(1.0406 0.00668117 0)
(1.04405 0.0113099 0)
(1.05075 0.0151072 0)
(1.06021 0.0182037 0)
(1.07319 0.0211463 0)
(1.08429 0.0234309 0)
(1.07213 0.0241563 0)
(0.961298 0.0203283 0)
(0.644849 0.00678612 0)
(0.206509 -0.00039232 0)
(0.208627 0.00029224 0)
(0.630526 -0.00423746 0)
(0.952704 -0.0150622 0)
(1.07557 -0.018074 0)
(1.09264 -0.0168339 0)
(1.08214 -0.0140213 0)
(1.06862 -0.0105247 0)
(1.05813 -0.00666931 0)
(1.05043 -0.00223469 0)
(1.04571 0.00262723 0)
(1.04473 0.00764967 0)
(1.0476 0.0118173 0)
(1.05381 0.0153024 0)
(1.0633 0.0181941 0)
(1.07603 0.0206396 0)
(1.08531 0.0225083 0)
(1.06558 0.0225926 0)
(0.937593 0.0182247 0)
(0.611398 0.00555189 0)
(0.196789 -1.76994e-05 0)
(0.202751 6.79802e-05 0)
(0.607195 -0.00314444 0)
(0.934711 -0.012668 0)
(1.07228 -0.0158338 0)
(1.09567 -0.0148325 0)
(1.08663 -0.0122278 0)
(1.07293 -0.00890001 0)
(1.06209 -0.00513696 0)
(1.05407 -0.000826439 0)
(1.04897 0.00390564 0)
(1.04745 0.00869289 0)
(1.05008 0.0127628 0)
(1.05637 0.0158607 0)
(1.06594 0.0183562 0)
(1.07881 0.0205068 0)
(1.08616 0.0219007 0)
(1.05955 0.0215022 0)
(0.915226 0.0164422 0)
(0.582682 0.00476611 0)
(0.187906 0.000259681 0)
(0.198166 2.39095e-05 0)
(0.588962 -0.00217242 0)
(0.918684 -0.00999074 0)
(1.06885 -0.0132552 0)
(1.09872 -0.0125169 0)
(1.09105 -0.0101287 0)
(1.07723 -0.00683972 0)
(1.06617 -0.0031722 0)
(1.05794 0.00112009 0)
(1.05273 0.00571647 0)
(1.05114 0.0100533 0)
(1.05334 0.0136871 0)
(1.05914 0.0165723 0)
(1.06849 0.0187621 0)
(1.08108 0.0205088 0)
(1.08613 0.0212919 0)
(1.05107 0.0202369 0)
(0.892288 0.0147071 0)
(0.557519 0.00419123 0)
(0.179611 0.000415283 0)
(0.195006 2.98511e-05 0)
(0.575388 -0.00129617 0)
(0.905357 -0.00759385 0)
(1.06584 -0.0105593 0)
(1.10139 -0.00969997 0)
(1.0954 -0.00744285 0)
(1.08176 -0.00449875 0)
(1.07043 -0.00100632 0)
(1.0617 0.0030762 0)
(1.05564 0.00747129 0)
(1.05316 0.0115345 0)
(1.05512 0.014921 0)
(1.06113 0.0173587 0)
(1.07049 0.0189861 0)
(1.08232 0.0201282 0)
(1.08551 0.0204906 0)
(1.04365 0.0192228 0)
(0.871533 0.0132597 0)
(0.535863 0.00375979 0)
(0.17196 0.00047559 0)
(0.193074 5.35353e-05 0)
(0.565425 -0.000647763 0)
(0.893038 -0.00550428 0)
(1.06311 -0.00817158 0)
(1.10474 -0.00710243 0)
(1.09989 -0.00455984 0)
(1.0862 -0.00133945 0)
(1.07452 0.00209828 0)
(1.06518 0.00592774 0)
(1.05856 0.0100587 0)
(1.05599 0.0138129 0)
(1.05777 0.0165041 0)
(1.06305 0.0181468 0)
(1.07205 0.0193459 0)
(1.08354 0.0199839 0)
(1.08401 0.0203913 0)
(1.03295 0.0185152 0)
(0.849222 0.0122164 0)
(0.515581 0.0035922 0)
(0.164518 0.000536392 0)
(0.19255 -1.41694e-05 0)
(0.558655 4.68127e-05 0)
(0.884998 -0.00307387 0)
(1.0617 -0.00525604 0)
(1.108 -0.0039505 0)
(1.1046 -0.00128187 0)
(1.09106 0.00206929 0)
(1.07909 0.00556907 0)
(1.06923 0.00931073 0)
(1.06169 0.0130248 0)
(1.05795 0.0161695 0)
(1.05923 0.0181945 0)
(1.06491 0.019351 0)
(1.07378 0.0199519 0)
(1.08402 0.020777 0)
(1.08228 0.0204402 0)
(1.02449 0.0181946 0)
(0.830124 0.0116229 0)
(0.497945 0.00354653 0)
(0.157411 0.000592959 0)
(0.193343 -6.04169e-05 0)
(0.556985 0.00112535 0)
(0.878416 -0.000874198 0)
(1.06092 -0.00236359 0)
(1.11236 -0.00085041 0)
(1.10995 0.00209845 0)
(1.09615 0.00562225 0)
(1.08386 0.00928279 0)
(1.07371 0.0129557 0)
(1.06588 0.0165185 0)
(1.06174 0.0192963 0)
(1.0618 0.0208758 0)
(1.06569 0.0214794 0)
(1.0742 0.0217819 0)
(1.0835 0.0217854 0)
(1.07865 0.0208548 0)
(1.01158 0.0179413 0)
(0.807908 0.0109888 0)
(0.47991 0.00349288 0)
(0.149942 0.000630632 0)
(0.195947 0.000415923 0)
(0.558198 0.00172023 0)
(0.875849 0.00200696 0)
(1.06166 0.00122484 0)
(1.11624 0.00302098 0)
(1.11495 0.00581767 0)
(1.10104 0.00943789 0)
(1.08816 0.013123 0)
(1.07733 0.0172129 0)
(1.0685 0.0209984 0)
(1.06287 0.0235938 0)
(1.06187 0.02456 0)
(1.06602 0.0245868 0)
(1.07422 0.0240842 0)
(1.08221 0.0230934 0)
(1.07511 0.0214104 0)
(1.00112 0.0179686 0)
(0.789807 0.0106211 0)
(0.464586 0.00350219 0)
(0.142984 0.000641216 0)
(0.200508 0.000692833 0)
(0.562361 0.002709 0)
(0.877414 0.00448024 0)
(1.06337 0.00469194 0)
(1.12084 0.00713685 0)
(1.12035 0.0103563 0)
(1.10582 0.0139816 0)
(1.09198 0.0181471 0)
(1.08009 0.0222305 0)
(1.07004 0.0259313 0)
(1.06339 0.0281644 0)
(1.06141 0.0289161 0)
(1.06407 0.0282055 0)
(1.07182 0.026898 0)
(1.07907 0.0253324 0)
(1.06793 0.0230069 0)
(0.985074 0.018384 0)
(0.766799 0.0105479 0)
(0.446971 0.00369111 0)
(0.13518 0.000681142 0)
(0.208271 0.000857171 0)
(0.572524 0.00418111 0)
(0.883255 0.00754259 0)
(1.06795 0.00964149 0)
(1.12592 0.0125134 0)
(1.12598 0.0157488 0)
(1.1111 0.020115 0)
(1.09642 0.0244404 0)
(1.08313 0.0288664 0)
(1.07129 0.0327559 0)
(1.06318 0.0345886 0)
(1.06024 0.034128 0)
(1.06289 0.0324416 0)
(1.06997 0.0301943 0)
(1.0754 0.027507 0)
(1.06105 0.0242817 0)
(0.972139 0.0189669 0)
(0.749017 0.0109553 0)
(0.432049 0.004034 0)
(0.12777 0.000711605 0)
(0.217523 0.00106302 0)
(0.586514 0.0053623 0)
(0.893782 0.0108361 0)
(1.07488 0.0143847 0)
(1.13232 0.0179451 0)
(1.13302 0.0224133 0)
(1.11766 0.0270459 0)
(1.10232 0.0322128 0)
(1.08799 0.0369179 0)
(1.07447 0.0403573 0)
(1.06387 0.0411408 0)
(1.05873 0.0401725 0)
(1.05892 0.0377536 0)
(1.06477 0.0346326 0)
(1.06932 0.0314405 0)
(1.05072 0.0269731 0)
(0.953048 0.0205072 0)
(0.724374 0.011909 0)
(0.412379 0.00457002 0)
(0.118575 0.000756146 0)
(0.23109 0.00146699 0)
(0.608185 0.0071727 0)
(0.911131 0.014944 0)
(1.08565 0.0203609 0)
(1.14074 0.0250894 0)
(1.14117 0.0297337 0)
(1.12514 0.0355957 0)
(1.10856 0.0413019 0)
(1.09243 0.0466072 0)
(1.07668 0.0504309 0)
(1.06431 0.0511694 0)
(1.05809 0.0490335 0)
(1.05762 0.0450167 0)
(1.06186 0.0403788 0)
(1.063 0.0357648 0)
(1.04013 0.0300558 0)
(0.936651 0.022842 0)
(0.704722 0.0136687 0)
(0.39448 0.00533737 0)
(0.109434 0.000810855 0)
(0.2474 0.0020306 0)
(0.633732 0.00878338 0)
(0.933162 0.0188333 0)
(1.09984 0.0263809 0)
(1.15092 0.0323546 0)
(1.15093 0.0393774 0)
(1.13323 0.0461445 0)
(1.11478 0.0528699 0)
(1.09634 0.0586544 0)
(1.07788 0.0619741 0)
(1.0622 0.0613077 0)
(1.05257 0.057453 0)
(1.04954 0.052684 0)
(1.05276 0.0472514 0)
(1.05378 0.0421941 0)
(1.02609 0.0353688 0)
(0.913231 0.0265203 0)
(0.674756 0.0160924 0)
(0.368427 0.00621155 0)
(0.0973702 0.000894027 0)
(0.270149 0.00286192 0)
(0.66844 0.012598 0)
(0.962043 0.0252553 0)
(1.11865 0.0353285 0)
(1.16442 0.043429 0)
(1.16239 0.0514559 0)
(1.14249 0.0598202 0)
(1.12124 0.0674338 0)
(1.09946 0.0734926 0)
(1.07758 0.0764683 0)
(1.05951 0.075189 0)
(1.04946 0.0705158 0)
(1.04624 0.0637844 0)
(1.04761 0.0563033 0)
(1.04347 0.0493691 0)
(1.01026 0.0409449 0)
(0.890603 0.0310058 0)
(0.648192 0.0189741 0)
(0.343451 0.0072573 0)
(0.085224 0.000960945 0)
(0.301763 0.00375832 0)
(0.714536 0.015549 0)
(1.00041 0.0329352 0)
(1.14342 0.0462379 0)
(1.18152 0.0561352 0)
(1.17674 0.0675254 0)
(1.15318 0.0773627 0)
(1.12858 0.0858404 0)
(1.10333 0.0917712 0)
(1.07786 0.0936056 0)
(1.05569 0.08996 0)
(1.04076 0.0822804 0)
(1.03382 0.0739527 0)
(1.03378 0.0657114 0)
(1.0306 0.0581896 0)
(0.991732 0.0485741 0)
(0.859998 0.0363025 0)
(0.607976 0.0220574 0)
(0.307567 0.0080397 0)
(0.0695372 0.000963338 0)
(0.338098 0.0072396 0)
(0.772064 0.0246811 0)
(1.0472 0.0454825 0)
(1.17389 0.0625355 0)
(1.20343 0.0756933 0)
(1.19318 0.089081 0)
(1.16511 0.0999276 0)
(1.13617 0.108575 0)
(1.10641 0.113867 0)
(1.07635 0.11435 0)
(1.05067 0.109156 0)
(1.0352 0.100367 0)
(1.02902 0.0905475 0)
(1.02741 0.079809 0)
(1.01604 0.0693905 0)
(0.968015 0.0570201 0)
(0.826616 0.0425293 0)
(0.569827 0.025391 0)
(0.274049 0.00910987 0)
(0.0548929 0.000868677 0)
(0.41914 0.0108931 0)
(0.857608 0.0355847 0)
(1.10944 0.0657001 0)
(1.21184 0.0873907 0)
(1.22888 0.101817 7.10663e-34)
(1.21143 0.118193 -3.1713e-34)
(1.17695 0.129063 0)
(1.14294 0.136894 0)
(1.10844 0.140434 0)
(1.07424 0.138523 0)
(1.0446 0.129966 0)
(1.02418 0.117876 0)
(1.01262 0.10495 0)
(1.00754 0.092776 0)
(0.997313 0.081693 0)
(0.941318 0.0675615 0)
(0.783546 0.0492228 0)
(0.514306 0.0289841 0)
(0.225187 0.00915932 0)
(0.0357342 0.000720443 0)
(0.489386 0.0261306 5.43369e-20)
(0.956895 0.0591501 -4.10362e-20)
(1.17601 0.0993251 0)
(1.25031 0.124057 3.12251e-20)
(1.25627 0.140333 -2.53097e-20)
(1.22865 0.157226 3.34595e-34)
(1.18766 0.166296 0)
(1.14813 0.1723 1.74784e-20)
(1.10806 0.173758 -5.72015e-20)
(1.06795 0.169316 1.16259e-20)
(1.03343 0.158528 0)
(1.01147 0.144374 -2.9136e-20)
(1.00172 0.130808 -3.47809e-20)
(0.996644 0.116854 6.07812e-20)
(0.971283 0.100817 -4.79873e-20)
(0.895541 0.0808359 0)
(0.720004 0.0577297 -1.73533e-20)
(0.442597 0.0316613 0)
(0.171355 0.0102608 -9.548e-20)
(0.0178854 0.000895715 1.12639e-19)
(0.523559 0.0538583 -7.06877e-21)
(1.01701 0.102621 1.27253e-19)
(1.22336 0.149168 -8.38566e-21)
(1.28294 0.171398 -8.00178e-20)
(1.27989 0.188748 -5.36204e-20)
(1.24337 0.20354 8.70887e-20)
(1.19634 0.210189 0)
(1.15115 0.21398 0)
(1.10544 0.212971 9.12209e-20)
(1.0605 0.205964 0)
(1.0217 0.192078 1.05781e-19)
(0.994047 0.175855 3.12608e-20)
(0.974698 0.159172 3.58621e-22)
(0.956623 0.140884 -6.64805e-20)
(0.931316 0.123722 0)
(0.851589 0.102716 0)
(0.668411 0.0729345 -2.84348e-19)
(0.397861 0.0415304 7.12272e-19)
(0.153186 0.0133508 -4.22705e-19)
(0.011536 0.0017131 -4.98586e-19)
(0.530177 0.0764387 -7.98079e-20)
(1.05237 0.159203 2.96338e-20)
(1.25842 0.210041 1.53019e-20)
(1.30871 0.230413 1.40264e-19)
(1.29812 0.245531 1.42388e-20)
(1.25467 0.255766 -2.27835e-19)
(1.20247 0.258753 7.70176e-20)
(1.15188 0.259648 0)
(1.10075 0.256017 -1.93342e-19)
(1.04964 0.246231 1.70032e-19)
(1.00435 0.229993 -2.85493e-19)
(0.972268 0.211478 1.33603e-19)
(0.95147 0.192174 -8.61668e-20)
(0.936954 0.175252 1.94203e-19)
(0.90037 0.155182 0)
(0.813443 0.127755 -7.10281e-20)
(0.637128 0.0926621 0)
(0.387502 0.0517272 3.93338e-19)
(0.153965 0.0207409 -9.33905e-19)
(0.0156341 0.00167376 5.84994e-19)
(0.522301 0.1082 2.43836e-19)
(1.06849 0.215664 -1.05013e-19)
(1.27831 0.274974 -2.1546e-20)
(1.32536 0.294595 0)
(1.30979 0.307192 -1.02697e-19)
(1.26159 0.312198 1.26236e-19)
(1.20509 0.310687 -8.23934e-20)
(1.14978 0.307835 0)
(1.0937 0.300204 1.37477e-19)
(1.03792 0.286129 -1.19617e-19)
(0.989409 0.266834 2.47478e-19)
(0.952277 0.245221 0)
(0.924391 0.225396 -1.83167e-19)
(0.897059 0.204215 1.03342e-19)
(0.864703 0.182827 2.60318e-19)
(0.78536 0.156934 -2.29013e-19)
(0.622555 0.117644 3.66447e-19)
(0.389241 0.0706986 -8.11071e-19)
(0.168845 0.0306214 5.12317e-19)
(0.0252897 0.0045405 -6.41032e-19)
(0.509782 0.132419 -9.84465e-20)
(1.07481 0.270166 7.11337e-20)
(1.28827 0.341037 -7.1048e-20)
(1.33376 0.359695 1.34875e-19)
(1.31476 0.369844 -1.23367e-19)
(1.2635 0.370071 4.05809e-20)
(1.20377 0.364399 3.65695e-21)
(1.14449 0.357648 -1.58424e-19)
(1.08414 0.346229 -1.44434e-19)
(1.02377 0.32937 -2.57004e-19)
(0.969349 0.305965 -5.32052e-19)
(0.927459 0.281175 -1.63221e-19)
(0.898717 0.25881 2.41318e-21)
(0.877827 0.239346 -3.53007e-19)
(0.836767 0.21715 -6.31093e-21)
(0.755593 0.185013 3.329e-19)
(0.603635 0.141791 -1.00665e-19)
(0.389436 0.0894275 -5.85769e-20)
(0.181888 0.0421425 0)
(0.0342702 0.00812169 1.36103e-18)
(0.491781 0.152885 0)
(1.06738 0.319494 -1.14776e-20)
(1.28972 0.404202 0)
(1.33559 0.423598 -1.26559e-20)
(1.3141 0.432226 1.2172e-19)
(1.26093 0.428089 -9.34317e-20)
(1.19901 0.418406 9.0409e-20)
(1.13686 0.407634 2.59501e-19)
(1.0736 0.392132 -8.01423e-20)
(1.0093 0.369782 1.27909e-19)
(0.950756 0.342155 2.85956e-19)
(0.90677 0.316155 3.55374e-19)
(0.873438 0.292482 -2.13328e-19)
(0.839259 0.267777 3.81603e-19)
(0.805557 0.244812 -3.01981e-19)
(0.73623 0.216569 0)
(0.597687 0.169127 -7.63296e-19)
(0.396592 0.111375 1.02745e-18)
(0.195464 0.0556168 7.66944e-20)
(0.0425453 0.012407 -1.43483e-18)
(0.477397 0.173265 -5.136e-21)
(1.05878 0.367738 -6.49794e-22)
(1.28611 0.464922 1.40713e-19)
(1.33239 0.485054 -1.32315e-19)
(1.30902 0.492463 9.7684e-20)
(1.25455 0.484683 -9.18998e-20)
(1.19089 0.471644 1.80695e-19)
(1.12627 0.457252 -7.92523e-20)
(1.05926 0.437967 -3.24398e-19)
(0.990417 0.412784 2.12762e-22)
(0.928931 0.38387 -3.09935e-19)
(0.881638 0.351852 -3.81253e-19)
(0.846455 0.325423 2.34699e-19)
(0.823009 0.30227 -1.37024e-19)
(0.78328 0.279057 3.27124e-19)
(0.711585 0.242905 0)
(0.58177 0.194698 -4.72148e-19)
(0.396631 0.131576 6.97286e-19)
(0.203795 0.0685254 1.32252e-18)
(0.0481068 0.0164571 -1.55596e-18)
(0.462798 0.1907 2.80948e-20)
(1.0454 0.412108 -2.13084e-20)
(1.27858 0.522486 -8.83146e-20)
(1.32539 0.544086 1.38303e-19)
(1.30047 0.550642 1.1676e-20)
(1.24519 0.539584 -1.82204e-19)
(1.18046 0.523462 -1.03569e-19)
(1.11421 0.505739 -9.9124e-20)
(1.04578 0.482719 -1.81701e-19)
(0.976614 0.453257 2.92738e-19)
(0.912383 0.416319 3.14459e-19)
(0.861984 0.383874 6.0529e-19)
(0.825058 0.355507 0)
(0.7878 0.329233 5.98122e-21)
(0.755782 0.303159 -8.9547e-19)
(0.694815 0.273643 2.08361e-19)
(0.57458 0.220331 1.01722e-18)
(0.397618 0.152819 -2.99939e-19)
(0.208871 0.080649 6.26566e-19)
(0.0516292 0.020064 -5.22961e-20)
(0.453557 0.20933 5.88926e-21)
(1.03362 0.455078 6.31323e-21)
(1.26869 0.577064 -5.01835e-20)
(1.31581 0.599884 1.75904e-19)
(1.28956 0.605674 -2.20871e-19)
(1.23368 0.591946 1.82948e-19)
(1.16809 0.573237 1.07459e-19)
(1.10041 0.552445 2.98339e-19)
(1.02932 0.526101 3.67423e-19)
(0.95426 0.492987 -3.35294e-19)
(0.885664 0.454897 0)
(0.835025 0.418296 -2.27483e-19)
(0.799168 0.386499 2.61172e-19)
(0.77432 0.360991 3.27601e-19)
(0.734621 0.334649 -1.89405e-19)
(0.66994 0.296259 -4.61973e-19)
(0.555216 0.243824 -1.3809e-19)
(0.388985 0.169586 -1.43093e-21)
(0.205618 0.0904784 0)
(0.0519145 0.0220706 0)
(0.44527 0.224912 -3.32994e-20)
(1.02112 0.495286 0)
(1.25733 0.628756 -3.78238e-20)
(1.30425 0.653361 2.56108e-21)
(1.27685 0.658381 2.45799e-19)
(1.22054 0.641985 -6.34138e-20)
(1.15431 0.620892 1.09331e-19)
(1.08535 0.5975 -2.0288e-19)
(1.01274 0.568339 2.78994e-19)
(0.937975 0.531648 -1.07825e-19)
(0.871205 0.488894 1.79431e-19)
(0.817174 0.448667 7.21017e-19)
(0.775344 0.416876 1.38307e-20)
(0.738887 0.384951 -3.41794e-19)
(0.707671 0.355977 6.31209e-19)
(0.652377 0.324125 4.33568e-21)
(0.544023 0.264512 1.47737e-19)
(0.381061 0.185679 -7.05483e-19)
(0.199132 0.0973485 7.22181e-19)
(0.0498403 0.0235829 -8.55381e-19)
(0.438981 0.243933 3.14445e-23)
(1.00944 0.533614 0)
(1.24491 0.677158 0)
(1.29145 0.703461 -1.76617e-20)
(1.26311 0.707777 -7.69094e-20)
(1.20646 0.689326 8.85777e-20)
(1.13972 0.666328 -2.07944e-19)
(1.06995 0.640508 0)
(0.996046 0.608561 -4.10393e-19)
(0.918166 0.569126 4.84221e-19)
(0.843939 0.523978 5.08527e-19)
(0.788123 0.479644 -2.64331e-19)
(0.751373 0.441415 -3.18157e-19)
(0.724142 0.413197 7.45193e-19)
(0.687746 0.384323 -2.24118e-19)
(0.627867 0.340557 -2.67707e-19)
(0.522977 0.282528 -1.60468e-19)
(0.368052 0.197017 -7.60228e-19)
(0.190741 0.101604 1.10004e-19)
(0.0463587 0.0242399 9.22962e-19)
(0.435452 0.26234 -2.13567e-20)
(0.998771 0.570101 -2.28411e-20)
(1.23192 0.723004 2.34481e-20)
(1.27774 0.751234 -1.22081e-22)
(1.24858 0.754879 -6.63801e-20)
(1.19171 0.734272 1.52717e-19)
(1.1247 0.709324 0)
(1.05423 0.681479 1.21284e-19)
(0.978751 0.64736 -9.56342e-20)
(0.898553 0.60522 8.07205e-19)
(0.824649 0.554581 -1.16281e-19)
(0.769987 0.50716 1.31287e-19)
(0.726494 0.469833 0)
(0.690159 0.434048 -4.0306e-19)
(0.660344 0.400065 4.87084e-19)
(0.609361 0.364536 0)
(0.508357 0.296558 -3.4645e-19)
(0.352865 0.206761 1.01805e-18)
(0.179916 0.103747 1.1993e-19)
(0.041847 0.0239792 -1.13577e-18)
(0.433462 0.279156 -6.05833e-20)
(0.988786 0.604542 7.83618e-20)
(1.21872 0.765766 0)
(1.26374 0.795644 -2.03587e-20)
(1.23387 0.798692 0)
(1.17684 0.776486 -1.8843e-19)
(1.10954 0.750123 0)
(1.03818 0.720393 0)
(0.961101 0.68423 -1.24023e-19)
(0.879144 0.639607 -7.66546e-19)
(0.803136 0.587951 -9.38106e-19)
(0.741736 0.538408 1.5261e-19)
(0.700594 0.493114 5.48699e-19)
(0.674976 0.458065 4.42949e-19)
(0.639516 0.425083 -1.56282e-18)
(0.58374 0.374436 -6.28214e-19)
(0.484116 0.309326 3.67515e-19)
(0.335179 0.211364 0)
(0.168233 0.104056 1.03211e-18)
(0.0371115 0.0227929 -1.22357e-18)
(0.432168 0.294808 7.74476e-20)
(0.979377 0.637226 -9.53136e-20)
(1.20562 0.806086 0)
(1.24957 0.837851 -1.07137e-20)
(1.21905 0.840429 1.46394e-20)
(1.16183 0.816515 0)
(1.09421 0.788557 6.33883e-20)
(1.02225 0.757312 8.23266e-20)
(0.944192 0.719431 -2.35481e-19)
(0.860068 0.673036 1.02426e-19)
(0.779218 0.6174 0)
(0.717919 0.562169 6.32435e-19)
(0.676228 0.51756 4.67612e-21)
(0.638631 0.475541 2.38886e-19)
(0.610778 0.434121 2.83548e-19)
(0.563058 0.393647 0)
(0.467256 0.316225 -6.02836e-19)
(0.317432 0.21502 1.18347e-18)
(0.155933 0.102637 -1.25264e-18)
(0.0324845 0.0212122 2.63548e-18)
(0.431123 0.309872 0)
(0.970557 0.668389 0)
(1.19289 0.843671 -4.2731e-20)
(1.23563 0.876935 0)
(1.20446 0.879068 0)
(1.14707 0.853964 -1.66895e-19)
(1.07928 0.824955 6.51257e-20)
(1.0067 0.79223 1.74719e-20)
(0.927468 0.753094 -5.45519e-20)
(0.841599 0.705102 0)
(0.760316 0.647914 -1.41928e-19)
(0.696073 0.592469 -5.15485e-19)
(0.64788 0.539146 -6.19021e-19)
(0.622072 0.495055 -2.48308e-19)
(0.589281 0.455484 3.07588e-19)
(0.536835 0.396108 -7.25566e-19)
(0.441289 0.323038 1.29737e-18)
(0.297746 0.213576 3.66953e-21)
(0.143732 0.099763 -1.20294e-18)
(0.0284013 0.0194077 -1.77873e-19)
(0.430174 0.3246 0)
(0.962251 0.698084 -8.06678e-20)
(1.18045 0.879081 5.61143e-20)
(1.22183 0.914021 0)
(1.19008 0.915847 0)
(1.13258 0.88945 3.3983e-19)
(1.06464 0.859206 0)
(0.991636 0.825294 0)
(0.911125 0.784732 -5.16432e-19)
(0.822485 0.735163 1.39354e-19)
(0.735235 0.676 -1.26185e-18)
(0.666566 0.61442 0)
(0.622981 0.561328 -6.69857e-19)
(0.583738 0.51096 1.09087e-20)
(0.55703 0.457931 -9.87045e-19)
(0.513712 0.409245 3.90635e-19)
(0.42425 0.321156 2.28486e-21)
(0.282099 0.211464 -1.36795e-18)
(0.133603 0.0959578 6.4881e-19)
(0.0246808 0.017619 1.90368e-19)
(0.429313 0.338964 0)
(0.954616 0.726483 -1.22352e-19)
(1.16854 0.912272 5.92508e-20)
(1.20853 0.948356 4.8452e-20)
(1.1762 0.949763 -2.74677e-20)
(1.11863 0.922493 3.62153e-20)
(1.05064 0.89153 -4.35341e-20)
(0.97704 0.856559 5.12248e-19)
(0.895308 0.815226 5.52437e-19)
(0.805397 0.765318 1.06755e-18)
(0.719147 0.705609 1.04857e-18)
(0.649617 0.643425 1.83257e-19)
(0.592871 0.583506 9.63615e-19)
(0.564033 0.527232 5.93266e-19)
(0.532501 0.476415 7.08614e-19)
(0.4857 0.401526 -4.28152e-19)
(0.39756 0.318611 -5.0054e-19)
(0.26497 0.200069 5.86e-19)
(0.125572 0.0922383 -3.47551e-19)
(0.0254466 0.0213818 6.16275e-19)
(0.428513 0.352866 1.78432e-19)
(0.947284 0.753225 1.90395e-19)
(1.1569 0.943417 3.60253e-20)
(1.19551 0.980868 1.62733e-20)
(1.16272 0.982027 5.58056e-20)
(1.10511 0.953789 -9.51921e-20)
(1.03703 0.921904 4.28123e-20)
(0.963043 0.886049 -2.0751e-20)
(0.880351 0.843704 -6.42737e-19)
(0.78862 0.792577 -1.15732e-18)
(0.695778 0.73099 7.3073e-20)
(0.616956 0.665997 0)
(0.567443 0.605053 0)
(0.52182 0.544034 -3.0914e-19)
(0.493695 0.472252 -1.15714e-18)
(0.456612 0.406395 9.22358e-19)
(0.383643 0.296613 5.48553e-19)
(0.26894 0.182185 0)
(0.136588 0.0686946 1.10839e-18)
(0.0191389 -0.00296829 -6.59473e-19)
(0.427794 0.366132 -9.43446e-20)
(0.940539 0.778754 8.416e-20)
(1.14585 0.972723 -9.04992e-20)
(1.1831 1.01097 -6.14883e-20)
(1.14984 1.01167 3.95294e-21)
(1.0922 0.982775 -2.95141e-20)
(1.02417 0.950464 0)
(0.949882 0.913966 -6.44221e-19)
(0.866485 0.871281 7.94268e-20)
(0.77301 0.820532 0)
(0.679704 0.759885 0)
(0.603194 0.695177 1.15841e-19)
(0.535918 0.628509 1.54881e-19)
(0.498531 0.558954 -3.3329e-19)
(0.462873 0.490957 8.30827e-19)
(0.418475 0.386359 -1.00448e-18)
(0.347129 0.277771 -1.17307e-18)
(0.264384 0.158242 1.0378e-18)
(0.183016 0.102264 -3.95786e-19)
(0.11399 0.082616 2.30622e-19)
(0.426944 0.378613 1.22743e-19)
(0.933823 0.802467 0)
(1.135 0.999999 0)
(1.17101 1.03936 -1.44595e-20)
(1.1374 1.03985 1.1706e-20)
(1.07982 1.01022 -2.09685e-20)
(1.01184 0.977242 1.84099e-19)
(0.937337 0.940167 6.64873e-19)
(0.853026 0.896836 1.16761e-18)
(0.758021 0.845039 -8.64075e-20)
(0.660459 0.782956 1.77435e-19)
(0.572046 0.717402 -1.03694e-18)
(0.510931 0.65167 -1.02683e-18)
(0.452012 0.580769 -1.78444e-19)
(0.410307 0.48368 0)
(0.373436 0.392754 -9.58271e-21)
(0.316354 0.215264 6.43268e-19)
(0.276916 0.0575715 -1.08805e-18)
(0.237184 -0.0717588 8.27888e-19)
(0.0813598 -0.0959282 6.88894e-19)
(0.426073 0.390599 -2.72809e-19)
(0.927586 0.825222 -1.2466e-19)
(1.12471 1.02591 6.8423e-21)
(1.15945 1.06586 4.33282e-20)
(1.12543 1.06594 0)
(1.06787 1.03587 -1.28202e-19)
(1.00001 1.00279 -2.60298e-19)
(0.925354 0.965489 1.61995e-21)
(0.840591 0.922247 -6.12684e-19)
(0.744036 0.871502 -8.47535e-20)
(0.644701 0.812084 7.87204e-20)
(0.55898 0.748461 9.10496e-19)
(0.478026 0.679161 1.00248e-18)
(0.425 0.597922 1.7328e-19)
(0.373649 0.514387 8.85145e-19)
(0.302127 0.3675 0)
(0.18753 0.202361 0)
(0.0163851 0.227871 7.52057e-19)
(-0.0757215 0.629056 -3.16256e-20)
(0.00476264 1.52787 -9.17211e-19)
(0.42499 0.40195 1.51507e-19)
(0.921303 0.846355 3.41663e-19)
(1.11451 1.05008 -4.53109e-19)
(1.14809 1.09115 2.10841e-19)
(1.11374 1.09127 2.61088e-21)
(1.05623 1.06084 -9.08935e-20)
(0.988399 1.0275 0)
(0.913499 0.990127 -5.57446e-19)
(0.827786 0.946906 0)
(0.729675 0.895706 1.20376e-18)
(0.62665 0.835122 -9.4517e-20)
(0.528502 0.772033 1.05979e-19)
(0.455092 0.708218 1.14201e-18)
(0.371931 0.636689 -3.74435e-19)
(0.282065 0.518311 -4.51176e-19)
(0.205003 0.426264 0)
(0.0960476 0.532406 0)
(0.0290308 1.30444 0)
(0.0740478 2.45199 -4.27785e-19)
(0.102664 2.90532 -2.62232e-19)
(0.423797 0.41273 0)
(0.915514 0.866688 0)
(1.1049 1.07325 1.66589e-19)
(1.1373 1.11491 -1.69205e-19)
(1.10253 1.1148 5.70782e-20)
(1.04501 1.08425 9.28783e-20)
(0.97728 1.05124 3.29604e-20)
(0.902295 1.01418 -2.56626e-20)
(0.816332 0.971723 8.55982e-20)
(0.716978 0.922624 -1.38158e-18)
(0.611531 0.866703 1.72273e-19)
(0.517457 0.808708 9.05405e-19)
(0.419317 0.744805 -1.13862e-18)
(0.344169 0.658193 -1.24073e-18)
(0.270084 0.581847 4.18173e-19)
(0.198461 0.708524 0)
(0.129594 1.53386 5.84365e-19)
(0.129208 2.68558 6.49491e-19)
(0.136996 3.08529 -7.26575e-19)
(0.128126 3.22094 7.86488e-19)
(0.422374 0.423046 0)
(0.909618 0.885302 3.11472e-19)
(1.09538 1.09462 -4.14057e-20)
(1.12677 1.13745 2.50656e-19)
(1.09168 1.13761 -5.99128e-20)
(1.03422 1.10703 0)
(0.966523 1.07407 0)
(0.891319 1.03736 0)
(0.804507 0.995516 4.92084e-19)
(0.70375 0.946714 6.46655e-20)
(0.595747 0.88991 0)
(0.488738 0.83223 -9.01466e-19)
(0.40674 0.776897 0)
(0.295195 0.71109 8.88908e-19)
(0.210062 0.782797 -5.96367e-19)
(0.161578 1.4566 -4.8058e-19)
(0.163902 2.67416 -1.13533e-18)
(0.184789 3.12655 -6.00802e-19)
(0.175408 3.26876 -8.26709e-19)
(0.160901 3.30926 6.44725e-19)
(0.420971 0.432561 -1.10113e-19)
(0.904247 0.903293 1.54047e-20)
(1.08649 1.11527 -4.67352e-20)
(1.11684 1.1587 -1.90994e-19)
(1.08134 1.15881 0)
(1.02386 1.12835 0)
(0.956247 1.09603 0)
(0.881045 1.05999 3.86429e-20)
(0.79419 1.01943 -6.21119e-19)
(0.692608 0.973543 0)
(0.582069 0.922886 0)
(0.483009 0.873615 0)
(0.368145 0.818237 0)
(0.3065 0.801373 6.48101e-19)
(0.275922 1.17696 1.59269e-18)
(0.258028 2.36771 4.73582e-19)
(0.269499 3.08284 9.61993e-19)
(0.263589 3.28606 -7.40386e-19)
(0.214096 3.35249 2.75506e-19)
(0.180977 3.36508 0)
(0.419357 0.441727 1.13976e-19)
(0.898512 0.919999 -6.98707e-19)
(1.0774 1.13465 -1.84622e-19)
(1.10691 1.17935 -3.9334e-20)
(1.07115 1.17994 1.31744e-20)
(1.01378 1.1497 -2.26093e-22)
(0.946211 1.11761 -9.16551e-21)
(0.870848 1.08221 -4.53035e-19)
(0.783345 1.04267 0)
(0.680888 0.997774 -8.02531e-20)
(0.570373 0.947202 7.30053e-20)
(0.456979 0.896574 0)
(0.373859 0.858922 0)
(0.321211 0.983739 -8.10146e-19)
(0.281473 1.85102 1.00984e-19)
(0.276938 2.93934 -3.57345e-19)
(0.297513 3.29071 7.47899e-19)
(0.270647 3.39017 5.50201e-19)
(0.204043 3.41494 -7.58223e-19)
(0.178854 3.42408 3.77496e-19)
(0.417492 0.451035 2.26262e-19)
(0.892782 0.937779 6.8544e-19)
(1.06821 1.15525 2.20203e-19)
(1.09679 1.20047 0)
(1.06069 1.20101 0)
(1.00337 1.17088 1.59923e-21)
(0.935994 1.13954 1.14667e-19)
(0.860856 1.10487 4.05113e-19)
(0.773695 1.0668 2.53677e-20)
(0.671161 1.02526 1.04104e-18)
(0.557492 0.981016 -1.2044e-18)
(0.451266 0.938177 0)
(0.370798 0.941283 0)
(0.339893 1.34558 -5.53799e-19)
(0.342281 2.47474 -6.65042e-19)
(0.384771 3.19905 0)
(0.409706 3.37439 -7.65727e-19)
(0.339857 3.43782 4.25556e-20)
(0.268722 3.48215 3.81727e-19)
(0.245532 3.50764 -1.31633e-19)
(0.415099 0.460768 -4.32127e-19)
(0.885876 0.955553 -3.30181e-19)
(1.05777 1.17593 0)
(1.08567 1.22245 0)
(1.04945 1.22348 0)
(0.992414 1.19345 0)
(0.925304 1.16215 -1.30586e-19)
(0.850275 1.12807 3.69475e-19)
(0.762854 1.091 0)
(0.660053 1.05064 -9.48641e-19)
(0.54975 1.00714 2.16314e-18)
(0.440824 0.972278 8.77002e-20)
(0.386426 1.05695 1.14806e-19)
(0.391067 1.7425 9.05367e-19)
(0.408809 2.89433 -4.88435e-19)
(0.446094 3.32399 0)
(0.428603 3.44978 2.15402e-19)
(0.342215 3.53765 9.3789e-20)
(0.263998 3.60276 1.46155e-19)
(0.188677 3.58234 5.06482e-22)
(0.412315 0.470824 2.06436e-19)
(0.878722 0.97532 -3.41527e-19)
(1.04691 1.19884 0)
(1.07394 1.24554 -5.63471e-20)
(1.03749 1.24621 1.87254e-19)
(0.980659 1.21604 0)
(0.914021 1.18537 0)
(0.839625 1.15184 -6.468e-19)
(0.753158 1.11609 -6.2303e-20)
(0.651423 1.07896 9.37061e-19)
(0.534958 1.04149 -1.0289e-18)
(0.447206 1.02527 5.94382e-19)
(0.409367 1.23824 0)
(0.432005 2.17784 -4.80858e-19)
(0.473876 3.14522 3.14004e-19)
(0.535605 3.42913 1.99769e-19)
(0.528683 3.52692 0)
(0.464344 3.61139 -3.43043e-20)
(0.392334 3.65386 -4.09874e-19)
(0.310652 3.62485 -9.42836e-20)
(0.408693 0.48124 -4.15702e-19)
(0.869956 0.99482 4.90146e-19)
(1.03446 1.22145 3.32547e-19)
(1.06101 1.26937 -8.15881e-20)
(1.02457 1.27045 -2.87124e-19)
(0.96831 1.24019 0)
(0.902253 1.20926 -2.46582e-20)
(0.828356 1.17614 2.38156e-19)
(0.742097 1.14123 3.60674e-20)
(0.640621 1.1052 -8.09516e-19)
(0.529553 1.07061 -5.54032e-20)
(0.451662 1.08216 -6.71187e-19)
(0.447825 1.46497 7.27776e-19)
(0.501618 2.53978 1.59711e-19)
(0.567727 3.30701 -2.82584e-19)
(0.621398 3.48197 1.50004e-19)
(0.581736 3.53655 0)
(0.522037 3.54177 0)
(0.42572 3.50806 -6.87667e-19)
(0.19307 3.30038 1.26707e-18)
(0.404676 0.491409 2.00194e-19)
(0.860821 1.01673 4.86256e-19)
(1.02158 1.24691 -3.43263e-19)
(1.04742 1.29455 2.96505e-19)
(1.0109 1.29484 3.0784e-19)
(0.955097 1.26409 0)
(0.889902 1.23357 3.68043e-20)
(0.817107 1.20073 2.13501e-19)
(0.732519 1.16682 0)
(0.633407 1.13343 0)
(0.523651 1.10732 0)
(0.460521 1.16216 0)
(0.48934 1.69608 -8.21368e-19)
(0.56354 2.84566 -2.12077e-19)
(0.63856 3.40173 0)
(0.681775 3.4986 -2.73987e-20)
(0.679743 3.50399 0)
(0.755942 3.34718 1.44852e-19)
(0.851822 2.9805 -1.81917e-18)
(0.452222 2.60543 1.90282e-18)
(0.399095 0.501644 -4.1058e-19)
(0.849542 1.03796 -3.12888e-19)
(1.00664 1.27156 -2.30137e-19)
(1.03233 1.32036 -2.77314e-19)
(0.996042 1.32092 -1.51735e-19)
(0.941224 1.28985 0)
(0.877022 1.25874 1.29864e-20)
(0.805232 1.22603 -4.91879e-20)
(0.721363 1.19267 -2.68859e-19)
(0.623076 1.16005 0)
(0.522789 1.14053 5.40883e-20)
(0.480997 1.25279 -6.15169e-20)
(0.541013 1.94769 0)
(0.637719 3.07357 2.77269e-19)
(0.728052 3.4429 0)
(0.761684 3.48086 -1.02259e-19)
(0.766521 3.39548 2.82583e-19)
(0.759161 3.01742 -1.42929e-19)
(0.514191 2.01122 2.83423e-19)
(-0.347117 0.508754 -6.94232e-19)
(0.392766 0.512091 -1.33846e-20)
(0.837498 1.06193 -1.6162e-19)
(0.990998 1.29996 3.16522e-19)
(1.01624 1.34822 -1.92985e-20)
(0.980091 1.34761 -5.09384e-20)
(0.925995 1.31581 0)
(0.863088 1.28503 3.25909e-20)
(0.792856 1.25252 -1.24454e-19)
(0.711489 1.22009 4.8487e-19)
(0.613719 1.18968 -5.63478e-19)
(0.523848 1.18288 -6.51053e-19)
(0.501921 1.36948 0)
(0.593896 2.23497 4.24468e-19)
(0.704001 3.21413 -5.83202e-20)
(0.779125 3.42677 2.8351e-20)
(0.786808 3.42332 0)
(0.715427 3.18997 -1.4932e-19)
(0.546381 2.41722 1.62014e-19)
(0.110465 0.663162 -1.92373e-19)
(-0.253552 -0.408456 -1.78944e-19)
(0.384243 0.521481 3.86279e-19)
(0.822722 1.08465 -1.59169e-19)
(0.972591 1.32687 2.2657e-19)
(0.998202 1.3766 1.73972e-19)
(0.96249 1.37641 1.03589e-19)
(0.909916 1.34432 1.81982e-19)
(0.848464 1.31286 -8.46321e-20)
(0.779865 1.28042 6.30909e-20)
(0.699714 1.24862 -3.70972e-19)
(0.603959 1.22034 2.97167e-20)
(0.528773 1.22671 9.94727e-20)
(0.537755 1.50896 -4.25925e-19)
(0.654005 2.50715 1.17946e-19)
(0.766848 3.29145 -2.25711e-19)
(0.828527 3.40048 3.75528e-20)
(0.807207 3.32137 8.21337e-20)
(0.683573 2.8865 -2.16225e-19)
(0.422917 1.67491 1.40637e-19)
(0.0641483 0.0586394 0)
(-0.0795779 -0.168459 -3.04831e-19)
(0.37465 0.530869 0)
(0.806524 1.1096 -6.04828e-19)
(0.953308 1.35811 2.38174e-20)
(0.978957 1.40737 -2.82542e-19)
(0.943713 1.4057 0)
(0.892241 1.3727 -1.36149e-19)
(0.832649 1.34155 9.77637e-20)
(0.766175 1.3094 -5.90202e-20)
(0.689695 1.27854 2.78551e-19)
(0.597338 1.25389 4.10218e-19)
(0.533837 1.28013 5.07843e-19)
(0.566977 1.66453 4.7107e-20)
(0.705964 2.7401 -3.14203e-19)
(0.817774 3.32088 1.17142e-20)
(0.85671 3.35738 7.40262e-21)
(0.783803 3.15827 8.0494e-20)
(0.543259 2.35888 9.21791e-20)
(0.121001 0.466115 -1.09248e-19)
(-0.134757 -0.245501 0)
(-0.114659 -0.207978 0)
(0.362281 0.538024 -3.75566e-19)
(0.786903 1.13242 6.0326e-19)
(0.93061 1.38663 0)
(0.957337 1.43797 0)
(0.922737 1.43692 0)
(0.873596 1.40371 0)
(0.816068 1.37184 -5.81912e-20)
(0.752051 1.33952 -1.56857e-20)
(0.677511 1.3093 -3.02979e-20)
(0.592033 1.28748 4.33431e-20)
(0.54228 1.34062 -4.35824e-19)
(0.610801 1.83617 3.08495e-19)
(0.768014 2.93763 0)
(0.863839 3.32722 3.6715e-20)
(0.880976 3.30067 5.92924e-20)
(0.740899 2.88792 -2.22159e-20)
(0.411516 1.72811 1.09212e-19)
(0.0136218 -0.0255471 6.04939e-20)
(-0.162375 -0.205015 -2.55822e-19)
(-0.0597794 -0.138966 -2.99551e-19)
(0.347471 0.543931 1.91315e-19)
(0.764248 1.15527 2.82032e-19)
(0.907001 1.41967 -9.22395e-21)
(0.934209 1.47119 1.52522e-19)
(0.900469 1.4683 0)
(0.853083 1.434 2.70608e-19)
(0.798071 1.40232 -5.11991e-20)
(0.736921 1.37039 1.31691e-20)
(0.665935 1.34075 -3.50922e-20)
(0.58726 1.32457 3.25832e-20)
(0.553233 1.40863 2.92899e-19)
(0.64788 2.0332 -1.49993e-19)
(0.811882 3.05771 -1.23966e-19)
(0.893822 3.31058 -2.84957e-22)
(0.881843 3.19472 -3.04376e-20)
(0.658271 2.55816 1.50493e-19)
(0.209606 0.822605 -8.56208e-20)
(-0.0791022 -0.276064 1.26178e-19)
(-0.139113 -0.229194 -3.8221e-19)
(-0.0616995 -0.135045 2.66159e-19)
(0.328931 0.546295 -1.78954e-19)
(0.737791 1.175 0)
(0.879416 1.44823 -2.0643e-19)
(0.908006 1.50312 -2.9497e-19)
(0.875232 1.50114 0)
(0.831377 1.46676 -2.12613e-19)
(0.779101 1.43431 0)
(0.721241 1.40174 -8.81314e-20)
(0.651725 1.37276 -4.16127e-20)
(0.584451 1.36114 1.10828e-19)
(0.567727 1.48608 -1.58621e-19)
(0.697412 2.23008 8.19933e-20)
(0.862851 3.1371 2.00408e-19)
(0.932744 3.29351 8.55919e-21)
(0.872932 3.06943 -3.05921e-20)
(0.552398 2.1279 -5.0363e-20)
(0.0907841 0.15929 1.26302e-19)
(-0.170013 -0.286671 -1.42963e-19)
(-0.107529 -0.216378 4.67594e-22)
(-0.0412829 -0.0766032 -2.77503e-20)
(0.307479 0.545596 3.57462e-19)
(0.708304 1.19349 -2.72229e-19)
(0.850572 1.48044 2.21972e-19)
(0.879717 1.53766 1.42438e-19)
(0.848684 1.53361 2.75806e-20)
(0.807587 1.4979 1.38343e-19)
(0.758358 1.46545 0)
(0.704461 1.43323 -3.66964e-20)
(0.639246 1.40522 0)
(0.580674 1.40142 -1.03656e-19)
(0.583316 1.56826 1.55632e-19)
(0.736236 2.40223 -7.85481e-21)
(0.896822 3.17773 -8.17992e-20)
(0.945296 3.24913 3.81904e-20)
(0.833482 2.87111 -1.11212e-20)
(0.423947 1.62645 6.0614e-20)
(-0.0481837 -0.11287 -1.91572e-19)
(-0.226757 -0.268019 -1.11529e-19)
(-0.123841 -0.240866 -4.52667e-20)
(-0.0581137 -0.0721184 2.08893e-19)
(0.282317 0.538778 4.28232e-21)
(0.674728 1.20722 1.40581e-19)
(0.816468 1.50551 0)
(0.847396 1.56884 2.67861e-19)
(0.818556 1.56675 -3.77957e-19)
(0.782179 1.53119 1.40742e-19)
(0.736375 1.49787 -9.19674e-20)
(0.686722 1.46434 7.24576e-20)
(0.624746 1.43743 -5.97636e-20)
(0.577203 1.4401 -6.63627e-21)
(0.600317 1.65179 5.62677e-20)
(0.784504 2.55841 7.60052e-20)
(0.933579 3.19495 3.73151e-20)
(0.967953 3.20743 -5.35612e-20)
(0.793167 2.67687 -6.50142e-20)
(0.30265 1.12345 1.25339e-19)
(-0.0830932 -0.236494 -1.26395e-19)
(-0.2485 -0.306511 8.16511e-20)
(-0.134936 -0.287694 8.45793e-22)
(-0.0749273 -0.0976745 -1.89356e-19)
(0.253676 0.524752 6.67813e-19)
(0.636313 1.21489 -1.40684e-19)
(0.780369 1.53303 -3.79213e-19)
(0.812755 1.60182 3.07842e-19)
(0.787476 1.59871 -1.64241e-19)
(0.75434 1.56147 2.72176e-19)
(0.71205 1.52805 1.40099e-19)
(0.667968 1.49471 0)
(0.612303 1.46881 6.82117e-20)
(0.572224 1.48123 -9.55204e-21)
(0.617281 1.7334 -2.20047e-20)
(0.819082 2.67042 -3.03431e-20)
(0.955877 3.19573 2.17529e-20)
(0.960948 3.14299 9.51387e-21)
(0.721487 2.44227 -1.02222e-19)
(0.20337 0.609081 -4.97619e-20)
(-0.0794683 -0.269915 1.40851e-19)
(-0.187353 -0.345746 5.83552e-20)
(-0.128251 -0.309039 1.86981e-20)
(-0.0685462 -0.118394 1.64415e-19)
(0.220929 0.50021 0)
(0.592842 1.21477 1.30991e-19)
(0.737594 1.54984 -1.71694e-19)
(0.77364 1.62858 2.9924e-19)
(0.752467 1.62986 -3.62546e-19)
(0.72406 1.59335 1.50929e-19)
(0.686317 1.55898 0)
(0.647216 1.52367 0)
(0.598976 1.49771 0)
(0.565976 1.51838 1.16305e-20)
(0.632329 1.80332 -1.09016e-20)
(0.858515 2.76403 1.20962e-20)
(0.976151 3.20045 5.31323e-20)
(0.971351 3.08515 4.7642e-20)
(0.688824 2.27566 -7.75455e-20)
(0.192988 0.360053 7.88991e-20)
(-0.0656955 -0.245795 4.29389e-21)
(-0.126463 -0.347974 -1.24606e-19)
(-0.100669 -0.296442 1.51728e-20)
(-0.0264591 -0.109406 0)
(0.184382 0.462383 6.14419e-19)
(0.542737 1.20045 -1.22492e-19)
(0.692679 1.56685 4.62831e-21)
(0.732481 1.65671 0)
(0.716181 1.658 -1.74004e-19)
(0.691024 1.62058 1.81514e-20)
(0.657607 1.58585 0)
(0.625409 1.5507 4.12314e-20)
(0.584956 1.5244 -3.25343e-20)
(0.558607 1.55369 0)
(0.645161 1.86035 0)
(0.880694 2.81274 -2.6142e-20)
(0.990191 3.20308 -8.37903e-20)
(0.946552 3.02812 -2.90561e-20)
(0.615544 2.06419 -1.65637e-20)
(0.0285618 0.176048 2.14096e-20)
(-0.164783 -0.176524 0)
(-0.153292 -0.313745 -6.40064e-20)
(-0.103682 -0.267323 -1.22193e-19)
(0.0303188 0.0119765 2.75569e-19)
(0.144356 0.408051 5.0763e-19)
(0.487354 1.17313 -1.17597e-19)
(0.639808 1.56676 1.64208e-19)
(0.686049 1.67437 -4.08417e-19)
(0.674897 1.68295 0)
(0.655358 1.64869 0)
(0.627405 1.61282 0)
(0.601253 1.57527 4.37176e-20)
(0.569607 1.54701 -3.44859e-20)
(0.54941 1.57958 0)
(0.65296 1.89769 0)
(0.913677 2.85349 1.01984e-19)
(1.00342 3.21956 -5.77247e-20)
(0.911324 3.03161 6.82269e-20)
(0.515233 1.94306 1.34673e-19)
(-0.13157 0.299467 0)
(-0.380902 -0.198254 -5.80361e-20)
(-0.391548 -0.424733 -2.50887e-20)
(-0.283945 -0.392126 3.3236e-19)
(-0.0299455 -0.00352303 -3.87162e-19)
(0.102326 0.334093 -4.71902e-19)
(0.423462 1.11798 1.24871e-19)
(0.584758 1.56233 3.49253e-19)
(0.637597 1.69201 2.32854e-19)
(0.63118 1.70268 -1.88579e-19)
(0.616957 1.67037 -1.21277e-19)
(0.593427 1.63328 8.04979e-20)
(0.574699 1.59621 0)
(0.55281 1.56518 0)
(0.53687 1.59667 0)
(0.654118 1.90738 -5.53834e-20)
(0.934071 2.8378 -1.09576e-19)
(1.04374 3.22255 7.76092e-20)
(0.943101 3.06848 -2.96859e-20)
(0.540737 1.9589 8.89751e-20)
(-0.12646 0.495718 0)
(-0.451607 -0.240818 1.86954e-19)
(-0.518091 -0.814931 -7.29959e-19)
(-0.524508 -0.952651 1.66515e-18)
(-0.239109 -0.704041 -9.11614e-19)
(0.0569088 0.2391 4.99396e-19)
(0.353199 1.0413 -4.1029e-19)
(0.518761 1.52812 0)
(0.582092 1.69208 1.16108e-19)
(0.583342 1.71708 8.24736e-20)
(0.575449 1.69122 1.70549e-19)
(0.557612 1.6535 -7.52475e-20)
(0.544873 1.61271 0)
(0.532621 1.57784 0)
(0.523044 1.60369 -1.09632e-19)
(0.645636 1.8897 -1.93826e-21)
(0.961053 2.80995 6.53064e-20)
(1.11955 3.21562 2.46495e-20)
(1.12082 3.13727 3.43362e-19)
(0.839164 2.26801 -8.14502e-19)
(0.291789 0.765393 1.213e-18)
(-0.177666 -0.217185 -8.67141e-19)
(-0.472276 -0.990883 0)
(-0.49919 -1.36532 -4.02202e-20)
(-0.348839 -1.22671 1.67948e-18)
(0.0191259 0.151353 5.11453e-19)
(0.269578 0.916157 0)
(0.451361 1.48143 0)
(0.524386 1.68793 0)
(0.532371 1.72361 6.73711e-20)
(0.530418 1.7034 -1.69732e-19)
(0.516762 1.66428 -7.17687e-20)
(0.510558 1.62424 0)
(0.507658 1.58371 0)
(0.507015 1.59785 6.94007e-20)
(0.621352 1.83824 2.29677e-20)
(0.971978 2.68704 -2.9901e-20)
(1.23956 3.12871 2.60479e-20)
(1.32235 3.01056 1.06079e-19)
(1.25301 2.53087 -3.00058e-19)
(0.928439 1.53752 2.81889e-19)
(0.481722 0.488606 -3.64259e-19)
(0.0592457 -0.411415 0)
(-0.231523 -1.47623 3.84392e-20)
(-0.323413 -1.50991 5.05176e-19)
(-0.00092477 0.0827551 -4.77113e-19)
(0.181065 0.756396 1.64414e-19)
(0.370489 1.378 2.50952e-19)
(0.460007 1.65372 -1.71988e-20)
(0.47868 1.72175 -1.49597e-19)
(0.481748 1.71318 -9.11092e-20)
(0.473247 1.67546 2.00766e-19)
(0.469569 1.63002 -6.83541e-21)
(0.475098 1.58025 0)
(0.481752 1.57969 1.85751e-20)
(0.576559 1.74706 -9.10188e-22)
(0.891831 2.50536 1.37386e-20)
(1.20944 2.96589 0)
(1.27702 2.89251 -2.61066e-20)
(1.22065 2.55301 0)
(1.06476 1.8557 -3.00449e-20)
(0.697507 0.884978 5.27574e-20)
(0.402572 -0.0168243 0)
(0.10128 -0.724895 0)
(-0.0655106 -1.00796 -4.54951e-19)
(-0.00316743 0.024224 3.80203e-19)
(0.0925827 0.490045 -1.42461e-19)
(0.301567 1.24733 1.11711e-19)
(0.394585 1.60249 -1.746e-19)
(0.420251 1.70697 6.78437e-20)
(0.427886 1.70843 -2.18606e-20)
(0.42326 1.67823 1.24547e-20)
(0.421592 1.63154 -2.76466e-20)
(0.428714 1.57171 -1.60858e-20)
(0.443787 1.54844 -5.84218e-21)
(0.495961 1.64087 6.4725e-21)
(0.710062 2.21466 0)
(1.02859 2.80146 2.20919e-20)
(1.0877 2.77241 0)
(1.07583 2.57811 0)
(0.984291 2.1623 0)
(0.733978 1.46045 6.35149e-19)
(0.45652 0.729183 -1.56232e-18)
(0.201921 0.0865122 1.08791e-20)
(0.0129717 -0.326953 1.11804e-18)
(0.00503478 -0.0322546 6.66663e-20)
(0.0279832 0.205767 6.2537e-20)
(0.208085 0.99085 -5.09518e-20)
(0.325031 1.49809 -3.76497e-20)
(0.360805 1.67969 3.04383e-20)
(0.370358 1.70148 2.04104e-20)
(0.368664 1.68117 1.35897e-20)
(0.362587 1.62862 0)
(0.365345 1.56052 -6.13506e-21)
(0.377177 1.51294 -2.26427e-21)
(0.389721 1.55309 -9.50103e-22)
(0.46783 1.92813 0)
(0.755154 2.63003 1.52777e-20)
(0.776419 2.70638 -4.11835e-20)
(0.752611 2.63535 0)
(0.701579 2.41127 0)
(0.566331 1.96816 -3.95307e-20)
(0.365641 1.35523 0)
(0.190081 0.787709 -3.06837e-20)
(0.052718 0.331829 0)
(0.00738373 -0.0745418 0)
(0.00754733 0.0414949 0)
(0.103674 0.653468 0)
(0.237994 1.32376 0)
(0.288228 1.6168 -7.39562e-34)
(0.303544 1.6816 5.29763e-34)
(0.30527 1.67392 0)
(0.300768 1.62696 0)
(0.297474 1.5522 0)
(0.301701 1.49126 0)
(0.304218 1.51141 0)
(0.299597 1.78937 0)
(0.533194 2.48329 0)
(0.551246 2.71639 0)
(0.524044 2.71561 0)
(0.483758 2.61985 0)
(0.412305 2.35502 0)
(0.271664 1.87106 0)
(0.131927 1.3863 0)
(0.028356 0.834411 0)
(0.000848011 -0.0937715 0)
(0.0107195 -0.0508556 0)
(0.0427834 0.344578 0)
(0.168292 1.12649 0)
(0.21684 1.53792 0)
(0.233897 1.65768 0)
(0.238634 1.6617 0)
(0.238504 1.62564 0)
(0.231354 1.54937 0)
(0.234309 1.48618 0)
(0.244509 1.50095 0)
(0.197088 1.73228 0)
(0.376231 2.40293 0)
(0.409137 2.73575 0)
(0.36819 2.79045 0)
(0.338072 2.75343 0)
(0.289197 2.58003 0)
(0.191083 2.1885 0)
(0.0847022 1.72207 0)
(0.0140969 1.08541 0)
(0.00165968 -0.125707 0)
(0.0259696 -0.114976 0)
(0.0207406 0.186053 0)
(0.097029 0.974677 0)
(0.140294 1.46024 0)
(0.159952 1.6294 0)
(0.169382 1.64818 0)
(0.175626 1.62234 0)
(0.172621 1.55132 0)
(0.175485 1.49163 0)
(0.197023 1.5055 0)
(0.128873 1.70257 0)
(0.254662 2.34794 0)
(0.294351 2.75404 0)
(0.254809 2.85758 0)
(0.222188 2.85214 0)
(0.189106 2.73772 0)
(0.122387 2.41966 0)
(0.0475723 1.99099 0)
(0.00267249 1.2682 0)
(0.00337885 -0.179512 0)
(0.0245465 -0.15863 0)
(0.00572712 0.182268 0)
(0.0275783 0.897909 0)
(0.0624783 1.41074 0)
(0.0856826 1.60085 0)
(0.102984 1.63229 0)
(0.115206 1.6154 0)
(0.123167 1.55061 0)
(0.123107 1.49682 0)
(0.152995 1.51482 0)
(0.0832836 1.6869 0)
(0.166716 2.31502 0)
(0.200183 2.77374 0)
(0.166416 2.91374 0)
(0.137289 2.93083 0)
(0.112724 2.85139 0)
(0.0652627 2.57255 0)
(0.0132376 2.1386 0)
(-0.00855795 1.31276 0)
(0.00343785 -0.209042 0)
(0.00673457 -0.163727 0)
(-0.0159186 0.220163 0)
(-0.0291317 0.880006 0)
(-0.00969993 1.37385 0)
(0.0120268 1.5727 0)
(0.0388549 1.61227 0)
(0.0602803 1.60118 0)
(0.0777098 1.54439 0)
(0.0764595 1.49965 0)
(0.111735 1.52163 0)
(0.0528843 1.67595 0)
(0.10642 2.28532 0)
(0.130735 2.7848 0)
(0.100833 2.95315 0)
(0.0776371 2.98708 0)
(0.0617663 2.92563 0)
(0.028816 2.67812 0)
(-0.00201562 2.2434 0)
(-0.0141603 1.29794 0)
(-0.000339562 -0.205587 0)
(-0.0144892 -0.107594 0)
(-0.0506533 0.302622 0)
(-0.0732934 0.909359 0)
(-0.0640925 1.34572 0)
(-0.042415 1.53509 0)
(-0.0135988 1.58342 0)
(0.0131803 1.58085 0)
(0.0365256 1.53338 0)
(0.0378145 1.49481 0)
(0.0747376 1.52529 0)
(0.0278887 1.67272 0)
(0.0642556 2.26964 0)
(0.0778518 2.79116 0)
(0.0524694 2.98098 0)
(0.0347751 3.02851 0)
(0.0220623 2.98029 0)
(-3.95397e-05 2.74269 0)
(-0.0250021 2.28476 0)
(-0.0160738 1.25041 0)
(-0.00557917 -0.157766 0)
(-0.0293186 -0.015033 0)
(-0.0701124 0.395139 0)
(-0.0972825 0.945982 0)
(-0.0944235 1.31568 0)
(-0.0747256 1.48704 0)
(-0.0467959 1.54345 0)
(-0.0206051 1.55427 0)
(0.00739071 1.51604 0)
(0.00991179 1.48301 0)
(0.0448503 1.52483 0)
(0.00829579 1.66983 0)
(0.0345683 2.25438 0)
(0.0392275 2.79533 0)
(0.0179726 3.00178 0)
(0.00279942 3.06067 0)
(-0.0083932 3.01407 0)
(-0.0239175 2.77554 0)
(-0.0332303 2.28008 0)
(-0.0194944 1.15366 0)
(-0.00730699 -0.08752 0)
(-0.0343187 0.0946587 0)
(-0.0762485 0.487533 0)
(-0.102685 0.979766 0)
(-0.102507 1.29087 0)
(-0.0856784 1.44391 0)
(-0.0625937 1.50373 0)
(-0.040025 1.52203 0)
(-0.0103573 1.49433 0)
(-0.0109205 1.46932 0)
(0.0225717 1.52366 0)
(-0.0062767 1.67267 0)
(0.0106701 2.2487 0)
(0.0106288 2.79989 0)
(-0.0058454 3.01658 0)
(-0.0170914 3.0805 0)
(-0.0274227 3.03836 0)
(-0.0383308 2.79482 0)
(-0.039959 2.25839 0)
(-0.0214682 1.04002 0)
(-0.00733575 -0.0117458 0)
(-0.0327263 0.20565 0)
(-0.0718993 0.575594 0)
(-0.0966315 1.00953 0)
(-0.0976954 1.27317 0)
(-0.0849251 1.40845 0)
(-0.0678347 1.46778 0)
(-0.0494817 1.48999 0)
(-0.0227924 1.4738 0)
(-0.0252888 1.45746 0)
(0.0074545 1.51977 0)
(-0.0149741 1.67116 0)
(-0.00549612 2.24733 0)
(-0.00832624 2.80516 0)
(-0.0222501 3.03038 0)
(-0.0319464 3.09752 0)
(-0.0400911 3.05057 0)
(-0.0479411 2.79319 0)
(-0.0427498 2.20997 0)
(-0.0186598 0.920381 0)
(-0.00576954 0.0558631 0)
(-0.0267133 0.303833 0)
(-0.0598654 0.64998 0)
(-0.0810638 1.03591 0)
(-0.0834032 1.26821 0)
(-0.0745054 1.38995 0)
(-0.0642263 1.44568 0)
(-0.0512796 1.46708 0)
(-0.0304639 1.45892 0)
(-0.0327479 1.44657 0)
(-0.00500164 1.51738 0)
(-0.0214605 1.67469 0)
(-0.0159137 2.24827 0)
(-0.0220554 2.81502 0)
(-0.0323436 3.04504 0)
(-0.0398223 3.11213 0)
(-0.045353 3.06207 0)
(-0.0488612 2.78593 0)
(-0.0405608 2.15088 0)
(-0.0129643 0.813609 0)
(-0.00383795 0.108523 0)
(-0.019594 0.386263 0)
(-0.0462341 0.716438 0)
(-0.0641806 1.06278 0)
(-0.0678735 1.27026 0)
(-0.0631009 1.38066 0)
(-0.0569204 1.4332 0)
(-0.0478898 1.45433 0)
(-0.0321635 1.44985 0)
(-0.0339983 1.43782 0)
(-0.012945 1.51294 0)
(-0.027342 1.6783 0)
(-0.0248584 2.25643 0)
(-0.0332298 2.82698 0)
(-0.0406409 3.05721 0)
(-0.0461159 3.12137 0)
(-0.0495969 3.06472 0)
(-0.0485672 2.77118 0)
(-0.0363571 2.08452 0)
(-0.00842675 0.725429 0)
(-0.0022442 0.144404 0)
(-0.0130713 0.447039 0)
(-0.0332995 0.766712 0)
(-0.0472089 1.0855 0)
(-0.0525429 1.27649 0)
(-0.0500517 1.37866 0)
(-0.0470897 1.42795 0)
(-0.0411609 1.44712 0)
(-0.0296485 1.4441 0)
(-0.0322887 1.43271 0)
(-0.0161818 1.5094 0)
(-0.0318115 1.68102 0)
(-0.0306056 2.26221 0)
(-0.0390214 2.83644 0)
(-0.0462757 3.06763 0)
(-0.0502742 3.13064 0)
(-0.0500635 3.06309 0)
(-0.0489078 2.74482 0)
(-0.0329243 2.00981 0)
(-0.00546919 0.651636 0)
(-0.00128001 0.168137 0)
(-0.00860633 0.493212 0)
(-0.0241247 0.808837 0)
(-0.0351911 1.10821 0)
(-0.0411526 1.28457 0)
(-0.0408895 1.37755 0)
(-0.0405949 1.42225 0)
(-0.0360967 1.44069 0)
(-0.0267376 1.43891 0)
(-0.0309875 1.43003 0)
(-0.0179066 1.50989 0)
(-0.033751 1.68888 0)
(-0.0385141 2.27407 0)
(-0.0433364 2.84813 0)
(-0.0496712 3.07471 0)
(-0.0507253 3.13196 0)
(-0.0488481 3.0586 0)
(-0.0442676 2.72429 0)
(-0.0284721 1.94308 0)
(-0.00201073 0.592703 0)
(-0.000718185 0.182749 0)
(-0.00544322 0.524736 0)
(-0.0173598 0.837939 0)
(-0.0246572 1.1242 0)
(-0.0306156 1.29334 0)
(-0.0314297 1.38012 0)
(-0.0329933 1.42062 0)
(-0.0306588 1.43609 0)
(-0.0228806 1.43523 0)
(-0.0297458 1.42936 0)
(-0.0183236 1.5114 0)
(-0.0321411 1.69464 0)
(-0.038391 2.28018 0)
(-0.0454505 2.85321 0)
(-0.0505161 3.07632 0)
(-0.050354 3.13082 0)
(-0.0494119 3.04803 0)
(-0.0407887 2.68259 0)
(-0.0236445 1.86785 0)
(0.000179659 0.546084 0)
(-0.000490613 0.19281 0)
(-0.00367713 0.549684 0)
(-0.0132513 0.863726 0)
(-0.0194017 1.13758 0)
(-0.0225513 1.30178 0)
(-0.0244219 1.38355 0)
(-0.0271545 1.41967 0)
(-0.0255704 1.43275 0)
(-0.0205246 1.43402 0)
(-0.0284646 1.4296 0)
(-0.0189549 1.51258 0)
(-0.0295903 1.70659 0)
(-0.0394135 2.29075 0)
(-0.0439558 2.85895 0)
(-0.0496509 3.07724 0)
(-0.04948 3.12744 0)
(-0.046481 3.0347 0)
(-0.0402246 2.65039 0)
(-0.0199596 1.79496 0)
(0.00101259 0.511672 0)
(-0.000330444 0.198873 0)
(-0.00236477 0.565914 0)
(-0.00967155 0.881445 0)
(-0.0139611 1.14353 0)
(-0.0154414 1.30736 0)
(-0.0176168 1.38837 0)
(-0.0200834 1.42241 0)
(-0.0214843 1.43269 0)
(-0.018287 1.43432 0)
(-0.026709 1.43045 0)
(-0.0188966 1.5124 0)
(-0.0265038 1.71392 0)
(-0.0383615 2.30023 0)
(-0.0428107 2.86686 0)
(-0.0492741 3.07983 0)
(-0.0499667 3.12525 0)
(-0.0453255 3.01984 0)
(-0.0390599 2.61136 0)
(-0.0183121 1.71957 0)
(0.00234942 0.483135 0)
(-0.000337702 0.203974 0)
(-0.00190038 0.580327 0)
(-0.00774528 0.898998 0)
(-0.0129702 1.14988 0)
(-0.0126691 1.31125 0)
(-0.0144635 1.39193 0)
(-0.0164956 1.42399 0)
(-0.0185177 1.43349 0)
(-0.0171881 1.43583 0)
(-0.0245175 1.43201 0)
(-0.0194671 1.51124 0)
(-0.0246244 1.72235 0)
(-0.0373527 2.30803 0)
(-0.0459179 2.87519 0)
(-0.0522176 3.08447 0)
(-0.0525244 3.12431 0)
(-0.0523619 3.00893 0)
(-0.0389656 2.57307 0)
(-0.0176981 1.64825 0)
(0.00366749 0.460946 0)
(-0.000375428 0.207403 0)
(-0.00173427 0.589482 0)
(-0.00606666 0.911415 0)
(-0.0107012 1.15411 0)
(-0.0111245 1.31313 0)
(-0.0118859 1.39466 0)
(-0.0126999 1.42761 0)
(-0.0176868 1.43668 0)
(-0.0162317 1.43692 0)
(-0.0240314 1.43539 0)
(-0.0223997 1.51062 0)
(-0.0213793 1.73355 0)
(-0.0421723 2.32537 0)
(-0.0461467 2.88703 0)
(-0.0559889 3.0876 0)
(-0.0544952 3.12078 0)
(-0.0521351 2.98964 0)
(-0.0443668 2.51581 0)
(-0.0151867 1.5565 0)
(0.00224506 0.439123 0)
(-0.0004833 0.212079 0)
(-0.0019199 0.599869 0)
(-0.00551685 0.924876 0)
(-0.0109321 1.16144 0)
(-0.0113449 1.31448 0)
(-0.0113408 1.39531 0)
(-0.0116692 1.42976 0)
(-0.0172345 1.43923 0)
(-0.0156827 1.4383 0)
(-0.0247904 1.43828 0)
(-0.0270912 1.50636 0)
(-0.018345 1.74016 0)
(-0.0422571 2.33803 0)
(-0.0481125 2.89574 0)
(-0.0597726 3.09042 0)
(-0.0594139 3.1188 0)
(-0.0545985 2.97514 0)
(-0.0470853 2.47857 0)
(-0.0139069 1.48174 0)
(0.00194769 0.422264 0)
(-0.000616819 0.21589 0)
(-0.00210112 0.606263 0)
(-0.00469972 0.934035 0)
(-0.00894462 1.16801 0)
(-0.0104174 1.31531 0)
(-0.0100805 1.39569 0)
(-0.00888071 1.43306 0)
(-0.0158235 1.44598 0)
(-0.0173667 1.44208 0)
(-0.0281343 1.44635 0)
(-0.033946 1.50368 0)
(-0.0217873 1.74913 0)
(-0.0470751 2.36237 0)
(-0.0580835 2.9111 0)
(-0.0698009 3.09706 0)
(-0.0708546 3.11679 0)
(-0.0654325 2.94741 0)
(-0.0489396 2.39853 0)
(-0.0171671 1.38544 0)
(0.00320609 0.399865 0)
(-0.000721661 0.221829 0)
(-0.0023994 0.615044 0)
(-0.00493738 0.943384 0)
(-0.00830605 1.17505 0)
(-0.00977232 1.31561 0)
(-0.00972483 1.39476 0)
(-0.00743754 1.43422 0)
(-0.0111147 1.4483 0)
(-0.0153271 1.44612 0)
(-0.0283604 1.45208 0)
(-0.0344546 1.50091 0)
(-0.0263626 1.75324 0)
(-0.0484598 2.38651 0)
(-0.0695784 2.93014 0)
(-0.0791779 3.10252 0)
(-0.0725144 3.11349 0)
(-0.069988 2.92775 0)
(-0.045299 2.34522 0)
(-0.0167002 1.31149 0)
(0.00549231 0.385057 0)
(-0.000900685 0.226949 0)
(-0.00266067 0.62065 0)
(-0.00463183 0.949703 0)
(-0.0065343 1.18034 0)
(-0.00853826 1.31722 0)
(-0.00797977 1.39322 0)
(-0.00592449 1.43375 0)
(-0.00634829 1.45442 0)
(-0.0141451 1.4569 0)
(-0.0273431 1.46317 0)
(-0.0354518 1.50362 0)
(-0.0409095 1.76141 0)
(-0.0568404 2.42047 0)
(-0.0741443 2.94414 0)
(-0.0812822 3.10045 0)
(-0.074641 3.10651 0)
(-0.061779 2.89105 0)
(-0.0526177 2.25717 0)
(-0.00741188 1.197 0)
(0.00480875 0.374673 0)
(-0.00105301 0.234107 0)
(-0.00289597 0.628029 0)
(-0.00494853 0.953868 0)
(-0.004919 1.1823 0)
(-0.00535153 1.31663 0)
(0.000959936 1.39102 0)
(0.00225694 1.43365 0)
(0.00960391 1.46189 0)
(0.000290651 1.46909 0)
(-0.0124257 1.47061 0)
(-0.0274254 1.50656 0)
(-0.0462382 1.76756 0)
(-0.0613315 2.43733 0)
(-0.0872296 2.95039 0)
(-0.0895749 3.09692 0)
(-0.0872095 3.0904 0)
(-0.0766752 2.84748 0)
(-0.0512752 2.17791 0)
(-0.00740248 1.11335 0)
(0.000579984 0.368868 0)
(-0.00095961 0.241573 0)
(-0.00355596 0.634968 0)
(-0.00545821 0.957325 0)
(-0.005573 1.18159 0)
(-0.00652795 1.31108 0)
(0.00120315 1.37973 0)
(0.0051798 1.42099 0)
(0.0206024 1.44889 0)
(0.0201392 1.46615 0)
(0.0130244 1.48548 0)
(-0.0269622 1.53568 0)
(-0.0582822 1.78574 0)
(-0.0723033 2.47331 0)
(-0.0934147 2.96872 0)
(-0.0930771 3.09855 0)
(-0.0903646 3.07536 0)
(-0.0908569 2.78896 0)
(-0.0555528 2.0586 0)
(-0.010859 1.01066 0)
(-0.00602995 0.34035 0)
(-0.000947613 0.248134 0)
(-0.00473947 0.64162 0)
(-0.00686268 0.959582 0)
(-0.00361963 1.18009 0)
(0.00193293 1.30617 0)
(0.016603 1.37313 0)
(0.0302699 1.41577 0)
(0.0584997 1.45258 0)
(0.0687288 1.48841 0)
(0.0653337 1.50227 0)
(0.00646974 1.55044 0)
(-0.055047 1.79967 0)
(-0.0677573 2.48678 0)
(-0.0874259 2.97333 0)
(-0.0877056 3.10072 0)
(-0.0808746 3.07377 0)
(-0.0669216 2.76536 0)
(-0.0408626 2.01215 0)
(-0.00122899 0.979968 0)
(-0.00822448 0.319384 0)
(-0.000536444 0.260753 0)
(-0.00239377 0.655851 0)
(-0.00419056 0.954885 0)
(0.00189652 1.15452 0)
(0.013588 1.26311 0)
(0.0366182 1.31659 0)
(0.0634626 1.34783 0)
(0.10737 1.38592 0)
(0.147611 1.42947 0)
(0.187758 1.54582 0)
(0.0894592 1.66484 0)
(-0.0235598 1.86925 0)
(-0.0519896 2.51859 0)
(-0.0708029 2.98793 0)
(-0.070674 3.0946 0)
(-0.0691268 3.04761 0)
(-0.0536958 2.68431 0)
(-0.0292168 1.87784 0)
(0.00139938 0.912314 0)
(-0.00517337 0.300875 0)
(-0.243678 1.59034 1.25169e-22)
(0.399914 3.2427 3.0014e-20)
(0.0930102 3.47146 5.47967e-20)
(0.20097 3.4388 0)
(0.161846 3.39153 0)
(0.15635 3.34372 -4.00093e-19)
(0.158725 3.31756 4.23119e-19)
(0.131224 3.27243 -4.37595e-19)
(0.115634 3.17676 8.02183e-21)
(0.100927 2.56708 5.95224e-19)
(-0.104882 2.33845 8.07669e-24)
(0.134173 3.29746 1.68671e-19)
(0.0116408 3.44132 0)
(0.0990783 3.39339 0)
(0.075211 3.34676 1.18946e-20)
(0.0806512 3.30861 8.29071e-19)
(0.0763701 3.27598 -4.6171e-19)
(0.0521868 3.23997 -7.74773e-21)
(0.0515478 3.0816 7.39369e-21)
(0.000892224 2.08487 0)
(-0.0274292 2.081 1.94328e-19)
(0.0874283 3.14548 -2.04658e-19)
(0.0265638 3.34832 0)
(0.0739733 3.32639 3.8197e-19)
(0.0536766 3.30369 -1.3974e-21)
(0.0548236 3.28165 -4.30652e-19)
(0.04687 3.26668 -5.32339e-19)
(0.0315871 3.24533 -2.19722e-22)
(0.0413821 3.11847 7.64045e-21)
(-0.0166008 2.21073 0)
(-0.0401941 2.0241 -5.20623e-20)
(0.0286991 3.12137 0)
(-0.0127666 3.3108 -2.01135e-19)
(0.0224069 3.30827 -1.66688e-19)
(0.0171767 3.28479 1.49623e-20)
(0.0235735 3.26179 -2.77432e-19)
(0.0280532 3.24594 2.48047e-19)
(0.0220298 3.23337 -8.85314e-21)
(0.0423828 3.12493 1.17352e-20)
(0.00738272 2.24989 3.03956e-19)
(-0.0524878 2.02647 -1.57004e-19)
(0.0143784 3.09162 0)
(-0.00691799 3.26779 4.33607e-19)
(0.0125301 3.26257 -2.39298e-19)
(0.0146134 3.2486 -7.09878e-22)
(0.0176947 3.23758 -1.38587e-21)
(0.0215333 3.23343 -1.54902e-20)
(0.022268 3.22396 -3.13941e-19)
(0.0432018 3.1273 8.63524e-21)
(-0.00310881 2.31189 -6.35927e-19)
(-0.0499232 2.0871 0)
(-0.00980739 3.08693 -2.37445e-19)
(-0.0281797 3.24357 1.892e-20)
(-0.014408 3.24737 -1.64993e-20)
(-0.005065 3.23258 1.69253e-20)
(0.00358478 3.21996 2.81077e-19)
(0.0161946 3.211 2.93826e-19)
(0.0211735 3.20543 6.16964e-19)
(0.042761 3.12395 3.4147e-19)
(0.0106597 2.35409 -1.66061e-20)
(-0.0509565 2.14104 0)
(-0.0195453 3.08243 2.45767e-19)
(-0.0187423 3.2142 -2.57691e-19)
(-0.0113375 3.21291 -1.77966e-20)
(-0.00010258 3.20254 3.67923e-20)
(0.0078067 3.19589 3.69895e-22)
(0.0164782 3.19559 -1.97761e-20)
(0.021958 3.19091 -3.22232e-19)
(0.0424289 3.12138 -3.32584e-19)
(0.00383835 2.41968 -1.72315e-20)
(-0.0481048 2.2295 2.82201e-19)
(-0.0285412 3.08577 -1.31143e-20)
(-0.0318194 3.1942 9.04834e-21)
(-0.0235046 3.19562 0)
(-0.0132143 3.1857 0)
(-0.00130068 3.17799 0)
(0.0135091 3.17165 0)
(0.0206997 3.16938 3.58075e-19)
(0.0411334 3.11258 -3.69393e-19)
(0.015414 2.46388 3.64969e-19)
(-0.0458916 2.30637 2.66393e-20)
(-0.0328949 3.08512 3.00863e-19)
(-0.0209278 3.16967 0)
(-0.0146888 3.16542 -2.01949e-20)
(-0.00403921 3.15767 2.06542e-20)
(0.00533818 3.1532 0)
(0.0147089 3.15425 -1.11883e-20)
(0.0207511 3.1527 -3.47539e-19)
(0.0401992 3.10929 3.70314e-19)
(0.0103924 2.53302 0)
(-0.0441343 2.40379 1.59296e-20)
(-0.0361558 3.08618 -4.61146e-19)
(-0.030113 3.14983 0)
(-0.0225511 3.14696 0)
(-0.0136464 3.13922 2.21134e-20)
(-0.00217872 3.13367 -1.86451e-19)
(0.0117617 3.12889 -2.33286e-20)
(0.01918 3.12936 1.98626e-19)
(0.0385107 3.09615 0)
(0.019278 2.58106 0)
(-0.0393464 2.49076 -4.8491e-19)
(-0.0382925 3.08247 1.64393e-19)
(-0.0204729 3.12426 0)
(-0.0131147 3.11617 0)
(-0.00355928 3.10949 0)
(0.00554004 3.10654 3.83721e-19)
(0.0142035 3.10887 0)
(0.0201683 3.11055 -2.119e-19)
(0.0378922 3.0905 1.30851e-20)
(0.0149192 2.6538 2.21434e-19)
(-0.0382299 2.58897 1.72782e-19)
(-0.0403997 3.07511 -1.67825e-20)
(-0.0298135 3.10112 2.00943e-19)
(-0.0212316 3.09498 1.95253e-19)
(-0.0124411 3.08845 0)
(-0.000812839 3.08423 -1.97042e-19)
(0.0126634 3.08119 0)
(0.0210346 3.08453 0)
(0.0384593 3.07217 0)
(0.0223356 2.70643 -2.22462e-19)
(-0.0345574 2.67878 -1.8235e-19)
(-0.0427858 3.06269 1.88294e-19)
(-0.0232318 3.072 -1.89419e-19)
(-0.0131548 3.06204 -2.98407e-19)
(-0.00289412 3.0569 0)
(0.00715035 3.05544 2.66749e-20)
(0.0166254 3.05886 -1.36183e-20)
(0.0248174 3.06305 1.01421e-19)
(0.0417319 3.06163 1.25936e-19)
(0.0208031 2.78042 -1.29603e-19)
(-0.0350052 2.77188 1.87105e-19)
(-0.0469147 3.04418 -1.80911e-19)
(-0.0329143 3.04558 1.28775e-20)
(-0.0208433 3.04033 7.5914e-20)
(-0.0110482 3.03632 -1.08847e-19)
(0.000342881 3.03385 0)
(0.0140317 3.03188 1.16972e-19)
(0.0256588 3.03562 4.95045e-21)
(0.044601 3.0366 -2.43671e-19)
(0.0287033 2.83262 -6.55165e-21)
(-0.0291771 2.85577 -5.32546e-20)
(-0.0435925 3.02239 1.30348e-20)
(-0.0228889 3.01798 -6.76355e-20)
(-0.0110124 3.01455 2.76416e-20)
(-0.00218197 3.01412 1.32673e-19)
(0.0062778 3.01345 -5.63466e-20)
(0.0142572 3.0144 -5.61424e-20)
(0.0233571 3.01695 -5.83701e-20)
(0.0418426 3.02183 1.25092e-19)
(0.0247899 2.9003 6.12319e-20)
(-0.0177859 2.93958 4.28136e-20)
(-0.0262797 2.99983 1.89231e-20)
(-0.0162691 3.00061 3.7275e-20)
(-0.00944812 3.00172 -7.63157e-20)
(-0.0041462 3.00265 2.58216e-20)
(0.000653666 3.00217 5.24955e-20)
(0.0055909 3.00062 -5.47532e-20)
(0.0107189 2.99898 -5.72363e-20)
(0.0218055 2.99715 7.7387e-21)
(0.0165384 2.94915 5.49045e-20)
)
;

boundaryField
{
    wall-4
    {
        type            noSlip;
    }
    pressure-outlet-7
    {
        type            zeroGradient;
    }
    velocity-inlet-6
    {
        type            fixedValue;
        value           uniform (0 3 0);
    }
    velocity-inlet-5
    {
        type            fixedValue;
        value           uniform (1 0 0);
    }
    frontAndBackPlanes
    {
        type            empty;
    }
}


// ************************************************************************* //
