#           x             T        mag(U)             p
       -4.995       348.432   5.87529e-09        100000
       -4.985       348.432   5.87529e-09        100000
       -4.975       348.432   5.87529e-09        100000
       -4.965       348.432   5.87529e-09        100000
       -4.955       348.432   5.87529e-09        100000
       -4.945       348.432   6.91257e-09        100000
       -4.935       348.432   8.98712e-09        100000
       -4.925       348.432   1.10617e-08        100000
       -4.915       348.432   1.31362e-08        100000
       -4.905       348.432   1.52108e-08        100000
       -4.895       348.432   1.72853e-08        100000
       -4.885       348.432   1.93599e-08        100000
       -4.875       348.432   2.14344e-08        100000
       -4.865       348.432    2.3509e-08        100000
       -4.855       348.432   2.55835e-08        100000
       -4.845       348.432   3.01435e-08        100000
       -4.835       348.432    3.7189e-08        100000
       -4.825       348.432   4.42344e-08        100000
       -4.815       348.432   5.12798e-08        100000
       -4.805       348.432   5.83253e-08        100000
       -4.795       348.432   6.53707e-08        100000
       -4.785       348.432   7.24162e-08        100000
       -4.775       348.432   7.94616e-08        100000
       -4.765       348.432    8.6507e-08        100000
       -4.755       348.432   9.35525e-08        100000
       -4.745       348.432   1.09684e-07        100000
       -4.735       348.432   1.34902e-07        100000
       -4.725       348.432   1.60119e-07        100000
       -4.715       348.432   1.85337e-07        100000
       -4.705       348.432   2.10555e-07        100000
       -4.695       348.432   2.35772e-07        100000
       -4.685       348.432    2.6099e-07        100000
       -4.675       348.432   2.86208e-07        100000
       -4.665       348.432   3.11425e-07        100000
       -4.655       348.432   3.36643e-07        100000
       -4.645       348.432   3.92952e-07        100000
       -4.635       348.432   4.80352e-07        100000
       -4.625       348.432   5.67751e-07        100000
       -4.615       348.432   6.55151e-07        100000
       -4.605       348.432   7.42551e-07        100000
       -4.595       348.432   8.29951e-07        100000
       -4.585       348.432   9.17351e-07        100000
       -4.575       348.432   1.00475e-06        100000
       -4.565       348.432   1.09215e-06        100000
       -4.555       348.432   1.17955e-06        100000
       -4.545       348.432   1.37055e-06        100000
       -4.535       348.432   1.66515e-06        100000
       -4.525       348.432   1.95974e-06        100000
       -4.515       348.432   2.25434e-06        100000
       -4.505       348.432   2.54894e-06        100000
       -4.495       348.432   2.84353e-06        100000
       -4.485       348.432   3.13813e-06        100000
       -4.475       348.432   3.43273e-06        100000
       -4.465       348.432   3.72732e-06        100000
       -4.455       348.432   4.02192e-06        100000
       -4.445       348.432   4.65146e-06        100000
       -4.435       348.432   5.61594e-06        100000
       -4.425       348.432   6.58042e-06        100000
       -4.415       348.432   7.54489e-06        100000
       -4.405       348.432   8.50937e-06        100000
       -4.395       348.432   9.47385e-06        100000
       -4.385       348.432   1.04383e-05        100000
       -4.375       348.432   1.14028e-05        100000
       -4.365       348.432   1.23673e-05        100000
       -4.355       348.432   1.33318e-05        100000
       -4.345       348.432   1.53457e-05        100000
       -4.335       348.432    1.8409e-05        100000
       -4.325       348.432   2.14724e-05        100000
       -4.315       348.432   2.45357e-05        100000
       -4.305       348.432   2.75991e-05        100000
       -4.295       348.432   3.06624e-05        100000
       -4.285       348.432   3.37258e-05        100000
       -4.275       348.432   3.67891e-05        100000
       -4.265       348.432   3.98525e-05        100000
       -4.255       348.432   4.29158e-05        100000
       -4.245       348.432   4.91611e-05        100000
       -4.235       348.432   5.85884e-05        100000
       -4.225       348.432   6.80156e-05        100000
       -4.215       348.432   7.74429e-05        100000
       -4.205       348.432   8.68701e-05        100000
       -4.195       348.432   9.62974e-05        100000
       -4.185       348.432   0.000105725        100000
       -4.175       348.432   0.000115152        100000
       -4.165       348.432   0.000124579        100000
       -4.155       348.432   0.000134006        100000
       -4.145       348.432   0.000152755        100000
       -4.135       348.432   0.000180824        100000
       -4.125       348.432   0.000208893        100000
       -4.115       348.432   0.000236963       99999.9
       -4.105       348.432   0.000265032       99999.9
       -4.095       348.432   0.000293101       99999.9
       -4.085       348.432    0.00032117       99999.9
       -4.075       348.432    0.00034924       99999.8
       -4.065       348.432   0.000377309       99999.8
       -4.055       348.432   0.000405378       99999.8
       -4.045       348.432   0.000459778       99999.8
       -4.035       348.432   0.000540509       99999.8
       -4.025       348.432    0.00062124       99999.8
       -4.015       348.432    0.00070197       99999.7
       -4.005       348.432   0.000782701       99999.7
       -3.995       348.432   0.000863432       99999.7
       -3.985       348.432   0.000944163       99999.7
       -3.975       348.432    0.00102489       99999.7
       -3.965       348.432    0.00110562       99999.6
       -3.955       348.432    0.00118635       99999.6
       -3.945       348.432    0.00133866       99999.6
       -3.935       348.432    0.00156255       99999.5
       -3.925       348.432    0.00178643       99999.4
       -3.915       348.432    0.00201031       99999.3
       -3.905       348.432     0.0022342       99999.2
       -3.895       348.431    0.00245808       99999.2
       -3.885       348.431    0.00268197       99999.1
       -3.875       348.431    0.00290585         99999
       -3.865       348.431    0.00312973       99998.9
       -3.855       348.431    0.00335362       99998.8
       -3.845       348.431    0.00376427       99998.7
       -3.835       348.431    0.00436169       99998.5
       -3.825        348.43    0.00495911       99998.2
       -3.815        348.43    0.00555653         99998
       -3.805        348.43    0.00615395       99997.8
       -3.795        348.43    0.00675138       99997.6
       -3.785        348.43     0.0073488       99997.4
       -3.775       348.429    0.00794622       99997.2
       -3.765       348.429    0.00854364       99996.9
       -3.755       348.429    0.00914106       99996.7
       -3.745       348.429     0.0102049       99996.3
       -3.735       348.428     0.0117352       99995.8
       -3.725       348.428     0.0132655       99995.2
       -3.715       348.427     0.0147958       99994.7
       -3.705       348.426     0.0163261       99994.1
       -3.695       348.426     0.0178564       99993.6
       -3.685       348.425     0.0193867         99993
       -3.675       348.425      0.020917       99992.5
       -3.665       348.424     0.0224473       99991.9
       -3.655       348.423     0.0239776       99991.4
       -3.645       348.422     0.0266188       99990.4
       -3.635       348.421     0.0303709         99989
       -3.625       348.419     0.0341231       99987.7
       -3.615       348.418     0.0378752       99986.3
       -3.605       348.417     0.0416274       99984.9
       -3.595       348.415     0.0453795       99983.6
       -3.585       348.414     0.0491317       99982.2
       -3.575       348.413     0.0528838       99980.8
       -3.565       348.411      0.056636       99979.5
       -3.555        348.41     0.0603881       99978.1
       -3.545       348.407     0.0666526       99975.8
       -3.535       348.404     0.0754295       99972.6
       -3.525       348.401     0.0842064       99969.4
       -3.515       348.398     0.0929833       99966.2
       -3.505       348.395       0.10176         99963
       -3.495       348.392      0.110537       99959.9
       -3.485       348.389      0.119314       99956.7
       -3.475       348.386      0.128091       99953.5
       -3.465       348.383      0.136868       99950.3
       -3.455        348.38      0.145645       99947.1
       -3.445       348.374      0.159787       99941.9
       -3.435       348.367      0.179296       99934.8
       -3.425        348.36      0.198804       99927.7
       -3.415       348.353      0.218313       99920.5
       -3.405       348.346      0.237822       99913.4
       -3.395       348.338       0.25733       99906.3
       -3.385       348.331      0.276839       99899.2
       -3.375       348.324      0.296348         99892
       -3.365       348.317      0.315856       99884.9
       -3.355        348.31      0.335365       99877.8
       -3.345       348.298      0.365626       99866.7
       -3.335       348.284       0.40664       99851.6
       -3.325       348.269      0.447653       99836.6
       -3.315       348.253      0.488667       99821.6
       -3.305       348.238      0.529681       99806.5
       -3.295       348.224      0.570695       99791.5
       -3.285       348.209      0.611709       99776.4
       -3.275       348.193      0.652723       99761.4
       -3.265       348.178      0.693736       99746.4
       -3.255       348.164       0.73475       99731.3
       -3.245       348.141      0.795821       99708.9
       -3.235       348.111      0.876949       99679.1
       -3.225       348.082      0.958078       99649.2
       -3.215       348.052       1.03921       99619.4
       -3.205       348.022       1.12033       99589.6
       -3.195       347.992       1.20146       99559.8
       -3.185       347.962       1.28259         99530
       -3.175       347.933       1.36372       99500.2
       -3.165       347.903       1.44485       99470.3
       -3.155       347.873       1.52598       99440.5
       -3.145        347.83       1.64139         99398
       -3.135       347.775       1.79109       99342.7
       -3.125        347.72       1.94078       99287.5
       -3.115       347.664       2.09048       99232.3
       -3.105       347.609       2.24018         99177
       -3.095       347.554       2.38988       99121.8
       -3.085       347.499       2.53958       99066.5
       -3.075       347.443       2.68927       99011.3
       -3.065       347.388       2.83897       98956.1
       -3.055       347.333       2.98867       98900.8
       -3.045       347.258       3.18969       98826.2
       -3.035       347.163       3.44203         98732
       -3.025       347.068       3.69437       98637.9
       -3.015       346.973       3.94672       98543.9
       -3.005       346.878       4.19906       98449.8
       -2.995       346.784        4.4514       98355.6
       -2.985       346.689       4.70374       98261.6
       -2.975       346.594       4.95608       98167.5
       -2.965       346.499       5.20843       98073.3
       -2.955       346.404       5.46077       97979.2
       -2.945       346.285       5.77516       97861.8
       -2.935       346.142       6.15161       97720.9
       -2.925       345.999       6.52806         97580
       -2.915       345.856        6.9045       97439.2
       -2.905       345.713       7.28095       97298.3
       -2.895        345.57        7.6574       97157.4
       -2.885       345.427       8.03385       97016.5
       -2.875       345.284       8.41029       96875.7
       -2.865       345.141       8.78674       96734.8
       -2.855       344.998       9.16319       96593.9
       -2.845       344.832       9.60249       96431.7
       -2.835       344.643       10.1047         96248
       -2.825       344.454       10.6068       96064.3
       -2.815       344.266        11.109       95880.6
       -2.805       344.077       11.6112       95696.9
       -2.795       343.888       12.1133       95513.3
       -2.785       343.699       12.6155       95329.6
       -2.775       343.511       13.1177       95145.9
       -2.765       343.322       13.6198       94962.2
       -2.755       343.133        14.122       94778.5
       -2.745       342.923       14.6839       94575.4
       -2.735       342.691       15.3054       94352.8
       -2.725       342.459       15.9269       94130.2
       -2.715       342.227       16.5485       93907.6
       -2.705       341.995         17.17         93685
       -2.695       341.762       17.7915       93462.3
       -2.685        341.53        18.413       93239.7
       -2.675       341.298       19.0346       93017.1
       -2.665       341.066       19.6561       92794.5
       -2.655       340.834       20.2776       92571.9
       -2.645       340.583       20.9525       92333.3
       -2.635       340.313       21.6806       92078.8
       -2.625       340.042       22.4088       91824.3
       -2.615       339.772       23.1369       91569.8
       -2.605       339.502       23.8651       91315.3
       -2.595       339.231       24.5932       91060.7
       -2.585       338.961       25.3214       90806.2
       -2.575       338.691       26.0495       90551.7
       -2.565        338.42       26.7777       90297.2
       -2.555        338.15       27.5058       90042.7
       -2.545       337.865       28.2775       89776.8
       -2.535       337.564       29.0927       89499.7
       -2.525       337.264       29.9078       89222.5
       -2.515       336.963        30.723       88945.4
       -2.505       336.662       31.5382       88668.2
       -2.495       336.362       32.3533       88391.1
       -2.485       336.061       33.1685       88113.9
       -2.475        335.76       33.9837       87836.8
       -2.465        335.46       34.7988       87559.6
       -2.455       335.159        35.614       87282.5
       -2.445       334.848       36.4623       86998.5
       -2.435       334.525       37.3438       86707.7
       -2.425       334.202       38.2252       86416.9
       -2.415        333.88       39.1067         86126
       -2.405       333.557       39.9882       85835.2
       -2.395       333.234       40.8696       85544.4
       -2.385       332.911       41.7511       85253.6
       -2.375       332.589       42.6325       84962.8
       -2.365       332.266        43.514       84671.9
       -2.355       331.943       44.3955       84381.1
       -2.345       331.613        45.301       84087.1
       -2.335       331.275       46.2307         83790
       -2.325       330.937       47.1604       83492.8
       -2.315       330.599         48.09       83195.6
       -2.305       330.261       49.0197       82898.5
       -2.295       329.922       49.9493       82601.3
       -2.285       329.584        50.879       82304.2
       -2.275       329.246       51.8087         82007
       -2.265       328.908       52.7383       81709.8
       -2.255        328.57        53.668       81412.7
       -2.245       328.227       54.6147         81115
       -2.235       327.879       55.5786       80816.8
       -2.225        327.53       56.5425       80518.7
       -2.215       327.182       57.5064       80220.5
       -2.205       326.834       58.4703       79922.3
       -2.195       326.486       59.4342       79624.2
       -2.185       326.138       60.3981         79326
       -2.175       325.789        61.362       79027.8
       -2.165       325.441       62.3259       78729.7
       -2.155       325.093       63.2898       78431.5
       -2.145       324.742       64.2657       78134.6
       -2.135       324.387       65.2536       77839.1
       -2.125       324.033       66.2416       77543.6
       -2.115       323.679       67.2295       77248.1
       -2.105       323.324       68.2174       76952.6
       -2.095        322.97       69.2054       76657.1
       -2.085       322.615       70.1933       76361.6
       -2.075       322.261       71.1813       76066.1
       -2.065       321.907       72.1692       75770.6
       -2.055       321.552       73.1571       75475.1
       -2.045       321.196       74.1534       75182.1
       -2.035       320.838       75.1581       74891.7
       -2.025        320.48       76.1629       74601.3
       -2.015       320.122       77.1675       74310.9
       -2.005       319.764       78.1723       74020.5
       -1.995       319.406       79.1769         73730
       -1.985       319.048       80.1816       73439.6
       -1.975        318.69       81.1864       73149.2
       -1.965       318.332        82.191       72858.8
       -1.955       317.974       83.1958       72568.4
       -1.945       317.615       84.2062       72281.3
       -1.935       317.255       85.2224       71997.6
       -1.925       316.896       86.2386       71713.9
       -1.915       316.536       87.2548       71430.2
       -1.905       316.176        88.271       71146.5
       -1.895       315.817       89.2872       70862.7
       -1.885       315.457       90.3034         70579
       -1.875       315.097       91.3196       70295.3
       -1.865       314.738       92.3358       70011.6
       -1.855       314.378        93.352       69727.9
       -1.845       314.018        94.372         69448
       -1.835       313.658       95.3958         69172
       -1.825       313.298       96.4196       68896.1
       -1.815       312.938       97.4434       68620.1
       -1.805       312.578       98.4672       68344.1
       -1.795       312.219       99.4909       68068.2
       -1.785       311.859       100.515       67792.2
       -1.775       311.499       101.539       67516.2
       -1.765       311.139       102.562       67240.3
       -1.755       310.779       103.586       66964.3
       -1.745       310.419       104.612       66692.5
       -1.735        310.06        105.64       66424.9
       -1.725         309.7       106.668       66157.4
       -1.715       309.341       107.696       65889.8
       -1.705       308.981       108.724       65622.2
       -1.695       308.622       109.753       65354.6
       -1.685       308.262       110.781         65087
       -1.675       307.903       111.809       64819.4
       -1.665       307.543       112.837       64551.9
       -1.655       307.184       113.865       64284.3
       -1.645       306.826       114.894       64021.2
       -1.635        306.47       115.925       63762.6
       -1.625       306.114       116.955         63504
       -1.615       305.758       117.986       63245.4
       -1.605       305.402       119.016       62986.8
       -1.595       305.046       120.047       62728.3
       -1.585        304.69       121.077       62469.7
       -1.575       304.334       122.108       62211.1
       -1.565       303.978       123.138       61952.5
       -1.555       303.622       124.169       61693.9
       -1.545       303.264       125.198       61439.8
       -1.535       302.903       126.227       61190.1
       -1.525       302.543       127.256       60940.4
       -1.515       302.182       128.284       60690.8
       -1.505       301.822       129.313       60441.1
       -1.495       301.461       130.341       60191.4
       -1.485       301.101        131.37       59941.7
       -1.475        300.74       132.399       59692.1
       -1.465        300.38       133.427       59442.4
       -1.455       300.019       134.456       59192.7
       -1.445       299.672       135.485       58948.1
       -1.435       299.339       136.514       58708.5
       -1.425       299.006       137.543       58468.9
       -1.415       298.673       138.572       58229.3
       -1.405        298.34       139.601       57989.7
       -1.395       298.006       140.631       57750.1
       -1.385       297.673        141.66       57510.5
       -1.375        297.34       142.689       57270.9
       -1.365       297.007       143.718       57031.3
       -1.355       296.674       144.747       56791.7
       -1.345        296.31       145.771       56556.2
       -1.335       295.915        146.79       56324.8
       -1.325        295.52       147.809       56093.3
       -1.315       295.125       148.827       55861.9
       -1.305        294.73       149.846       55630.5
       -1.295       294.335       150.865       55399.1
       -1.285        293.94       151.884       55167.7
       -1.275       293.545       152.902       54936.2
       -1.265        293.15       153.921       54704.8
       -1.255       292.755        154.94       54473.4
       -1.245       292.433       155.958       54247.9
       -1.235       292.184       156.977       54028.3
       -1.225       291.935       157.996       53808.8
       -1.215       291.685       159.014       53589.2
       -1.205       291.436       160.033       53369.6
       -1.195       291.187       161.052       53150.1
       -1.185       290.938       162.071       52930.5
       -1.175       290.688       163.089       52710.9
       -1.165       290.439       164.108       52491.4
       -1.155        290.19       165.127       52271.8
       -1.145       289.832       166.138       52055.9
       -1.135       289.368       167.142       51843.6
       -1.125       288.902       168.147       51631.3
       -1.115       288.438       169.151       51419.1
       -1.105       287.973       170.155       51206.8
       -1.095       287.508       171.159       50994.6
       -1.085       287.043       172.163       50782.3
       -1.075       286.577       173.168         50570
       -1.065       286.113       174.172       50357.8
       -1.055       285.647       175.176       50145.5
       -1.045       285.297       176.174         49939
       -1.035       285.061       177.165       49738.3
       -1.025       284.826       178.156       49537.5
       -1.015        284.59       179.147       49336.8
       -1.005       284.354       180.138         49136
       -0.995       284.119        181.13       48935.3
       -0.985       283.883       182.121       48734.5
       -0.975       283.647       183.112       48533.8
       -0.965       283.412       184.103         48333
       -0.955       283.176       185.094       48132.3
       -0.945       282.907       186.082       47936.3
       -0.935       282.606       187.066       47745.1
       -0.925       282.305        188.05       47553.8
       -0.915       282.004       189.034       47362.6
       -0.905       281.703       190.018       47171.4
       -0.895       281.401       191.003       46980.1
       -0.885         281.1       191.987       46788.9
       -0.875       280.799       192.971       46597.7
       -0.865       280.498       193.955       46406.4
       -0.855       280.197       194.939       46215.2
       -0.845       279.828       195.911       46028.5
       -0.835       279.393        196.87       45846.4
       -0.825       278.957       197.829       45664.3
       -0.815       278.522       198.788       45482.1
       -0.805       278.087       199.747         45300
       -0.795       277.651       200.707       45117.9
       -0.785       277.216       201.666       44935.8
       -0.775        276.78       202.625       44753.6
       -0.765       276.345       203.584       44571.5
       -0.755        275.91       204.543       44389.4
       -0.745       275.567       205.492       44212.6
       -0.735       275.317        206.43       44041.1
       -0.725       275.066       207.369       43869.6
       -0.715       274.816       208.307       43698.1
       -0.705       274.566       209.245       43526.6
       -0.695       274.315       210.184       43355.1
       -0.685       274.065       211.122       43183.6
       -0.675       273.815        212.06       43012.1
       -0.665       273.564       212.999       42840.6
       -0.655       273.314       213.937       42669.1
       -0.645       273.093       214.865       42502.8
       -0.635         272.9       215.783       42341.7
       -0.625       272.708       216.702       42180.6
       -0.615       272.516        217.62       42019.5
       -0.605       272.323       218.538       41858.4
       -0.595       272.131       219.456       41697.4
       -0.585       271.938       220.374       41536.3
       -0.575       271.746       221.292       41375.2
       -0.565       271.554       222.211       41214.1
       -0.555       271.361       223.129         41053
       -0.545       271.085        224.03       40897.1
       -0.535       270.724       224.915       40746.4
       -0.525       270.363         225.8       40595.6
       -0.515       270.003       226.685       40444.9
       -0.505       269.642        227.57       40294.1
       -0.495       269.282       228.455       40143.4
       -0.485       268.921        229.34       39992.6
       -0.475        268.56       230.225       39841.9
       -0.465         268.2        231.11       39691.1
       -0.455       267.839       231.995       39540.4
       -0.445       267.474       232.861       39394.9
       -0.435       267.104       233.708       39254.8
       -0.425       266.734       234.556       39114.7
       -0.415       266.364       235.403       38974.6
       -0.405       265.994       236.251       38834.5
       -0.395       265.624       237.098       38694.4
       -0.385       265.254       237.946       38554.3
       -0.375       264.884       238.793       38414.2
       -0.365       264.514       239.641       38274.1
       -0.355       264.144       240.488         38134
       -0.345       263.866       241.317       37999.1
       -0.335        263.68       242.127       37869.6
       -0.325       263.494       242.936       37740.1
       -0.315       263.308       243.746       37610.5
       -0.305       263.122       244.556         37481
       -0.295       262.937       245.365       37351.5
       -0.285       262.751       246.175         37222
       -0.275       262.565       246.985       37092.4
       -0.265       262.379       247.794       36962.9
       -0.255       262.193       248.604       36833.4
       -0.245       262.043        249.39       36709.3
       -0.235       261.929       250.151       36590.8
       -0.225       261.816       250.912       36472.2
       -0.215       261.702       251.673       36353.7
       -0.205       261.588       252.434       36235.2
       -0.195       261.475       253.195       36116.6
       -0.185       261.361       253.956       35998.1
       -0.175       261.247       254.717       35879.5
       -0.165       261.134       255.478         35761
       -0.155        261.02       256.239       35642.5
       -0.145       260.848       256.971       35530.2
       -0.135       260.619       257.672       35424.2
       -0.125       260.389       258.373       35318.2
       -0.115        260.16       259.073       35212.2
       -0.105       259.931       259.774       35106.2
       -0.095       259.701       260.476       35000.1
       -0.085       259.472       261.177       34894.1
       -0.075       259.243       261.877       34788.1
       -0.065       259.013       262.578       34682.1
       -0.055       258.784       263.279       34576.1
       -0.045       258.509        263.95       34476.3
       -0.035        258.19        264.59       34382.7
       -0.025       257.871       265.231         34289
       -0.015       257.552       265.871       34195.4
       -0.005       257.233       266.511       34101.8
        0.005       256.913       267.151       34008.1
        0.015       256.594       267.791       33914.5
        0.025       256.275       268.432       33820.9
        0.035       255.956       269.072       33727.2
        0.045       255.637       269.712       33633.6
        0.055       255.367       270.317       33545.4
        0.065       255.146       270.887       33462.6
        0.075       254.925       271.456       33379.7
        0.085       254.705       272.026       33296.9
        0.095       254.484       272.596       33214.1
        0.105       254.264       273.165       33131.2
        0.115       254.043       273.735       33048.4
        0.125       253.823       274.305       32965.6
        0.135       253.602       274.874       32882.7
        0.145       253.381       275.444       32799.9
        0.155       253.242       275.979       32724.4
        0.165       253.184       276.478       32656.1
        0.175       253.127       276.977       32587.8
        0.185       253.069       277.477       32519.6
        0.195       253.011       277.976       32451.3
        0.205       252.953       278.476         32383
        0.215       252.895       278.975       32314.7
        0.225       252.838       279.474       32246.5
        0.235        252.78       279.974       32178.2
        0.245       252.722       280.473       32109.9
        0.255       252.686       280.924       32046.3
        0.265       252.672       281.325       31987.4
        0.275       252.658       281.726       31928.5
        0.285       252.644       282.127       31869.6
        0.295        252.63       282.528       31810.7
        0.305       252.616        282.93       31751.8
        0.315       252.602       283.331       31692.9
        0.325       252.588       283.732         31634
        0.335       252.574       284.133       31575.1
        0.345        252.56       284.534       31516.2
        0.355       252.526       284.888         31465
        0.365       252.471       285.193       31421.6
        0.375       252.417       285.498       31378.2
        0.385       252.362       285.803       31334.7
        0.395       252.308       286.108       31291.3
        0.405       252.253       286.413       31247.9
        0.415       252.199       286.718       31204.5
        0.425       252.144       287.023         31161
        0.435        252.09       287.328       31117.6
        0.445       252.035       287.633       31074.2
        0.455       251.938       287.907       31037.6
        0.465       251.799        288.15       31007.8
        0.475       251.659       288.392         30978
        0.485       251.519       288.634       30948.2
        0.495        251.38       288.877       30918.4
        0.505        251.24       289.119       30888.5
        0.515       251.101       289.362       30858.7
        0.525       250.961       289.604       30828.9
        0.535       250.821       289.846       30799.1
        0.545       250.682       290.089       30769.3
        0.555       250.572       290.291       30742.3
        0.565       250.493       290.454       30717.9
        0.575       250.414       290.617       30693.7
        0.585       250.334        290.78       30669.4
        0.595       250.255       290.943         30645
        0.605       250.176       291.106       30620.8
        0.615       250.097       291.269       30596.5
        0.625       250.017       291.432       30572.2
        0.635       249.938       291.595       30547.8
        0.645       249.859       291.758       30523.6
        0.655       249.818       291.891       30505.8
        0.665       249.817       291.994       30494.6
        0.675       249.816       292.097       30483.4
        0.685       249.814         292.2       30472.2
        0.695       249.813       292.303         30461
        0.705       249.812       292.407       30449.7
        0.715       249.811        292.51       30438.5
        0.725       249.809       292.613       30427.3
        0.735       249.808       292.716       30416.1
        0.745       249.807       292.819       30404.9
        0.755       249.818       292.897       30394.8
        0.765       249.841       292.949       30385.8
        0.775       249.865       293.001       30376.8
        0.785       249.888       293.053       30367.8
        0.795       249.911       293.105       30358.8
        0.805       249.935       293.158       30349.8
        0.815       249.958        293.21       30340.8
        0.825       249.982       293.262       30331.8
        0.835       250.005       293.314       30322.8
        0.845       250.028       293.366       30313.8
        0.855       250.073       293.397       30307.6
        0.865        250.14       293.408       30304.2
        0.875       250.207       293.419       30300.8
        0.885       250.273        293.43       30297.3
        0.895        250.34       293.441       30293.9
        0.905       250.406       293.451       30290.5
        0.915       250.473       293.462       30287.1
        0.925        250.54       293.473       30283.6
        0.935       250.606       293.484       30280.2
        0.945       250.673       293.495       30276.8
        0.955       250.728       293.502         30275
        0.965       250.771       293.506       30274.8
        0.975       250.814        293.51       30274.5
        0.985       250.858       293.514       30274.3
        0.995       250.901       293.518       30274.1
        1.005       250.944       293.522       30273.8
        1.015       250.987       293.526       30273.6
        1.025       251.031        293.53       30273.4
        1.035       251.074       293.534       30273.1
        1.045       251.117       293.538       30272.9
        1.055       251.143       293.541       30272.4
        1.065       251.152       293.543       30271.7
        1.075        251.16       293.545         30271
        1.085       251.168       293.547       30270.2
        1.095       251.177       293.549       30269.5
        1.105       251.185       293.552       30268.8
        1.115       251.194       293.554       30268.1
        1.125       251.202       293.556       30267.3
        1.135        251.21       293.558       30266.6
        1.145       251.219        293.56       30265.9
        1.155       251.223       293.563       30265.4
        1.165       251.222       293.566       30265.2
        1.175       251.222        293.57         30265
        1.185       251.221       293.574       30264.8
        1.195       251.221       293.577       30264.6
        1.205        251.22       293.581       30264.3
        1.215        251.22       293.584       30264.1
        1.225       251.219       293.588       30263.9
        1.235       251.219       293.592       30263.7
        1.245       251.218       293.595       30263.5
        1.255       251.218         293.6       30263.4
        1.265       251.219       293.607       30263.5
        1.275       251.219       293.614       30263.6
        1.285       251.219        293.62       30263.6
        1.295        251.22       293.627       30263.7
        1.305        251.22       293.634       30263.7
        1.315       251.221       293.641       30263.8
        1.325       251.221       293.647       30263.8
        1.335       251.221       293.654       30263.9
        1.345       251.222       293.661         30264
        1.355       251.225       293.668       30264.1
        1.365        251.23       293.675       30264.3
        1.375       251.236       293.682       30264.5
        1.385       251.241       293.689       30264.7
        1.395       251.247       293.696       30264.9
        1.405       251.252       293.704       30265.1
        1.415       251.258       293.711       30265.3
        1.425       251.263       293.718       30265.5
        1.435       251.269       293.725       30265.7
        1.445       251.274       293.732       30265.9
        1.455       251.293        293.74       30266.2
        1.465       251.325       293.748       30266.8
        1.475       251.357       293.756       30267.2
        1.485       251.389       293.764       30267.8
        1.495       251.421       293.772       30268.2
        1.505       251.453       293.779       30268.8
        1.515       251.485       293.787       30269.3
        1.525       251.517       293.795       30269.8
        1.535       251.549       293.803       30270.2
        1.545       251.581       293.811       30270.7
        1.555       251.665       293.823       30271.4
        1.565       251.801       293.838       30272.2
        1.575       251.938       293.854         30273
        1.585       252.074        293.87       30273.9
        1.595        252.21       293.885       30274.7
        1.605       252.346       293.901       30275.5
        1.615       252.482       293.916       30276.3
        1.625       252.619       293.932       30277.1
        1.635       252.755       293.948         30278
        1.645       252.891       293.963       30278.8
        1.655       253.208       293.986         30279
        1.665       253.707       294.015       30278.6
        1.675       254.205       294.044       30278.2
        1.685       254.703       294.073       30277.8
        1.695       255.202       294.102       30277.4
        1.705         255.7       294.132       30277.1
        1.715       256.199       294.161       30276.7
        1.725       256.697        294.19       30276.3
        1.735       257.195       294.219       30275.9
        1.745       257.694       294.248       30275.5
        1.755       258.774       294.266       30274.5
        1.765       260.437       294.272         30273
        1.775       262.099       294.278       30271.4
        1.785       263.762       294.284       30269.9
        1.795       265.424        294.29       30268.3
        1.805       267.087       294.295       30266.8
        1.815       268.749       294.301       30265.2
        1.825       270.412       294.307       30263.7
        1.835       272.074       294.313       30262.1
        1.845       273.737       294.319       30260.6
        1.855        276.26       294.304         30260
        1.865       279.643       294.268       30260.5
        1.875       283.026       294.232         30261
        1.885        286.41       294.196       30261.5
        1.895       289.793        294.16         30262
        1.905       293.176       294.124       30262.4
        1.915       296.559       294.088       30262.9
        1.925       299.943       294.052       30263.4
        1.935       303.326       294.016       30263.9
        1.945       306.709        293.98       30264.4
        1.955       309.949        293.94       30264.4
        1.965       313.046       293.897       30263.9
        1.975       316.142       293.853       30263.4
        1.985       319.238        293.81         30263
        1.995       322.335       293.766       30262.5
        2.005       325.431       293.723         30262
        2.015       328.528       293.679       30261.5
        2.025       331.624       293.636       30261.1
        2.035        334.72       293.592       30260.6
        2.045       337.817       293.549       30260.1
        2.055       340.572       293.512       30259.6
        2.065       342.987       293.483         30259
        2.075       345.402       293.453       30258.4
        2.085       347.816       293.424       30257.8
        2.095       350.231       293.395       30257.2
        2.105       352.646       293.365       30256.5
        2.115       355.061       293.336       30255.9
        2.125       357.475       293.307       30255.3
        2.135        359.89       293.277       30254.7
        2.145       362.305       293.248       30254.1
        2.155       364.348       293.229       30254.5
        2.165       366.021        293.22         30256
        2.175       367.695       293.211       30257.4
        2.185       369.368       293.203       30258.8
        2.195       371.041       293.194       30260.3
        2.205       372.714       293.185       30261.7
        2.215       374.387       293.176       30263.2
        2.225        376.06       293.168       30264.6
        2.235       377.733       293.159         30266
        2.245       379.406        293.15       30267.5
        2.255       380.765       293.146       30268.3
        2.265        381.81       293.147       30268.4
        2.275       382.856       293.148       30268.5
        2.285       383.901       293.148       30268.6
        2.295       384.946       293.149       30268.7
        2.305       385.992       293.149       30268.8
        2.315       387.037        293.15       30268.9
        2.325       388.083        293.15         30269
        2.335       389.128       293.151       30269.1
        2.345       390.173       293.152       30269.1
        2.355       390.998       293.151       30268.4
        2.365       391.602       293.149       30266.8
        2.375       392.205       293.146       30265.2
        2.385       392.809       293.144       30263.6
        2.395       393.413       293.142         30262
        2.405       394.016        293.14       30260.4
        2.415        394.62       293.138       30258.8
        2.425       395.224       293.135       30257.2
        2.435       395.827       293.133       30255.6
        2.445       396.431       293.131         30254
        2.455       396.888       293.126         30253
        2.465         397.2       293.118       30252.7
        2.475       397.511        293.11       30252.4
        2.485       397.822       293.101       30252.1
        2.495       398.132       293.093       30251.8
        2.505       398.444       293.085       30251.4
        2.515       398.755       293.077       30251.1
        2.525       399.066       293.068       30250.8
        2.535       399.377        293.06       30250.5
        2.545       399.688       293.052       30250.2
        2.555       399.899        293.04       30250.4
        2.565       400.012       293.023       30251.2
        2.575       400.125       293.006         30252
        2.585       400.238       292.989       30252.8
        2.595       400.351       292.972       30253.6
        2.605       400.463       292.955       30254.4
        2.615       400.576       292.938       30255.2
        2.625       400.689       292.921         30256
        2.635       400.802       292.904       30256.8
        2.645       400.915       292.887       30257.6
        2.655       400.974       292.864       30257.4
        2.665       400.979       292.834       30256.2
        2.675       400.985       292.804       30254.9
        2.685        400.99       292.774       30253.7
        2.695       400.995       292.744       30252.5
        2.705       401.001       292.714       30251.3
        2.715       401.006       292.684       30250.1
        2.725       401.011       292.654       30248.8
        2.735       401.017       292.624       30247.6
        2.745       401.022       292.594       30246.4
        2.755       400.998       292.559       30244.4
        2.765       400.943       292.519       30241.5
        2.775       400.888       292.479       30238.6
        2.785       400.833       292.439       30235.8
        2.795       400.778       292.399       30232.9
        2.805       400.724       292.359       30230.1
        2.815       400.669       292.319       30227.2
        2.825       400.614       292.279       30224.3
        2.835       400.559       292.239       30221.5
        2.845       400.504       292.199       30218.6
        2.855       400.389       292.159       30217.1
        2.865       400.212        292.12       30216.8
        2.875       400.036       292.081       30216.5
        2.885       399.859       292.042       30216.2
        2.895       399.683       292.003       30215.9
        2.905       399.506       291.964       30215.6
        2.915        399.33       291.925       30215.3
        2.925       399.153       291.886         30215
        2.935       398.977       291.847       30214.7
        2.945         398.8       291.808       30214.4
        2.955       398.635       291.767         30214
        2.965        398.48       291.725       30213.4
        2.975       398.325       291.684       30212.8
        2.985        398.17       291.642       30212.2
        2.995       398.015         291.6       30211.6
        3.005        397.86       291.559         30211
        3.015       397.705       291.517       30210.4
        3.025        397.55       291.475       30209.8
        3.035       397.395       291.434       30209.2
        3.045        397.24       291.392       30208.6
        3.055       397.113       291.343       30204.6
        3.065       397.013       291.286       30197.3
        3.075       396.913        291.23         30190
        3.085       396.813       291.174       30182.7
        3.095       396.713       291.117       30175.4
        3.105       396.612       291.061       30168.1
        3.115       396.512       291.004       30160.8
        3.125       396.412       290.948       30153.5
        3.135       396.312       290.892       30146.2
        3.145       396.212       290.835       30138.9
        3.155       396.148       290.777       30133.7
        3.165       396.121       290.717       30130.8
        3.175       396.093       290.657       30127.8
        3.185       396.065       290.597       30124.8
        3.195       396.038       290.537       30121.9
        3.205        396.01       290.477       30118.9
        3.215       395.983       290.417         30116
        3.225       395.955       290.357         30113
        3.235       395.927       290.297         30110
        3.245         395.9       290.237       30107.1
        3.255        395.89        290.18       30104.8
        3.265       395.897       290.125       30103.3
        3.275       395.904        290.07       30101.8
        3.285       395.911       290.016       30100.3
        3.295       395.918       289.961       30098.8
        3.305       395.925       289.906       30097.3
        3.315       395.932       289.851       30095.9
        3.325       395.939       289.797       30094.3
        3.335       395.946       289.742       30092.8
        3.345       395.953       289.687       30091.3
        3.355       395.966        289.61       30088.2
        3.365       395.985       289.511       30083.4
        3.375       396.004       289.412       30078.6
        3.385       396.023       289.312       30073.8
        3.395       396.042       289.213         30069
        3.405       396.061       289.114       30064.1
        3.415        396.08       289.015       30059.3
        3.425       396.099       288.915       30054.5
        3.435       396.118       288.816       30049.7
        3.445       396.137       288.717       30044.9
        3.455       396.111       288.555       30029.5
        3.465       396.041       288.332       30003.4
        3.475       395.972       288.109       29977.3
        3.485       395.902       287.886       29951.2
        3.495       395.832       287.663       29925.1
        3.505       395.763       287.439         29899
        3.515       395.693       287.216       29872.9
        3.525       395.623       286.993       29846.8
        3.535       395.554        286.77       29820.7
        3.545       395.484       286.547       29794.6
        3.555       395.363       286.197       29760.1
        3.565       395.191        285.72         29717
        3.575        395.02       285.243       29673.9
        3.585       394.848       284.767       29630.9
        3.595       394.676        284.29       29587.8
        3.605       394.504       283.814       29544.7
        3.615       394.332       283.337       29501.6
        3.625       394.161       282.861       29458.6
        3.635       393.989       282.384       29415.5
        3.645       393.817       281.907       29372.4
        3.655       393.545       281.155       29313.3
        3.665       393.172       280.126         29238
        3.675         392.8       279.098       29162.7
        3.685       392.428        278.07       29087.4
        3.695       392.055       277.041       29012.1
        3.705       391.683       276.013       28936.9
        3.715        391.31       274.984       28861.6
        3.725       390.938       273.956       28786.3
        3.735       390.566       272.928         28711
        3.745       390.193       271.899       28635.7
        3.755       389.553       269.976       28497.9
        3.765       388.646       267.156       28297.4
        3.775       387.739       264.337         28097
        3.785       386.831       261.519       27896.5
        3.795       385.924       258.699       27696.1
        3.805       385.017        255.88       27495.6
        3.815        384.11       253.061       27295.2
        3.825       383.202       250.242       27094.7
        3.835       382.295       247.423       26894.3
        3.845       381.388       244.604       26693.8
        3.855        379.04       238.985       26188.5
        3.865       375.252       230.566       25378.2
        3.875       371.464       222.148         24568
        3.885       367.676       213.728       23757.7
        3.895       363.888       205.309       22947.4
        3.905       360.099        196.89       22137.2
        3.915       356.311       188.471       21326.9
        3.925       352.523       180.052       20516.6
        3.935       348.735       171.634       19706.4
        3.945       344.947       163.214       18896.1
        3.955        340.53       153.307       18150.1
        3.965       335.485       141.912       17468.4
        3.975       330.441       130.516       16786.6
        3.985       325.395       119.121       16104.9
        3.995        320.35       107.725       15423.1
        4.005       315.306         96.33       14741.4
        4.015       310.261       84.9346       14059.6
        4.025       305.216       73.5391       13377.9
        4.035       300.171       62.1437       12696.1
        4.045       295.125       50.7482       12014.4
        4.055       292.026       43.1701       11604.2
        4.065       290.872       39.4093       11465.5
        4.075       289.717       35.6485       11326.8
        4.085       288.563       31.8878       11188.2
        4.095       287.409        28.127       11049.5
        4.105       286.255       24.3662       10910.8
        4.115       285.101       20.6054       10772.1
        4.125       283.947       16.8447       10633.5
        4.135       282.792       13.0839       10494.8
        4.145       281.638       9.32309       10356.1
        4.155       280.962        7.1273       10274.6
        4.165       280.765       6.49649       10250.2
        4.175       280.568       5.86568       10225.9
        4.185       280.371       5.23486       10201.5
        4.195       280.174       4.60405       10177.1
        4.205       279.976       3.97324       10152.7
        4.215       279.779       3.34243       10128.3
        4.225       279.582       2.71163         10104
        4.235       279.385       2.08081       10079.6
        4.245       279.188       1.45001       10055.2
        4.255       279.074       1.08623       10041.2
        4.265       279.045      0.989486       10037.5
        4.275       279.016      0.892744       10033.8
        4.285       278.986      0.796001       10030.2
        4.295       278.957      0.699258       10026.5
        4.305       278.928      0.602516       10022.8
        4.315       278.899      0.505773       10019.1
        4.325       278.869      0.409031       10015.5
        4.335        278.84      0.312288       10011.8
        4.345       278.811      0.215545       10008.1
        4.355       278.794      0.160041         10006
        4.365        278.79      0.145776       10005.5
        4.375       278.785      0.131511       10004.9
        4.385       278.781      0.117246       10004.4
        4.395       278.777       0.10298       10003.9
        4.405       278.772     0.0887151       10003.3
        4.415       278.768     0.0744498       10002.8
        4.425       278.764     0.0601845       10002.2
        4.435       278.759     0.0459193       10001.7
        4.445       278.755      0.031654       10001.2
        4.455       278.753     0.0234751       10000.9
        4.465       278.752     0.0213826       10000.8
        4.475       278.751       0.01929       10000.7
        4.485       278.751     0.0171974       10000.6
        4.495        278.75     0.0151049       10000.5
        4.505        278.75     0.0130123       10000.5
        4.515       278.749     0.0109198       10000.4
        4.525       278.749    0.00882719       10000.3
        4.535       278.748    0.00673463       10000.2
        4.545       278.747    0.00464207       10000.1
        4.555       278.747    0.00344238       10000.1
        4.565       278.747    0.00313555       10000.1
        4.575       278.747    0.00282872       10000.1
        4.585       278.747     0.0025219       10000.1
        4.595       278.747    0.00221507       10000.1
        4.605       278.746    0.00190825         10000
        4.615       278.746    0.00160142         10000
        4.625       278.746    0.00129459         10000
        4.635       278.746   0.000987768         10000
        4.645       278.746   0.000680942         10000
        4.655       278.746   0.000505022         10000
        4.665       278.746   0.000460008         10000
        4.675       278.746   0.000414995         10000
        4.685       278.746   0.000369981         10000
        4.695       278.746   0.000324967         10000
        4.705       278.746   0.000279953         10000
        4.715       278.746    0.00023494         10000
        4.725       278.746   0.000189926         10000
        4.735       278.746   0.000144912         10000
        4.745       278.746   9.98986e-05         10000
        4.755       278.746   7.40914e-05         10000
        4.765       278.746   6.74909e-05         10000
        4.775       278.746   6.08903e-05         10000
        4.785       278.746   5.42898e-05         10000
        4.795       278.746   4.76893e-05         10000
        4.805       278.746   4.10887e-05         10000
        4.815       278.746   3.44882e-05         10000
        4.825       278.746   2.78877e-05         10000
        4.835       278.746   2.12871e-05         10000
        4.845       278.746   1.46866e-05         10000
        4.855       278.746   1.08914e-05         10000
        4.865       278.746   9.90158e-06         10000
        4.875       278.746   8.91176e-06         10000
        4.885       278.746   7.92195e-06         10000
        4.895       278.746   6.93214e-06         10000
        4.905       278.746   5.94232e-06         10000
        4.915       278.746   4.95251e-06         10000
        4.925       278.746   3.96269e-06         10000
        4.935       278.746   2.97288e-06         10000
        4.945       278.746   1.98307e-06         10000
        4.955       278.746   1.48816e-06         10000
        4.965       278.746   1.48816e-06         10000
        4.975       278.746   1.48816e-06         10000
        4.985       278.746   1.48816e-06         10000
        4.995       278.746   1.48816e-06         10000