/*--------------------------------*- C++ -*----------------------------------*\
| =========                 |                                                 |
| \\      /  F ield         | OpenFOAM: The Open Source CFD Toolbox           |
|  \\    /   O peration     | Version:  v2012                                 |
|   \\  /    A nd           | Website:  www.openfoam.com                      |
|    \\/     M anipulation  |                                                 |
\*---------------------------------------------------------------------------*/
FoamFile
{
    version     2.0;
    format      ascii;
    class       volVectorField;
    location    "60";
    object      U;
}
// * * * * * * * * * * * * * * * * * * * * * * * * * * * * * * * * * * * * * //

dimensions      [0 1 -1 0 0 0 0];


internalField   nonuniform List<vector> 
2200
(
(0.878856 -0.0304106 0)
(1.0058 -0.0512786 0)
(1.00331 -0.0353817 0)
(1.00032 -0.0244245 0)
(0.999914 -0.0166361 0)
(1.00002 -0.0107087 0)
(1.00001 -0.00681392 0)
(0.999994 -0.00417482 0)
(0.999962 -0.00214309 0)
(1.00019 -0.00058693 0)
(1.00001 0.00111326 0)
(1.00009 0.00258503 0)
(1.00025 0.0045005 0)
(1.00018 0.00708102 0)
(1.00013 0.0108397 0)
(1.00007 0.0166533 0)
(1.00037 0.0243727 0)
(1.00348 0.0348637 0)
(1.00599 0.0513783 0)
(0.879054 0.0302971 0)
(0.712005 -0.0327669 0)
(0.996647 -0.0630162 0)
(1.03331 -0.056183 0)
(1.02487 -0.046448 0)
(1.01585 -0.0361586 0)
(1.00965 -0.0264182 0)
(1.00594 -0.0181819 0)
(1.0038 -0.0114496 0)
(1.00265 -0.00611974 0)
(1.00207 -0.00169104 0)
(1.00196 0.00248219 0)
(1.00227 0.0070543 0)
(1.00334 0.0123256 0)
(1.00556 0.0189163 0)
(1.00933 0.0271979 0)
(1.01544 0.0369502 0)
(1.02456 0.0474549 0)
(1.03316 0.0579907 0)
(0.996708 0.0631394 0)
(0.711778 0.0330349 0)
(0.535567 -0.0238898 0)
(0.96992 -0.0569242 0)
(1.05644 -0.0547025 0)
(1.05228 -0.048731 0)
(1.03629 -0.0403985 0)
(1.02447 -0.0322407 0)
(1.0159 -0.0239601 0)
(1.01037 -0.0161037 0)
(1.0071 -0.00879364 0)
(1.0056 -0.00208255 0)
(1.00581 0.00435939 0)
(1.00734 0.0107645 0)
(1.01046 0.0177815 0)
(1.01578 0.0254626 0)
(1.02421 0.0334305 0)
(1.03624 0.0414068 0)
(1.0523 0.0493965 0)
(1.05633 0.0532502 0)
(0.969222 0.0576457 0)
(0.534414 0.0239353 0)
(0.392329 -0.0136507 0)
(0.91181 -0.0463932 0)
(1.0575 -0.0469154 0)
(1.06951 -0.0443099 0)
(1.05483 -0.0381675 0)
(1.03932 -0.0314663 0)
(1.02757 -0.0246731 0)
(1.01911 -0.0174315 0)
(1.01379 -0.00996427 0)
(1.01112 -0.00245969 0)
(1.01064 0.00501234 0)
(1.01284 0.0125191 0)
(1.01808 0.0197843 0)
(1.02654 0.0266312 0)
(1.03839 0.0330695 0)
(1.0539 0.0395474 0)
(1.06811 0.0456416 0)
(1.05548 0.0483295 0)
(0.909886 0.0469963 0)
(0.389927 0.0137804 0)
(0.307707 -0.00451636 0)
(0.846748 -0.0323872 0)
(1.04943 -0.0399381 0)
(1.07953 -0.0381902 0)
(1.06828 -0.0335329 0)
(1.05174 -0.0279367 0)
(1.03834 -0.0225226 0)
(1.02809 -0.0164665 0)
(1.02096 -0.00954774 0)
(1.01711 -0.0018697 0)
(1.01722 0.00609775 0)
(1.02085 0.013306 0)
(1.02752 0.0197789 0)
(1.03739 0.0254431 0)
(1.05037 0.0303569 0)
(1.06678 0.0356598 0)
(1.07782 0.0399873 0)
(1.04741 0.041721 0)
(0.843058 0.0329485 0)
(0.303781 0.00473344 0)
(0.264284 0.000104059 0)
(0.789014 -0.0200626 0)
(1.0334 -0.0314443 0)
(1.08355 -0.0320072 0)
(1.0773 -0.028736 0)
(1.06086 -0.0238489 0)
(1.04724 -0.0193958 0)
(1.03637 -0.0142864 0)
(1.02857 -0.00821182 0)
(1.02419 -0.0012308 0)
(1.02345 0.00601043 0)
(1.027 0.0128691 0)
(1.03438 0.0185769 0)
(1.04495 0.0231487 0)
(1.05856 0.0271502 0)
(1.07484 0.0315594 0)
(1.08027 0.03427 0)
(1.02913 0.0333379 0)
(0.782602 0.0207346 0)
(0.25877 0.000120391 0)
(0.240369 0.00106935 0)
(0.738412 -0.012279 0)
(1.01374 -0.024985 0)
(1.08408 -0.0267545 0)
(1.08304 -0.0244759 0)
(1.06782 -0.020331 0)
(1.05429 -0.0163106 0)
(1.04342 -0.0118024 0)
(1.0352 -0.00643353 0)
(1.03017 5.92671e-06 0)
(1.03001 0.00684448 0)
(1.03425 0.0126555 0)
(1.04164 0.0173149 0)
(1.05182 0.0212497 0)
(1.06481 0.024595 0)
(1.0795 0.0280252 0)
(1.08002 0.0296517 0)
(1.00767 0.0272105 0)
(0.729014 0.0131403 0)
(0.233165 -0.000837978 0)
(0.226034 0.000956096 0)
(0.69551 -0.0080449 0)
(0.993104 -0.0207567 0)
(1.08222 -0.0231269 0)
(1.08686 -0.0212631 0)
(1.07339 -0.0176765 0)
(1.05991 -0.0138662 0)
(1.04934 -0.00956552 0)
(1.04142 -0.00458199 0)
(1.03663 0.0010283 0)
(1.03557 0.00681635 0)
(1.03885 0.0121554 0)
(1.04582 0.0165255 0)
(1.05588 0.0199529 0)
(1.06921 0.0230262 0)
(1.08195 0.025805 0)
(1.07566 0.0267472 0)
(0.983313 0.0234168 0)
(0.6819 0.00910793 0)
(0.216722 -0.000715769 0)
(0.216463 0.000623008 0)
(0.660134 -0.00567013 0)
(0.972624 -0.0176182 0)
(1.0796 -0.020206 0)
(1.09033 -0.0186298 0)
(1.0783 -0.0154847 0)
(1.06489 -0.0118111 0)
(1.05436 -0.00762587 0)
(1.04638 -0.00281994 0)
(1.04114 0.00260385 0)
(1.04043 0.0080459 0)
(1.04419 0.0127219 0)
(1.0508 0.0163698 0)
(1.06018 0.0196553 0)
(1.07267 0.0223443 0)
(1.08353 0.0245013 0)
(1.07099 0.0249843 0)
(0.959415 0.0209857 0)
(0.641936 0.00706609 0)
(0.204673 -0.000335292 0)
(0.209267 0.000297228 0)
(0.631538 -0.00421951 0)
(0.953688 -0.0150216 0)
(1.0764 -0.0179702 0)
(1.09338 -0.0166407 0)
(1.08296 -0.0136952 0)
(1.06952 -0.010074 0)
(1.05907 -0.00597812 0)
(1.05134 -0.00130551 0)
(1.04651 0.00366567 0)
(1.04499 0.00870607 0)
(1.04717 0.0130616 0)
(1.05322 0.0169027 0)
(1.06266 0.0196694 0)
(1.07561 0.0220862 0)
(1.08444 0.0238367 0)
(1.06399 0.0237497 0)
(0.934614 0.0190877 0)
(0.607007 0.00591101 0)
(0.194227 3.69895e-05 0)
(0.203433 8.34577e-05 0)
(0.608256 -0.00315575 0)
(0.935759 -0.012568 0)
(1.07334 -0.0155761 0)
(1.09675 -0.0144237 0)
(1.08765 -0.0116938 0)
(1.07413 -0.0081898 0)
(1.06334 -0.00411674 0)
(1.05513 0.000597655 0)
(1.04958 0.00576894 0)
(1.04809 0.0105533 0)
(1.0512 0.0148272 0)
(1.05722 0.0177367 0)
(1.06613 0.0204134 0)
(1.07805 0.0224491 0)
(1.08483 0.0236114 0)
(1.05728 0.0230035 0)
(0.910947 0.0175589 0)
(0.576844 0.00525864 0)
(0.184657 0.000318345 0)
(0.198851 4.79504e-06 0)
(0.590023 -0.00230428 0)
(0.920362 -0.0102705 0)
(1.07034 -0.0134948 0)
(1.10002 -0.0124332 0)
(1.09251 -0.00969097 0)
(1.07898 -0.00610086 0)
(1.06815 -0.00221409 0)
(1.05999 0.00224972 0)
(1.05459 0.00705416 0)
(1.05233 0.011919 0)
(1.05348 0.0157481 0)
(1.05869 0.0190815 0)
(1.06773 0.021081 0)
(1.08025 0.0227662 0)
(1.08457 0.0236709 0)
(1.04812 0.0223878 0)
(0.886291 0.0163284 0)
(0.549219 0.00488187 0)
(0.17522 0.000489408 0)
(0.195253 2.46673e-05 0)
(0.575275 -0.00156544 0)
(0.905743 -0.00813623 0)
(1.06757 -0.0110603 0)
(1.10367 -0.00997129 0)
(1.09748 -0.00725233 0)
(1.08371 -0.0037199 0)
(1.07222 0.00030475 0)
(1.06316 0.00494327 0)
(1.05662 0.0100336 0)
(1.05412 0.0145303 0)
(1.05649 0.0182037 0)
(1.06215 0.0202961 0)
(1.07079 0.0222683 0)
(1.08178 0.0236431 0)
(1.08381 0.0240463 0)
(1.03929 0.0222117 0)
(0.862636 0.0154732 0)
(0.524294 0.00469185 0)
(0.166141 0.000573484 0)
(0.193152 6.69496e-05 0)
(0.564773 -0.00077261 0)
(0.894506 -0.00589726 0)
(1.06526 -0.00874077 0)
(1.10724 -0.00750362 0)
(1.10266 -0.00462314 0)
(1.08896 -0.000856062 0)
(1.07742 0.00305077 0)
(1.06841 0.00746456 0)
(1.06186 0.0121056 0)
(1.05829 0.016639 0)
(1.05847 0.0199603 0)
(1.06285 0.0224881 0)
(1.07171 0.0237234 0)
(1.08288 0.024647 0)
(1.08193 0.0246721 0)
(1.02722 0.0223322 0)
(0.837137 0.014918 0)
(0.49991 0.00463081 0)
(0.156911 0.000614818 0)
(0.192262 0.00010464 0)
(0.557255 -0.000231319 0)
(0.884139 -0.00396078 0)
(1.06356 -0.00608832 0)
(1.11131 -0.00463255 0)
(1.10808 -0.00158672 0)
(1.09422 0.00221792 0)
(1.08182 0.00645393 0)
(1.07154 0.0111943 0)
(1.0636 0.0162769 0)
(1.05979 0.0205095 0)
(1.06088 0.0233088 0)
(1.06605 0.0247594 0)
(1.07432 0.0259202 0)
(1.08296 0.0264086 0)
(1.07944 0.025891 0)
(1.01562 0.0228239 0)
(0.812602 0.0146952 0)
(0.477087 0.00466611 0)
(0.147931 0.000632055 0)
(0.192835 8.34193e-05 0)
(0.55294 0.000823888 0)
(0.877918 -0.0015795 0)
(1.06292 -0.00344109 0)
(1.11566 -0.00164615 0)
(1.11386 0.00161674 0)
(1.10005 0.00579315 0)
(1.08765 0.0101627 0)
(1.07748 0.0149133 0)
(1.06932 0.0196047 0)
(1.06387 0.0236353 0)
(1.06258 0.0264653 0)
(1.06558 0.0279369 0)
(1.07384 0.0284378 0)
(1.0828 0.0285876 0)
(1.07481 0.0275601 0)
(1.0001 0.0236533 0)
(0.785457 0.0148494 0)
(0.453414 0.00480699 0)
(0.138496 0.000653656 0)
(0.194876 0.0002311 0)
(0.553163 0.00152302 0)
(0.873026 0.000486156 0)
(1.06354 -7.75279e-05 0)
(1.12066 0.00211927 0)
(1.11997 0.00578716 0)
(1.10602 0.0102158 0)
(1.09264 0.0151034 0)
(1.08082 0.020322 0)
(1.07074 0.0253863 0)
(1.06494 0.0292708 0)
(1.06437 0.0310905 0)
(1.06848 0.0320792 0)
(1.07573 0.0323692 0)
(1.08104 0.0315951 0)
(1.06967 0.0298315 0)
(0.985034 0.0250626 0)
(0.758804 0.0153491 0)
(0.430299 0.00507291 0)
(0.129025 0.00068336 0)
(0.199038 0.000669168 0)
(0.555797 0.00232541 0)
(0.873354 0.0033388 0)
(1.0661 0.00328048 0)
(1.12661 0.00615346 0)
(1.12695 0.0101205 0)
(1.11267 0.015074 0)
(1.099 0.0202075 0)
(1.08715 0.0255302 0)
(1.07696 0.0305159 0)
(1.06906 0.0340895 0)
(1.06525 0.0360389 0)
(1.06622 0.03651 0)
(1.07324 0.0359289 0)
(1.07943 0.0352639 0)
(1.06199 0.0328489 0)
(0.965153 0.0268691 0)
(0.728446 0.0162379 0)
(0.405026 0.00544532 0)
(0.118638 0.000715197 0)
(0.205394 0.000870609 0)
(0.562472 0.00342907 0)
(0.877082 0.00577452 0)
(1.07078 0.00743405 0)
(1.1335 0.0109613 0)
(1.13473 0.0157478 0)
(1.1201 0.0213087 0)
(1.10532 0.0272298 0)
(1.09155 0.0332683 0)
(1.07855 0.0386059 0)
(1.06943 0.0420601 0)
(1.06651 0.0429336 0)
(1.0687 0.04267 0)
(1.07431 0.0420347 0)
(1.07536 0.0399748 0)
(1.05329 0.0365104 0)
(0.945119 0.0293837 0)
(0.69768 0.0174657 0)
(0.379241 0.00591702 0)
(0.107867 0.00075133 0)
(0.213788 0.00105208 0)
(0.573669 0.00472713 0)
(0.885267 0.0089068 0)
(1.07837 0.0120143 0)
(1.14199 0.0166238 0)
(1.14372 0.0219378 0)
(1.12805 0.028334 0)
(1.11205 0.0346467 0)
(1.09717 0.0408685 0)
(1.08345 0.046258 0)
(1.07235 0.0497318 0)
(1.06582 0.0506272 0)
(1.06458 0.0497583 0)
(1.06942 0.0474361 0)
(1.07176 0.0456797 0)
(1.04146 0.0410639 0)
(0.918935 0.0322831 0)
(0.661774 0.0190343 0)
(0.350093 0.0064368 0)
(0.0958402 0.000775502 0)
(0.226054 0.00139986 0)
(0.591802 0.00667701 0)
(0.900013 0.0131969 0)
(1.08907 0.0181821 0)
(1.15196 0.0236393 0)
(1.1539 0.0299635 0)
(1.13727 0.0372241 0)
(1.11981 0.0446786 0)
(1.10284 0.0520452 0)
(1.08612 0.0581184 0)
(1.07225 0.0605385 0)
(1.06574 0.0600418 0)
(1.06546 0.0583133 0)
(1.06908 0.0563386 0)
(1.06458 0.0524807 0)
(1.02753 0.0465037 0)
(0.891845 0.036101 0)
(0.624255 0.0209211 0)
(0.319505 0.00701037 0)
(0.0832676 0.000798048 0)
(0.241697 0.00193994 0)
(0.614971 0.00851567 0)
(0.920528 0.0178658 0)
(1.10423 0.0252015 0)
(1.16432 0.0324841 0)
(1.16577 0.0398795 0)
(1.14733 0.0485135 0)
(1.12771 0.0566141 0)
(1.10812 0.0639379 0)
(1.08861 0.0690587 0)
(1.07272 0.0715659 0)
(1.06338 0.0711076 0)
(1.05981 0.0685582 0)
(1.06123 0.0642526 0)
(1.05751 0.0602901 0)
(1.00953 0.0528695 0)
(0.856455 0.0399253 0)
(0.579662 0.0229354 0)
(0.28457 0.00750713 0)
(0.0693444 0.000794718 0)
(0.263673 0.00280957 0)
(0.648193 0.0122707 0)
(0.949799 0.024715 0)
(1.124 0.0348307 0)
(1.17944 0.043248 0)
(1.17984 0.0527077 0)
(1.15919 0.0623676 0)
(1.137 0.0716294 0)
(1.11454 0.079947 0)
(1.09236 0.0859339 0)
(1.07336 0.0871645 0)
(1.06193 0.0840365 0)
(1.05823 0.0800719 0)
(1.05883 0.0761166 0)
(1.04616 0.0696347 0)
(0.987946 0.0600517 0)
(0.819342 0.0450143 0)
(0.532819 0.0251814 0)
(0.248049 0.00795622 0)
(0.0551455 0.000775435 0)
(0.294703 0.00369074 0)
(0.692743 0.0153981 0)
(0.988063 0.0326901 0)
(1.1502 0.0464077 0)
(1.19812 0.0578717 0)
(1.19576 0.0694084 0)
(1.17143 0.0809635 0)
(1.14577 0.090944 0)
(1.11953 0.0987022 0)
(1.09262 0.102306 0)
(1.06978 0.101197 0)
(1.05692 0.0982405 0)
(1.05113 0.0933748 0)
(1.0478 0.0865843 0)
(1.03404 0.0799067 0)
(0.961202 0.0683104 0)
(0.770793 0.049503 0)
(0.475682 0.0270168 0)
(0.206354 0.00811691 0)
(0.0397509 0.000675123 0)
(0.331098 0.0070862 0)
(0.750887 0.0247018 0)
(1.0377 0.0466446 0)
(1.18247 0.0646383 0)
(1.22058 0.0774835 0)
(1.21399 0.0921378 0)
(1.18501 0.104395 0)
(1.15508 0.114346 0)
(1.1245 0.121344 0)
(1.09446 0.124521 0)
(1.07003 0.123219 0)
(1.05387 0.116519 0)
(1.04563 0.108844 0)
(1.04244 0.101736 0)
(1.01644 0.0918515 0)
(0.927851 0.0767294 0)
(0.719193 0.0550474 0)
(0.418004 0.0290888 0)
(0.164928 0.00809883 0)
(0.0256366 0.00060498 0)
(0.411008 0.0106414 0)
(0.838311 0.0356735 0)
(1.10361 0.0672682 0)
(1.22285 0.0899998 0)
(1.24768 0.10622 6.25503e-34)
(1.23393 0.122597 -2.82171e-34)
(1.19848 0.13488 0)
(1.16366 0.143634 0)
(1.12884 0.14885 0)
(1.09422 0.148785 0)
(1.06348 0.142039 0)
(1.04528 0.133468 0)
(1.03693 0.12499 0)
(1.02668 0.115024 0)
(0.996762 0.103723 0)
(0.888406 0.0859935 0)
(0.652962 0.0588574 0)
(0.344535 0.0291773 0)
(0.115456 0.00757996 0)
(0.00984859 0.000755032 0)
(0.481864 0.0258533 4.59774e-20)
(0.940535 0.0597119 -3.48238e-20)
(1.17471 0.101892 0)
(1.26419 0.128899 2.70083e-20)
(1.2757 0.144318 -2.19023e-20)
(1.25264 0.162731 2.97717e-34)
(1.21015 0.173155 0)
(1.16987 0.179824 1.58819e-20)
(1.12905 0.182106 -5.21735e-20)
(1.08883 0.178977 1.06551e-20)
(1.05764 0.171518 0)
(1.03799 0.161025 -2.70782e-20)
(1.02504 0.148829 -3.25277e-20)
(1.01539 0.137253 5.69427e-20)
(0.963128 0.121541 -4.4975e-20)
(0.823946 0.0955869 0)
(0.561475 0.062482 -1.61849e-20)
(0.259974 0.0282142 0)
(0.0654775 0.00723554 -8.93586e-20)
(-0.00701903 0.000475753 1.05314e-19)
(0.518194 0.0536353 -6.04692e-21)
(1.00548 0.102453 1.0353e-19)
(1.22544 0.152282 -5.60341e-21)
(1.29808 0.176705 -6.62119e-20)
(1.30053 0.194158 -4.63496e-20)
(1.26836 0.21065 7.54152e-20)
(1.21934 0.218199 0)
(1.1735 0.222013 0)
(1.128 0.221908 8.29782e-20)
(1.08441 0.216175 0)
(1.04688 0.204523 9.77095e-20)
(1.02092 0.188936 2.90552e-20)
(1.00672 0.175358 4.65332e-22)
(0.981305 0.160742 -6.1894e-20)
(0.921998 0.140165 0)
(0.762946 0.110482 0)
(0.487136 0.0666486 -2.63752e-19)
(0.201477 0.0269619 6.63162e-19)
(0.0340626 0.0054561 -3.92007e-19)
(-0.0184457 -0.00129569 -4.618e-19)
(0.525588 0.0760922 -5.74258e-20)
(1.04176 0.159499 2.21448e-20)
(1.26167 0.212507 1.22396e-20)
(1.32453 0.235884 1.15317e-19)
(1.31977 0.251722 1.45439e-20)
(1.28023 0.263747 -1.96409e-19)
(1.22561 0.267343 6.7069e-20)
(1.17441 0.267848 0)
(1.12286 0.264093 -1.75366e-19)
(1.07227 0.254259 1.55946e-19)
(1.02945 0.237745 -2.63683e-19)
(1.00302 0.22094 1.23607e-19)
(0.985564 0.205552 -8.01506e-20)
(0.964757 0.189296 1.80641e-19)
(0.889234 0.166301 0)
(0.71784 0.12486 -6.58755e-20)
(0.443027 0.0732667 0)
(0.183298 0.0284061 3.62303e-19)
(0.0266206 0.00467181 -8.58979e-19)
(-0.0218003 -0.00306875 5.3798e-19)
(0.521927 0.108001 1.54562e-19)
(1.06408 0.216726 -6.81847e-20)
(1.28416 0.278067 -1.4697e-20)
(1.34173 0.300697 0)
(1.33203 0.314338 -8.5496e-20)
(1.28731 0.321174 1.05564e-19)
(1.22797 0.31996 -7.17059e-20)
(1.17184 0.316231 0)
(1.11583 0.308451 1.24579e-19)
(1.06201 0.294341 -1.09532e-19)
(1.01711 0.274983 2.28115e-19)
(0.985981 0.256072 0)
(0.964126 0.238236 -1.70255e-19)
(0.930408 0.216763 9.59262e-20)
(0.856416 0.187663 2.41631e-19)
(0.686598 0.143296 -2.12605e-19)
(0.425304 0.0843273 3.36203e-19)
(0.180478 0.0334898 -7.43346e-19)
(0.0281221 0.00517217 4.70574e-19)
(-0.021693 -0.00446904 -5.88659e-19)
(0.509462 0.13201 -4.97545e-20)
(1.06966 0.26964 3.5406e-20)
(1.29431 0.343257 -4.8982e-20)
(1.35076 0.366232 9.93651e-20)
(1.33783 0.377783 -9.48653e-20)
(1.28945 0.379552 3.31697e-20)
(1.22665 0.37366 3.71913e-21)
(1.16699 0.365589 -1.40409e-19)
(1.10702 0.353108 -1.30381e-19)
(1.04793 0.334209 -2.35059e-19)
(0.997302 0.311036 -4.90608e-19)
(0.962575 0.288844 -1.51346e-19)
(0.939477 0.268038 2.22403e-21)
(0.912239 0.24708 -3.28638e-19)
(0.832233 0.21672 -5.38033e-21)
(0.664387 0.162712 3.09426e-19)
(0.417288 0.0969723 -9.30447e-20)
(0.185545 0.0413356 -5.38643e-20)
(0.0364118 0.00707451 0)
(-0.0182415 -0.00477176 1.25171e-18)
(0.493709 0.153082 0)
(1.06633 0.320344 -1.74288e-21)
(1.29716 0.407037 0)
(1.35295 0.430372 -1.28962e-20)
(1.33749 0.440715 9.10843e-20)
(1.28677 0.438078 -7.7665e-20)
(1.22138 0.427662 7.81071e-20)
(1.15827 0.415119 2.30649e-19)
(1.09427 0.398592 -7.26529e-20)
(1.031 0.375898 1.15983e-19)
(0.977488 0.34868 2.6378e-19)
(0.942452 0.32353 3.29998e-19)
(0.91613 0.300512 -1.98863e-19)
(0.877597 0.275377 3.55987e-19)
(0.802866 0.23869 -2.8215e-19)
(0.644827 0.18553 0)
(0.413318 0.113521 -7.065e-19)
(0.196077 0.0518738 9.50916e-19)
(0.0490462 0.0119485 7.09762e-20)
(-0.0124585 -0.00404574 -1.3243e-18)
(0.478035 0.172756 -5.08725e-21)
(1.05621 0.367219 -2.14376e-20)
(1.29349 0.467203 5.52669e-20)
(1.3502 0.492206 -7.70648e-20)
(1.33291 0.501579 7.63064e-20)
(1.28036 0.494855 -7.4856e-20)
(1.21276 0.480603 1.54431e-19)
(1.14707 0.464248 -6.89523e-20)
(1.08008 0.443373 -2.92985e-19)
(1.01387 0.415896 -1.75494e-22)
(0.958406 0.385265 -2.86902e-19)
(0.917874 0.356382 -3.55354e-19)
(0.889237 0.330841 2.19768e-19)
(0.859765 0.30582 -1.28082e-19)
(0.780883 0.269996 3.07048e-19)
(0.628697 0.206131 0)
(0.410537 0.131176 -4.39244e-19)
(0.205219 0.0634366 6.48762e-19)
(0.0607069 0.0180583 1.22714e-18)
(-0.00654289 -0.00263021 -1.44306e-18)
(0.464413 0.190691 -8.06938e-20)
(1.04547 0.412781 3.48025e-20)
(1.28696 0.525296 -3.33517e-20)
(1.34348 0.551373 7.94273e-20)
(1.32441 0.560148 1.21419e-20)
(1.27045 0.550095 -1.46476e-19)
(1.20122 0.532323 -8.98838e-20)
(1.13348 0.512022 -8.86746e-20)
(1.06421 0.487317 -1.65586e-19)
(0.995633 0.456068 2.66477e-19)
(0.935831 0.421459 2.89729e-19)
(0.894855 0.388892 5.63861e-19)
(0.865921 0.362738 0)
(0.825443 0.333621 6.51606e-21)
(0.754317 0.291119 -8.44492e-19)
(0.611659 0.230206 1.98014e-19)
(0.407519 0.148951 9.52893e-19)
(0.213296 0.0761741 -2.81223e-19)
(0.0716805 0.0251909 5.83718e-19)
(-0.000635228 -0.00061086 -4.86436e-20)
(0.453302 0.208139 5.82987e-21)
(1.03186 0.454214 5.44802e-20)
(1.27684 0.579541 -1.1052e-20)
(1.33396 0.607868 8.15783e-20)
(1.31359 0.616065 -1.46529e-19)
(1.25861 0.602706 1.45086e-19)
(1.1882 0.581769 9.30166e-20)
(1.1191 0.558276 2.64526e-19)
(1.04772 0.529935 3.32017e-19)
(0.975992 0.49498 -3.08336e-19)
(0.913819 0.45686 0)
(0.870038 0.42242 -2.13621e-19)
(0.838311 0.39171 2.45262e-19)
(0.80743 0.362213 3.09933e-19)
(0.733641 0.321999 -1.79337e-19)
(0.5958 0.250317 -4.36511e-19)
(0.402887 0.166792 -1.3011e-19)
(0.218742 0.0888217 -1.94332e-21)
(0.0801903 0.0324635 0)
(0.00425054 0.00151733 0)
(0.445328 0.22444 -7.99829e-20)
(1.02076 0.495332 0)
(1.26601 0.631868 3.95398e-21)
(1.32241 0.661553 -1.45735e-20)
(1.30082 0.669028 1.67815e-19)
(1.24502 0.65302 -4.23682e-20)
(1.17361 0.629355 9.44885e-20)
(1.10307 0.602668 -1.78834e-19)
(1.02977 0.571303 2.51833e-19)
(0.956391 0.533234 -1.01803e-19)
(0.892046 0.490759 1.6625e-19)
(0.847201 0.452587 6.77981e-19)
(0.815078 0.42124 1.43782e-20)
(0.773904 0.38836 -3.23449e-19)
(0.707272 0.340514 5.99243e-19)
(0.577411 0.273739 3.73429e-21)
(0.396429 0.183308 1.39199e-19)
(0.220658 0.101185 -6.63655e-19)
(0.0854133 0.0389158 6.83982e-19)
(0.00782034 0.00346394 -8.058e-19)
(0.437945 0.241519 2.7169e-23)
(1.00758 0.532141 0)
(1.25318 0.680042 0)
(1.30949 0.712452 1.68907e-22)
(1.28703 0.719408 -4.89937e-20)
(1.23057 0.700664 6.74621e-20)
(1.1584 0.674393 -1.75211e-19)
(1.08689 0.645145 0)
(1.01191 0.610847 -3.71536e-19)
(0.935795 0.5695 4.46962e-19)
(0.868973 0.524061 4.74975e-19)
(0.820941 0.483944 -2.4891e-19)
(0.787627 0.447528 -3.01717e-19)
(0.756563 0.412844 7.07678e-19)
(0.68583 0.369156 -2.13067e-19)
(0.559491 0.290279 -2.5408e-19)
(0.38613 0.198545 -1.51969e-19)
(0.218424 0.111002 -7.16951e-19)
(0.087184 0.044163 1.05119e-19)
(0.0100631 0.00490864 8.72089e-19)
(0.433405 0.259344 -3.90804e-20)
(0.997504 0.569354 -5.21557e-20)
(1.24059 0.726489 2.36662e-20)
(1.29568 0.760404 -1.96555e-22)
(1.27237 0.766591 -5.26715e-20)
(1.21531 0.745764 1.07544e-19)
(1.1424 0.717408 0)
(1.06972 0.685666 1.08382e-19)
(0.993226 0.649121 -8.54599e-20)
(0.915737 0.605463 7.46158e-19)
(0.847128 0.556369 -1.07528e-19)
(0.798208 0.511684 1.23362e-19)
(0.764578 0.474644 0)
(0.723109 0.437022 -3.83295e-19)
(0.659435 0.382582 4.64584e-19)
(0.539371 0.309983 0)
(0.375079 0.211254 -3.27273e-19)
(0.213919 0.119473 9.63239e-19)
(0.0858913 0.0478724 1.14182e-19)
(0.0108546 0.00578753 -1.07464e-18)
(0.430312 0.276393 -9.80081e-20)
(0.986153 0.602476 1.25145e-19)
(1.22686 0.768922 0)
(1.28137 0.805538 2.00223e-20)
(1.25735 0.811448 0)
(1.19975 0.788422 -1.40716e-19)
(1.12633 0.75792 0)
(1.0531 0.724161 0)
(0.97549 0.685437 -1.13601e-19)
(0.895447 0.638978 -7.09387e-19)
(0.823836 0.587149 -8.78245e-19)
(0.771894 0.539995 1.44538e-19)
(0.736629 0.497732 5.21992e-19)
(0.705105 0.457207 4.22481e-19)
(0.637695 0.407589 -1.49088e-18)
(0.519747 0.320626 -5.96765e-19)
(0.361378 0.22189 3.49768e-19)
(0.206535 0.12553 0)
(0.0831761 0.049772 9.78602e-19)
(0.0106079 0.00628202 -1.15799e-18)
(0.428607 0.291979 1.16675e-19)
(0.977495 0.636089 -1.45081e-19)
(1.21393 0.810001 0)
(1.26687 0.847863 -1.12482e-20)
(1.24214 0.853075 -2.33226e-21)
(1.18409 0.828465 0)
(1.11027 0.796408 5.4103e-20)
(1.03625 0.760763 7.54794e-20)
(0.957297 0.720464 -2.13385e-19)
(0.875633 0.672465 9.39104e-20)
(0.801836 0.618199 0)
(0.749108 0.566083 5.98901e-19)
(0.712712 0.52241 5.72332e-21)
(0.671405 0.478091 2.2799e-19)
(0.6109 0.414822 2.70625e-19)
(0.498928 0.335016 0)
(0.348118 0.228906 -5.70114e-19)
(0.198022 0.12925 1.11714e-18)
(0.0791709 0.0506763 -1.18386e-18)
(0.00983825 0.00636335 2.49308e-18)
(0.427112 0.30689 0)
(0.967347 0.665712 0)
(1.20045 0.847192 -7.1236e-20)
(1.25241 0.88755 0)
(1.22705 0.892723 0)
(1.16864 0.866389 -1.14548e-19)
(1.09457 0.832593 5.5348e-20)
(1.02019 0.795385 1.7773e-20)
(0.940149 0.753521 -4.86661e-20)
(0.85596 0.70342 0)
(0.778874 0.646461 -1.34032e-19)
(0.722325 0.591943 -4.88569e-19)
(0.683623 0.543216 -5.88799e-19)
(0.652104 0.493142 -2.36947e-19)
(0.588278 0.43513 2.9307e-19)
(0.478726 0.33845 -6.90513e-19)
(0.333677 0.23343 1.22703e-18)
(0.189432 0.130244 1.72888e-21)
(0.0750467 0.0507821 -1.13258e-18)
(0.00905352 0.00637476 -1.68134e-19)
(0.426063 0.321231 0)
(0.959684 0.696332 -1.17903e-19)
(1.1881 0.883456 8.68122e-20)
(1.23822 0.924738 0)
(1.21225 0.929233 0)
(1.15354 0.901706 2.2862e-19)
(1.07928 0.866829 0)
(1.00424 0.828253 0)
(0.922879 0.78529 -4.68435e-19)
(0.837238 0.73431 1.30315e-19)
(0.757596 0.675961 -1.18848e-18)
(0.69905 0.617912 0)
(0.659041 0.566412 -6.40416e-19)
(0.616226 0.510959 1.0396e-20)
(0.5595 0.434216 -9.43134e-19)
(0.457275 0.345518 3.71392e-19)
(0.321365 0.232728 1.31006e-21)
(0.183378 0.127761 -1.27977e-18)
(0.072457 0.0490858 6.09424e-19)
(0.00706982 0.00447144 1.79845e-19)
(0.424902 0.335343 0)
(0.950725 0.72311 -1.61617e-19)
(1.17544 0.916051 9.15201e-20)
(1.22437 0.959535 1.23775e-19)
(1.19784 0.964126 -8.77266e-21)
(1.13886 0.935248 2.27681e-20)
(1.06446 0.89898 -3.21197e-20)
(0.98915 0.859236 4.4566e-19)
(0.906884 0.8152 5.01093e-19)
(0.818745 0.762902 9.92143e-19)
(0.735213 0.702653 9.87447e-19)
(0.671968 0.642442 1.73839e-19)
(0.627432 0.585153 9.21254e-19)
(0.594135 0.521311 5.6972e-19)
(0.533734 0.44883 6.7691e-19)
(0.43638 0.337961 -4.064e-19)
(0.307334 0.225696 -4.69474e-19)
(0.182015 0.123334 5.5e-19)
(0.0779278 0.0549773 -3.27615e-19)
(0.0134427 0.0128945 5.8259e-19)
(0.424094 0.348959 2.26647e-19)
(0.944123 0.751041 2.53231e-19)
(1.16397 0.948152 5.28509e-20)
(1.21096 0.992159 1.57473e-20)
(1.1839 0.996017 -5.65625e-21)
(1.12472 0.966215 -6.3205e-20)
(1.05027 0.929258 3.07843e-20)
(0.974472 0.888615 -1.95084e-20)
(0.891013 0.843897 -5.83577e-19)
(0.801475 0.791223 -1.07695e-18)
(0.715593 0.730486 6.85624e-20)
(0.649255 0.668247 0)
(0.602175 0.608135 0)
(0.554043 0.537819 -2.97193e-19)
(0.499476 0.438909 -1.10941e-18)
(0.412575 0.333718 8.75535e-19)
(0.303313 0.207025 5.1373e-19)
(0.192022 0.103469 0)
(0.0939232 0.026699 1.04858e-18)
(0.00733104 -0.0132577 -6.21332e-19)
(0.423135 0.362131 -1.20233e-19)
(0.936198 0.774978 1.06226e-19)
(1.1522 0.9767 -1.26697e-19)
(1.19799 1.0226 -1.0481e-19)
(1.17045 1.02662 -1.78448e-20)
(1.11108 0.995752 -2.01582e-20)
(1.03661 0.957689 0)
(0.96068 0.916219 -5.60306e-19)
(0.876449 0.87081 7.0897e-20)
(0.784546 0.817448 0)
(0.694758 0.756112 0)
(0.62274 0.692779 1.11287e-19)
(0.56796 0.626224 1.49752e-19)
(0.527415 0.545165 -3.21358e-19)
(0.46694 0.450202 7.96283e-19)
(0.382921 0.310788 -9.54243e-19)
(0.283122 0.182412 -1.10121e-18)
(0.209711 0.0894347 9.75786e-19)
(0.158638 0.0758968 -3.72821e-19)
(0.111673 0.0769399 2.16904e-19)
(0.422431 0.37444 1.5004e-19)
(0.930359 0.800147 0)
(1.14159 1.00509 0)
(1.18552 1.05115 -2.9144e-20)
(1.15755 1.05437 2.35942e-20)
(1.09811 1.02277 -2.01211e-20)
(1.02374 0.984329 1.39296e-19)
(0.947445 0.942352 5.73482e-19)
(0.86215 0.896602 1.05927e-18)
(0.769128 0.84332 -8.12995e-20)
(0.677409 0.782371 1.68325e-19)
(0.601348 0.718221 -9.96119e-19)
(0.543102 0.650612 -9.94801e-19)
(0.481618 0.564395 -1.72742e-19)
(0.418361 0.43408 0)
(0.345356 0.302903 -5.32766e-21)
(0.262316 0.110297 6.07783e-19)
(0.249141 -0.0136165 -1.02083e-18)
(0.214793 -0.102695 7.75824e-19)
(0.0874074 -0.0982132 6.42345e-19)
(0.421344 0.386457 -3.31172e-19)
(0.923023 0.821243 -1.49218e-19)
(1.13057 1.03008 6.93422e-21)
(1.17343 1.07789 5.92781e-20)
(1.14504 1.08144 0)
(1.08546 1.04908 -5.74943e-20)
(1.01111 1.00984 -2.01498e-19)
(0.934729 0.967393 -1.9675e-21)
(0.848847 0.921407 -5.55018e-19)
(0.753652 0.868043 -7.98317e-20)
(0.657813 0.807706 7.41509e-20)
(0.575718 0.744536 8.75203e-19)
(0.505714 0.671223 9.70478e-19)
(0.449003 0.571881 1.68578e-19)
(0.377494 0.453342 8.6086e-19)
(0.280769 0.269593 0)
(0.154255 0.093876 0)
(-0.00626664 0.185291 6.99041e-19)
(-0.078642 0.630127 -2.7939e-20)
(0.00884737 1.54197 -8.65495e-19)
(0.420619 0.397695 1.82821e-19)
(0.917742 0.844088 4.20088e-19)
(1.12067 1.05557 -5.79156e-19)
(1.16172 1.10341 2.93074e-19)
(1.1329 1.10628 -9.36862e-21)
(1.07325 1.07354 -8.89786e-21)
(0.999012 1.03443 0)
(0.922283 0.992087 -4.77748e-19)
(0.835388 0.94643 0)
(0.739109 0.893908 1.1229e-18)
(0.641328 0.835017 -9.06603e-20)
(0.55463 0.772433 1.01658e-19)
(0.481423 0.701866 1.11558e-18)
(0.394299 0.605889 -3.66231e-19)
(0.285895 0.440433 -4.37307e-19)
(0.187853 0.321207 0)
(0.0786585 0.474545 0)
(0.0249629 1.35077 0)
(0.0714238 2.47 -3.96865e-19)
(0.0983104 2.91394 -2.44886e-19)
(0.41918 0.408455 0)
(0.910855 0.862613 0)
(1.11032 1.07761 2.11042e-19)
(1.15043 1.1273 -2.38336e-19)
(1.12119 1.13084 1.08589e-19)
(1.06138 1.09776 1.70842e-20)
(0.987126 1.05827 2.62665e-20)
(0.91035 1.01597 -2.04502e-20)
(0.823036 0.970758 7.86266e-20)
(0.724683 0.919022 -1.28873e-18)
(0.622624 0.862089 1.64175e-19)
(0.530042 0.803392 8.78084e-19)
(0.440379 0.730481 -1.11098e-18)
(0.357417 0.615487 -1.22552e-18)
(0.265498 0.498659 4.11896e-19)
(0.183455 0.640563 0)
(0.11608 1.57753 5.63873e-19)
(0.119706 2.69856 6.1178e-19)
(0.127391 3.0897 -6.83668e-19)
(0.119816 3.22303 7.30143e-19)
(0.418208 0.418939 0)
(0.906085 0.883221 3.69469e-19)
(1.10119 1.1005 -5.28876e-20)
(1.13958 1.15013 3.31753e-19)
(1.10992 1.1531 -1.13981e-19)
(1.05006 1.11993 0)
(0.975965 1.08098 0)
(0.89891 1.03933 0)
(0.810701 0.995075 4.41152e-19)
(0.71152 0.945035 5.93244e-20)
(0.607888 0.890641 0)
(0.51051 0.833136 -8.72822e-19)
(0.423877 0.765856 0)
(0.303324 0.661852 8.76777e-19)
(0.201782 0.71482 -5.93394e-19)
(0.148036 1.46471 -4.76144e-19)
(0.151517 2.68546 -1.10131e-18)
(0.174416 3.12632 -5.79398e-19)
(0.16515 3.26596 -7.81744e-19)
(0.151914 3.30617 5.75879e-19)
(0.416626 0.428374 -1.28849e-19)
(0.89958 0.899204 1.50548e-20)
(1.09152 1.11978 -5.87533e-20)
(1.12919 1.17141 -2.56854e-19)
(1.0991 1.17536 0)
(1.0391 1.1422 0)
(0.96497 1.10318 0)
(0.887939 1.06192 3.35915e-20)
(0.799547 1.01864 -5.57845e-19)
(0.698626 0.970165 0)
(0.591164 0.918797 0)
(0.490772 0.867531 0)
(0.380019 0.795629 0)
(0.308539 0.753771 6.42746e-19)
(0.267623 1.14793 1.57859e-18)
(0.241587 2.39531 4.64754e-19)
(0.257629 3.08211 9.32291e-19)
(0.252222 3.28009 -7.14488e-19)
(0.203854 3.34556 2.62313e-19)
(0.171913 3.35857 0)
(0.415492 0.437671 1.32524e-19)
(0.895148 0.9183 -8.19247e-19)
(1.08293 1.14099 -2.20637e-19)
(1.11898 1.19243 -4.87547e-20)
(1.0885 1.19585 2.64572e-20)
(1.0285 1.16278 -9.95366e-20)
(0.954603 1.12461 -1.68032e-21)
(0.877396 1.0844 -3.70599e-19)
(0.788265 1.04255 0)
(0.686938 0.996556 -7.56983e-20)
(0.578914 0.94876 6.8863e-20)
(0.473983 0.897794 0)
(0.380919 0.8414 0)
(0.320935 0.943933 -8.05113e-19)
(0.268276 1.85344 1.00391e-19)
(0.264787 2.94452 -3.49481e-19)
(0.28896 3.28358 7.30697e-19)
(0.260603 3.38182 5.25993e-19)
(0.195828 3.40631 -7.13217e-19)
(0.171333 3.41629 3.5247e-19)
(0.413423 0.447227 2.59939e-19)
(0.888036 0.933487 7.97918e-19)
(1.0728 1.15972 2.65235e-19)
(1.10838 1.21344 0)
(1.07755 1.21811 0)
(1.01749 1.18515 7.7345e-20)
(0.943651 1.14692 6.00391e-20)
(0.866669 1.10714 3.30172e-19)
(0.777755 1.06648 2.16933e-20)
(0.675281 1.02244 9.65934e-19)
(0.564681 0.978017 -1.14711e-18)
(0.454052 0.930614 0)
(0.376624 0.915005 0)
(0.333798 1.31629 -5.48933e-19)
(0.330878 2.49376 -6.59735e-19)
(0.374936 3.1956 0)
(0.399716 3.36456 -7.39634e-19)
(0.329248 3.42732 4.9467e-20)
(0.260698 3.47261 3.44735e-19)
(0.238501 3.49799 -1.13199e-19)
(0.41166 0.457092 -4.94153e-19)
(0.882937 0.954657 -3.82973e-19)
(1.06309 1.183 0)
(1.09696 1.23598 0)
(1.06585 1.23973 0)
(1.00599 1.20668 0)
(0.932666 1.16929 -7.16576e-20)
(0.855789 1.13063 2.88503e-19)
(0.766449 1.09147 0)
(0.664362 1.05031 -8.79315e-19)
(0.554721 1.00999 2.0582e-18)
(0.445631 0.971863 8.42633e-20)
(0.395709 1.04088 1.13208e-19)
(0.385493 1.74566 8.94491e-19)
(0.396878 2.9018 -4.81502e-19)
(0.436262 3.31577 0)
(0.419483 3.43764 2.0784e-19)
(0.333847 3.52647 9.1258e-20)
(0.25965 3.59034 1.48176e-19)
(0.184236 3.56981 -1.3148e-20)
(0.408639 0.467526 2.34862e-19)
(0.873917 0.970733 -3.90639e-19)
(1.051 1.20312 0)
(1.08471 1.25874 -7.13844e-20)
(1.05337 1.26395 2.45825e-19)
(0.993612 1.23087 0)
(0.920559 1.19311 0)
(0.844268 1.15459 -5.00323e-19)
(0.75576 1.11648 -5.6168e-20)
(0.653458 1.07721 8.62253e-19)
(0.539648 1.03926 -9.7788e-19)
(0.449061 1.01926 5.7331e-19)
(0.409929 1.22292 0)
(0.420263 2.18689 -4.74275e-19)
(0.462912 3.1439 3.1106e-19)
(0.527384 3.4182 1.95597e-19)
(0.518609 3.51382 0)
(0.456118 3.59534 -3.65562e-20)
(0.386977 3.63542 -4.08885e-19)
(0.306577 3.60735 -9.60879e-20)
(0.405957 0.478108 -4.67328e-19)
(0.867611 0.99497 5.59254e-19)
(1.03959 1.22944 3.87869e-19)
(1.07145 1.28345 -9.64094e-20)
(1.03993 1.2871 -3.75403e-19)
(0.980643 1.2536 0)
(0.908532 1.21661 1.73105e-20)
(0.832744 1.1792 1.80626e-19)
(0.744262 1.14252 2.94613e-20)
(0.643272 1.10611 -7.44914e-19)
(0.531254 1.07427 -5.17744e-20)
(0.451603 1.08251 -6.46857e-19)
(0.448313 1.46016 7.09195e-19)
(0.492839 2.55384 1.5616e-19)
(0.558092 3.30469 -2.7503e-19)
(0.610357 3.46914 1.44331e-19)
(0.570002 3.51965 0)
(0.512781 3.52344 0)
(0.42012 3.48695 -6.79717e-19)
(0.192863 3.27737 1.2545e-18)
(0.401351 0.489107 2.23603e-19)
(0.856058 1.01189 5.50789e-19)
(1.02513 1.25092 -3.95871e-19)
(1.05731 1.30798 3.51532e-19)
(1.02572 1.31328 3.91944e-19)
(0.966812 1.27958 0)
(0.895271 1.24183 -9.60769e-21)
(0.820529 1.20415 1.44923e-19)
(0.733631 1.16821 0)
(0.633473 1.13324 0)
(0.526331 1.10636 0)
(0.461029 1.15907 0)
(0.487089 1.69683 -8.00497e-19)
(0.549663 2.86007 -2.08318e-19)
(0.626393 3.3906 0)
(0.669591 3.48132 -2.56218e-20)
(0.667381 3.48687 0)
(0.744996 3.32705 1.39799e-19)
(0.840298 2.95724 -1.77082e-18)
(0.447525 2.5753 1.85837e-18)
(0.397595 0.499469 -4.53652e-19)
(0.848012 1.03947 -3.53089e-19)
(1.01163 1.28071 -2.62546e-19)
(1.04187 1.33512 -3.28755e-19)
(1.01028 1.33804 -1.90944e-19)
(0.952239 1.3035 0)
(0.882195 1.2664 2.53088e-21)
(0.808474 1.2298 -4.08458e-20)
(0.722155 1.19509 -2.22681e-19)
(0.624624 1.16278 0)
(0.521481 1.14526 5.11985e-20)
(0.476958 1.25575 -5.82036e-20)
(0.535154 1.95556 0)
(0.625429 3.08227 2.71492e-19)
(0.716891 3.43263 0)
(0.746909 3.46808 -9.91781e-20)
(0.750267 3.37669 2.73309e-19)
(0.743611 2.99494 -1.37983e-19)
(0.498664 1.98357 2.72243e-19)
(-0.341482 0.493219 -6.61468e-19)
(0.389799 0.510638 -1.30794e-20)
(0.832864 1.05692 -1.80254e-19)
(0.994016 1.30355 3.61863e-19)
(1.02523 1.36186 -1.98149e-20)
(0.993759 1.3669 -6.03684e-20)
(0.936416 1.3322 0)
(0.86725 1.29409 7.2999e-20)
(0.795051 1.2569 -7.17787e-20)
(0.71117 1.22279 3.98821e-19)
(0.612332 1.19141 -4.99238e-19)
(0.524406 1.18342 -6.02738e-19)
(0.501677 1.37186 0)
(0.588472 2.25951 4.02827e-19)
(0.687553 3.21488 -5.66376e-20)
(0.761776 3.4122 2.75672e-20)
(0.769467 3.40212 0)
(0.698732 3.1702 -1.43762e-19)
(0.529815 2.39554 1.51033e-19)
(0.100215 0.620796 -1.79162e-19)
(-0.248416 -0.39268 -1.64759e-19)
(0.384582 0.521097 4.25187e-19)
(0.822244 1.08794 -1.76485e-19)
(0.977559 1.33751 2.54713e-19)
(1.0068 1.39225 1.96771e-19)
(0.975536 1.39414 1.21201e-19)
(0.919544 1.35831 2.32698e-19)
(0.852548 1.321 -1.60414e-19)
(0.78197 1.28522 6.52635e-21)
(0.699124 1.25249 -2.89403e-19)
(0.603584 1.22478 3.36464e-20)
(0.525962 1.23324 9.78191e-20)
(0.529996 1.52072 -3.96506e-19)
(0.640029 2.52242 1.08441e-19)
(0.750183 3.28815 -2.14824e-19)
(0.813799 3.38802 3.64949e-20)
(0.7881 3.30681 7.7271e-20)
(0.66136 2.85859 -2.04218e-19)
(0.402766 1.62072 1.33183e-19)
(0.059058 0.0485598 0)
(-0.0796869 -0.157766 -2.89289e-19)
(0.372708 0.52908 0)
(0.80219 1.10475 -6.68894e-19)
(0.955865 1.36116 2.38064e-20)
(0.987072 1.4212 -3.2425e-19)
(0.956191 1.42598 0)
(0.901362 1.39023 -1.72063e-19)
(0.835642 1.35181 1.59871e-19)
(0.767152 1.31517 -6.10531e-21)
(0.687891 1.28295 2.01368e-19)
(0.595683 1.25738 3.56893e-19)
(0.53106 1.28442 4.64356e-19)
(0.56431 1.67716 4.84278e-20)
(0.696688 2.76972 -2.95558e-19)
(0.799794 3.31715 1.34148e-20)
(0.833274 3.34406 7.39983e-21)
(0.758356 3.12664 7.45861e-20)
(0.522938 2.31097 8.6884e-20)
(0.115956 0.439059 -1.02973e-19)
(-0.13802 -0.245307 0)
(-0.115617 -0.20694 0)
(0.363835 0.540271 -4.10936e-19)
(0.787537 1.13826 6.62987e-19)
(0.935628 1.39909 0)
(0.964998 1.45473 0)
(0.93461 1.45549 0)
(0.88186 1.41831 0)
(0.819163 1.38077 -8.34969e-20)
(0.753078 1.3458 -1.61248e-20)
(0.675578 1.31514 -3.58332e-20)
(0.589523 1.29413 3.73187e-20)
(0.5375 1.35059 -3.81561e-19)
(0.599516 1.861 2.79944e-19)
(0.7466 2.95237 0)
(0.839439 3.31541 3.63673e-20)
(0.860487 3.28251 5.8e-20)
(0.717998 2.85918 -2.25171e-20)
(0.390563 1.67664 1.02516e-19)
(0.0170172 -0.0421277 5.93327e-20)
(-0.156805 -0.201516 -2.40325e-19)
(-0.0571271 -0.137359 -2.80896e-19)
(0.347356 0.542947 2.0853e-19)
(0.761289 1.15128 3.10293e-19)
(0.909077 1.42208 -9.33719e-21)
(0.941554 1.48516 1.70761e-19)
(0.911836 1.48969 0)
(0.861014 1.45298 3.23386e-19)
(0.800051 1.41424 -6.72374e-20)
(0.736696 1.37809 1.93687e-20)
(0.662725 1.34754 -3.6048e-20)
(0.583742 1.33055 2.67633e-20)
(0.548922 1.41919 2.57783e-19)
(0.641573 2.06795 -1.27384e-19)
(0.796615 3.07532 -1.11355e-19)
(0.874251 3.30813 1.87807e-21)
(0.853044 3.17793 -3.05836e-20)
(0.62127 2.50515 1.38811e-19)
(0.186583 0.703057 -7.72456e-20)
(-0.0849866 -0.270772 1.14474e-19)
(-0.128141 -0.221881 -3.50699e-19)
(-0.0599845 -0.122148 2.4539e-19)
(0.331652 0.550529 -1.95059e-19)
(0.739458 1.18338 0)
(0.88445 1.46275 -2.2783e-19)
(0.914959 1.52122 -3.29156e-19)
(0.886096 1.52079 0)
(0.838468 1.48237 -2.52343e-19)
(0.78142 1.44452 0)
(0.721342 1.41007 -1.23887e-19)
(0.648155 1.38122 -1.71801e-20)
(0.580342 1.37124 6.2611e-20)
(0.561382 1.50411 -1.23068e-19)
(0.681924 2.27076 7.05182e-20)
(0.834362 3.143 1.76077e-19)
(0.899814 3.27651 1.10767e-20)
(0.840191 3.02997 -3.1369e-20)
(0.523481 2.06848 -4.76817e-20)
(0.0727752 0.114731 1.22942e-19)
(-0.184778 -0.251505 -1.36234e-19)
(-0.105652 -0.21034 4.95497e-22)
(-0.0531326 -0.0760746 -2.5697e-20)
(0.30843 0.545848 3.87546e-19)
(0.706122 1.19015 -2.96923e-19)
(0.852398 1.4825 2.42102e-19)
(0.886708 1.5518 1.58494e-19)
(0.859198 1.55622 2.83475e-20)
(0.814691 1.51874 1.58002e-19)
(0.759697 1.47961 0)
(0.703145 1.44367 -3.84738e-20)
(0.634267 1.41525 0)
(0.575466 1.41137 -5.85574e-20)
(0.577369 1.58934 1.22357e-19)
(0.723891 2.44949 -2.82377e-21)
(0.875028 3.18668 -5.84308e-20)
(0.920381 3.24294 3.71232e-20)
(0.79744 2.83834 -1.2367e-20)
(0.37218 1.50294 6.28838e-20)
(-0.0510455 -0.133156 -1.86913e-19)
(-0.227868 -0.253271 -1.05706e-19)
(-0.124374 -0.248881 -3.99877e-20)
(-0.0743172 -0.0889047 1.91394e-19)
(0.285669 0.544425 4.27514e-21)
(0.67745 1.21796 1.5209e-19)
(0.821971 1.52231 0)
(0.85407 1.58859 2.97824e-19)
(0.828709 1.58778 -4.25108e-19)
(0.788678 1.5484 1.59495e-19)
(0.738377 1.51022 -1.07047e-19)
(0.686242 1.47563 1.04013e-19)
(0.619608 1.44963 -9.32057e-20)
(0.571371 1.4552 -1.28917e-21)
(0.591987 1.68432 2.33711e-20)
(0.763961 2.60588 4.70556e-20)
(0.897467 3.19463 3.50959e-20)
(0.922052 3.18089 -5.82829e-20)
(0.737734 2.58487 -5.81552e-20)
(0.282425 0.997296 1.10321e-19)
(-0.0472294 -0.25779 -1.07322e-19)
(-0.193249 -0.29129 7.61084e-20)
(-0.112715 -0.276151 2.01029e-21)
(-0.0812036 -0.108308 -1.61611e-19)
(0.25526 0.526041 7.19957e-19)
(0.635309 1.21193 -1.51372e-19)
(0.78266 1.53417 -4.14464e-19)
(0.819999 1.61602 3.36461e-19)
(0.79775 1.62267 -1.86091e-19)
(0.761519 1.58465 3.08222e-19)
(0.713513 1.54516 1.67301e-19)
(0.665998 1.50908 0)
(0.606028 1.48367 1.0719e-19)
(0.56471 1.49752 -1.55509e-20)
(0.608621 1.77139 -1.09587e-20)
(0.799337 2.72564 -3.88165e-21)
(0.919644 3.19574 1.78915e-20)
(0.92948 3.12222 7.97077e-21)
(0.679104 2.38922 -8.2583e-20)
(0.171487 0.454931 -2.97156e-20)
(-0.0400154 -0.273224 1.02619e-19)
(-0.113932 -0.287051 4.66132e-20)
(-0.0861189 -0.244162 1.5663e-20)
(-0.0479046 -0.103737 1.32008e-19)
(0.224262 0.506119 0)
(0.5971 1.22746 1.40881e-19)
(0.744344 1.56867 -1.88292e-19)
(0.78068 1.64978 3.26072e-19)
(0.762927 1.6525 -4.05426e-19)
(0.731124 1.61301 1.69024e-19)
(0.689001 1.57482 0)
(0.646732 1.5394 0)
(0.592306 1.51567 0)
(0.558076 1.54151 2.25263e-20)
(0.620076 1.85798 -2.11061e-20)
(0.827931 2.81494 1.74444e-20)
(0.931504 3.19204 4.56497e-20)
(0.909229 3.04087 4.34563e-20)
(0.592262 2.11791 -7.68628e-20)
(0.0499622 0.117623 5.09572e-20)
(-0.127425 -0.285388 5.26331e-21)
(-0.103959 -0.28967 -1.04145e-19)
(-0.0775102 -0.202692 1.26824e-20)
(-0.0217433 -0.0640947 0)
(0.185996 0.462526 6.58969e-19)
(0.54331 1.19622 -1.31735e-19)
(0.69645 1.56595 4.58383e-21)
(0.741413 1.67049 0)
(0.727717 1.68324 -1.95099e-19)
(0.700057 1.64674 1.84721e-20)
(0.660735 1.60684 0)
(0.624053 1.57058 5.20646e-20)
(0.577506 1.54686 -4.10847e-20)
(0.549654 1.5804 0)
(0.631274 1.93029 0)
(0.846633 2.87636 -3.15966e-20)
(0.938398 3.18444 -5.4808e-20)
(0.899806 2.97299 2.47621e-21)
(0.528747 1.8973 -1.98625e-20)
(-0.00187974 -0.0117081 2.73274e-20)
(-0.16309 -0.275553 0)
(-0.13213 -0.318555 -6.13679e-20)
(-0.08847 -0.200528 -9.54944e-20)
(-0.0181071 -0.0572959 2.28256e-19)
(0.146303 0.409262 5.43364e-19)
(0.493596 1.18546 -1.26015e-19)
(0.648999 1.58649 1.78947e-19)
(0.695604 1.6961 -4.44174e-19)
(0.68708 1.70702 0)
(0.665643 1.67235 0)
(0.632977 1.63409 0)
(0.602211 1.59782 5.49758e-20)
(0.561826 1.57403 -4.33783e-20)
(0.540326 1.61609 0)
(0.633987 1.99439 0)
(0.858015 2.91354 9.69421e-20)
(0.937668 3.18433 -3.20361e-20)
(0.870939 2.90129 3.51919e-20)
(0.491994 1.7211 5.60025e-20)
(0.00387487 -0.0546513 0)
(-0.174482 -0.289398 -1.39395e-20)
(-0.133119 -0.357269 -1.98359e-20)
(-0.0965705 -0.248878 1.83239e-19)
(-0.0146771 -0.0773009 -2.22766e-19)
(0.102274 0.325165 -5.0499e-19)
(0.425219 1.10605 1.31892e-19)
(0.591616 1.55619 3.75236e-19)
(0.650875 1.7044 2.56172e-19)
(0.647391 1.7291 -2.07427e-19)
(0.631132 1.70001 -1.38444e-19)
(0.601391 1.65955 9.52815e-20)
(0.577188 1.62396 0)
(0.545339 1.59946 0)
(0.527731 1.64162 0)
(0.632195 2.02471 -7.95417e-20)
(0.861894 2.93741 -9.32603e-20)
(0.934778 3.18845 3.1209e-20)
(0.857465 2.90775 -1.87888e-20)
(0.499498 1.67775 6.43938e-22)
(0.0109103 0.0354057 0)
(-0.17654 -0.263427 2.79683e-20)
(-0.153552 -0.380182 -1.441e-19)
(-0.0897176 -0.286107 3.3595e-19)
(0.00687992 -0.0277049 -1.93058e-19)
(0.0524323 0.221907 5.3407e-19)
(0.360437 1.0459 -4.38752e-19)
(0.531683 1.54448 0)
(0.596819 1.71157 1.26835e-19)
(0.601928 1.74267 9.21506e-20)
(0.593432 1.72006 1.95173e-19)
(0.570749 1.68282 -8.90639e-20)
(0.551894 1.64563 0)
(0.526479 1.6197 0)
(0.513016 1.66054 -1.59642e-19)
(0.618126 2.03022 -3.08419e-21)
(0.865636 2.94082 8.23515e-20)
(0.931798 3.20125 5.03372e-20)
(0.83292 2.91058 7.01458e-20)
(0.456173 1.71468 -7.68898e-20)
(-0.090814 0.274936 1.36694e-19)
(-0.270073 -0.279961 -9.85132e-20)
(-0.293999 -0.487876 0)
(-0.201065 -0.421064 -1.37076e-20)
(-0.0255482 -0.000422666 2.45438e-19)
(0.0133132 0.131243 5.46138e-19)
(0.266193 0.878101 0)
(0.462623 1.46034 0)
(0.547117 1.69591 0)
(0.55905 1.75051 7.78067e-20)
(0.555626 1.73671 -1.93174e-19)
(0.536097 1.69756 -8.75824e-20)
(0.524098 1.66296 0)
(0.506972 1.63614 0)
(0.496328 1.67043 9.85416e-20)
(0.600833 2.00506 3.29886e-20)
(0.846932 2.9043 -4.11182e-20)
(0.945343 3.20356 1.70555e-20)
(0.856304 3.02211 8.82813e-20)
(0.499827 1.84881 -1.56427e-19)
(-0.0153892 0.393122 2.56615e-19)
(-0.345951 -0.351933 -2.40283e-19)
(-0.37513 -0.813896 0)
(-0.365933 -0.962204 1.24855e-20)
(-0.154047 -0.618118 3.49017e-19)
(-0.00629686 0.0726695 -5.07075e-19)
(0.182521 0.733885 1.74582e-19)
(0.387535 1.37516 2.72383e-19)
(0.484589 1.66151 -1.37443e-20)
(0.510944 1.7473 -1.67602e-19)
(0.515413 1.74759 -1.0946e-19)
(0.503401 1.71727 2.46068e-19)
(0.493871 1.67681 -4.86824e-21)
(0.482498 1.64535 0)
(0.476694 1.67194 2.71507e-20)
(0.570683 1.95189 -1.55438e-20)
(0.8455 2.8335 4.28548e-20)
(0.990799 3.18124 0)
(1.03828 3.05784 -4.80207e-20)
(0.888707 2.39819 0)
(0.498814 1.08939 -6.23864e-20)
(0.0713073 0.0849614 -2.67807e-20)
(-0.189933 -0.895308 0)
(-0.301152 -1.22393 0)
(-0.178302 -1.10887 4.73075e-19)
(-0.0010241 0.00609013 4.08855e-19)
(0.0764006 0.35332 -1.53308e-19)
(0.323834 1.1792 1.22169e-19)
(0.435389 1.59378 -1.93161e-19)
(0.465915 1.73087 7.5992e-20)
(0.473162 1.74198 -2.64041e-20)
(0.466873 1.72267 1.6897e-20)
(0.461278 1.68445 -3.23912e-20)
(0.45648 1.64821 -2.14227e-20)
(0.453097 1.66036 -2.09347e-20)
(0.52716 1.86822 3.73405e-21)
(0.801851 2.65951 0)
(1.02108 3.07484 -1.09419e-21)
(1.05521 2.99527 0)
(1.03148 2.63652 0)
(0.863983 1.84996 0)
(0.539842 0.834615 -6.11067e-21)
(0.225516 0.00903923 6.538e-20)
(0.0388965 -0.905028 -2.0565e-20)
(-0.116459 -1.22922 1.88353e-20)
(0.00899514 -0.0453231 7.33604e-20)
(0.0165249 0.131161 6.87557e-20)
(0.2071 0.893495 -5.60199e-20)
(0.359331 1.45617 -4.27699e-20)
(0.419579 1.6946 3.45712e-20)
(0.432197 1.74537 2.46358e-20)
(0.428435 1.73565 1.75498e-20)
(0.421336 1.69246 0)
(0.419738 1.64528 -9.03021e-21)
(0.42242 1.64264 -5.55987e-21)
(0.456724 1.76709 1.49073e-20)
(0.659663 2.42019 0)
(0.897569 2.93594 1.32969e-20)
(0.962168 2.9101 -1.35266e-20)
(0.939584 2.68826 0)
(0.845504 2.20862 0)
(0.611199 1.38894 -9.54235e-21)
(0.376507 0.594833 0)
(0.186535 -0.224237 -8.8025e-21)
(0.063338 -0.546533 0)
(0.000178891 -0.0727381 0)
(0.00338381 -0.0169402 0)
(0.0799881 0.405943 0)
(0.280015 1.2298 0)
(0.356992 1.6037 -8.6478e-34)
(0.384299 1.71481 6.62567e-34)
(0.386141 1.72565 0)
(0.381197 1.69981 0)
(0.376427 1.63972 0)
(0.378914 1.6194 0)
(0.386484 1.68919 0)
(0.494173 2.13351 0)
(0.724762 2.80143 0)
(0.76672 2.83522 0)
(0.753128 2.72701 0)
(0.70168 2.43621 0)
(0.558291 1.8669 0)
(0.3697 1.18964 0)
(0.190873 0.531169 0)
(0.0427659 0.0390306 0)
(-0.00491128 -0.0720711 0)
(0.0106959 -0.0965294 0)
(0.0244467 0.107546 0)
(0.183918 0.892695 0)
(0.297174 1.48358 0)
(0.331351 1.69139 0)
(0.337458 1.72229 0)
(0.33513 1.70498 0)
(0.328719 1.64031 0)
(0.330516 1.60304 0)
(0.324153 1.64358 0)
(0.368248 1.97388 0)
(0.569977 2.67792 0)
(0.599419 2.80866 0)
(0.579425 2.76865 0)
(0.546723 2.59087 0)
(0.45555 2.18827 0)
(0.297708 1.57577 0)
(0.151435 0.962885 0)
(0.0368525 0.433112 0)
(-0.00357553 -0.0829734 0)
(0.00966202 -0.136198 0)
(0.00661076 -0.0159172 0)
(0.0920486 0.597627 0)
(0.22536 1.30887 0)
(0.28024 1.63288 0)
(0.287774 1.70861 0)
(0.285646 1.7027 0)
(0.276595 1.64412 0)
(0.27487 1.59451 0)
(0.266799 1.62048 0)
(0.263283 1.88888 0)
(0.433202 2.58254 0)
(0.453649 2.81309 0)
(0.428817 2.8148 0)
(0.399922 2.71972 0)
(0.341697 2.43881 0)
(0.223697 1.9178 0)
(0.10855 1.3658 0)
(0.0223595 0.772317 0)
(-0.00377802 -0.0794122 0)
(-0.00299561 -0.142743 0)
(-0.00665209 -0.0626827 0)
(0.0346123 0.368968 0)
(0.166584 1.17494 0)
(0.218488 1.57373 0)
(0.236517 1.69586 0)
(0.236775 1.69993 0)
(0.226684 1.65138 0)
(0.220705 1.59394 0)
(0.218378 1.61395 0)
(0.183503 1.84534 0)
(0.316293 2.52087 0)
(0.338825 2.82518 0)
(0.304536 2.86823 0)
(0.277995 2.81928 0)
(0.237048 2.61549 0)
(0.152619 2.17071 0)
(0.0659448 1.6375 0)
(0.010006 0.969987 0)
(-0.00423017 -0.0502865 0)
(-0.00846505 -0.13278 0)
(0.0062894 -0.0926096 0)
(0.0145406 0.182804 0)
(0.12271 1.0346 0)
(0.168673 1.52361 0)
(0.181823 1.68243 0)
(0.181555 1.69809 0)
(0.17438 1.6592 0)
(0.168346 1.60082 0)
(0.175529 1.6181 0)
(0.124176 1.82235 0)
(0.221944 2.47815 0)
(0.245386 2.8391 0)
(0.208825 2.91757 0)
(0.186144 2.89843 0)
(0.157086 2.74523 0)
(0.0978432 2.35981 0)
(0.0371483 1.84994 0)
(0.00105012 1.10264 0)
(0.000257266 -0.0413873 0)
(0.0162721 -0.176666 0)
(0.0524059 -0.14105 0)
(0.0413741 0.0858272 0)
(0.0954743 0.869413 0)
(0.134837 1.45976 0)
(0.136722 1.66725 0)
(0.133942 1.69501 0)
(0.127333 1.66336 0)
(0.120298 1.60893 0)
(0.13677 1.62607 0)
(0.0806441 1.81252 0)
(0.14871 2.45491 0)
(0.169917 2.85528 0)
(0.13651 2.96143 0)
(0.117073 2.95799 0)
(0.0960651 2.83742 0)
(0.0547187 2.48791 0)
(0.0110986 1.97843 0)
(-0.00652921 1.1417 0)
(0.0117841 -0.111087 0)
(0.0470013 -0.292093 0)
(0.0839972 -0.217798 0)
(0.0652879 0.088374 0)
(0.0616503 0.831188 0)
(0.0854792 1.43843 0)
(0.0806989 1.65889 0)
(0.0792971 1.69291 0)
(0.0809781 1.665 0)
(0.0758581 1.61458 0)
(0.100011 1.63371 0)
(0.0493115 1.80614 0)
(0.0950728 2.43812 0)
(0.109917 2.86974 0)
(0.0815335 2.99709 0)
(0.0655392 3.00675 0)
(0.0521142 2.90293 0)
(0.0228057 2.5745 0)
(-0.000777437 2.06084 0)
(-0.0108821 1.13093 0)
(0.0193363 -0.266916 0)
(0.0507504 -0.424928 0)
(0.0758223 -0.270054 0)
(0.0375037 0.149069 0)
(-0.00635611 0.843725 0)
(0.00822503 1.43569 0)
(0.00788676 1.65901 0)
(0.0227982 1.6895 0)
(0.035105 1.66125 0)
(0.0355134 1.61542 0)
(0.065742 1.63803 0)
(0.0247918 1.80519 0)
(0.0559132 2.43008 0)
(0.0640398 2.8805 0)
(0.0398705 3.02336 0)
(0.0285505 3.04143 0)
(0.0182876 2.94766 0)
(0.000205159 2.62819 0)
(-0.0192065 2.09936 0)
(-0.0127828 1.09468 0)
(0.0131651 -0.372284 0)
(0.0288763 -0.482842 0)
(0.0122933 -0.195255 0)
(-0.0432 0.296293 0)
(-0.0961567 0.940371 0)
(-0.0955927 1.45211 0)
(-0.074538 1.64719 0)
(-0.0393478 1.67623 0)
(-0.00842641 1.64963 0)
(-0.000510608 1.60856 0)
(0.035191 1.63775 0)
(0.00484391 1.80301 0)
(0.026651 2.42338 0)
(0.0287083 2.88799 0)
(0.00997602 3.04221 0)
(0.0008757 3.0678 0)
(-0.00702156 2.97572 0)
(-0.0191413 2.65454 0)
(-0.0260665 2.0959 0)
(-0.0152631 1.02113 0)
(0.00398202 -0.398682 0)
(-0.023296 -0.405885 0)
(-0.0707302 -0.060277 0)
(-0.127215 0.446593 0)
(-0.181232 1.04444 0)
(-0.170763 1.4393 0)
(-0.140505 1.6058 0)
(-0.0933472 1.64544 0)
(-0.0480397 1.62759 0)
(-0.0318681 1.59312 0)
(0.0087948 1.63346 0)
(-0.0105477 1.80379 0)
(0.00423733 2.42283 0)
(0.00211891 2.89412 0)
(-0.0111672 3.05553 0)
(-0.0176321 3.08366 0)
(-0.0246685 2.99114 0)
(-0.0312278 2.66572 0)
(-0.0315914 2.07786 0)
(-0.0169757 0.9308 0)
(-0.0111023 -0.309366 0)
(-0.0511287 -0.257772 0)
(-0.110898 0.0887789 0)
(-0.163844 0.565489 0)
(-0.206231 1.07953 0)
(-0.197976 1.3901 0)
(-0.169139 1.54147 0)
(-0.122798 1.59482 0)
(-0.074943 1.592 0)
(-0.055645 1.57087 0)
(-0.0101424 1.62461 0)
(-0.0237703 1.80318 0)
(-0.0125652 2.42133 0)
(-0.0170944 2.89927 0)
(-0.0263087 3.0652 0)
(-0.0312399 3.09515 0)
(-0.0353474 2.99844 0)
(-0.0394645 2.66143 0)
(-0.0342186 2.04158 0)
(-0.0146007 0.839577 0)
(-0.0130946 -0.192461 0)
(-0.0541426 -0.0894748 0)
(-0.115128 0.240127 0)
(-0.170192 0.668203 0)
(-0.198076 1.09185 0)
(-0.19143 1.34343 0)
(-0.164894 1.48004 0)
(-0.128237 1.53961 0)
(-0.086931 1.55087 0)
(-0.0678366 1.54442 0)
(-0.02251 1.61244 0)
(-0.0336684 1.80354 0)
(-0.0248392 2.42243 0)
(-0.029967 2.90428 0)
(-0.0363357 3.07165 0)
(-0.0386665 3.10076 0)
(-0.041639 2.99919 0)
(-0.0418404 2.64751 0)
(-0.0331502 1.98598 0)
(-0.0107354 0.752265 0)
(-0.0110907 -0.0730858 0)
(-0.0474482 0.0743615 0)
(-0.100894 0.376346 0)
(-0.149098 0.752625 0)
(-0.174716 1.10459 0)
(-0.166774 1.31483 0)
(-0.145919 1.43455 0)
(-0.118657 1.49333 0)
(-0.0849519 1.51224 0)
(-0.0697421 1.51762 0)
(-0.0283646 1.59712 0)
(-0.0410113 1.80093 0)
(-0.0329194 2.42271 0)
(-0.037559 2.90714 0)
(-0.0420723 3.07508 0)
(-0.0432839 3.10436 0)
(-0.0432141 2.9957 0)
(-0.0409 2.63369 0)
(-0.0295344 1.9339 0)
(-0.00667914 0.6809 0)
(-0.00796574 0.0231858 0)
(-0.0358541 0.210486 0)
(-0.0785103 0.492935 0)
(-0.116775 0.827234 0)
(-0.139814 1.12613 0)
(-0.135992 1.30508 0)
(-0.123651 1.40917 0)
(-0.104733 1.46332 0)
(-0.0769787 1.48371 0)
(-0.066202 1.49578 0)
(-0.0291244 1.58348 0)
(-0.0428223 1.79924 0)
(-0.037318 2.42629 0)
(-0.0412759 2.91089 0)
(-0.0439485 3.07759 0)
(-0.0433126 3.10398 0)
(-0.0426378 2.98755 0)
(-0.0383086 2.60537 0)
(-0.0250791 1.87046 0)
(-0.00351429 0.622411 0)
(-0.00471674 0.0902539 0)
(-0.0239714 0.314275 0)
(-0.0561535 0.586247 0)
(-0.085919 0.888767 0)
(-0.10546 1.14848 0)
(-0.105776 1.3043 0)
(-0.100728 1.39624 0)
(-0.0890257 1.44547 0)
(-0.0667334 1.46518 0)
(-0.0603874 1.47967 0)
(-0.0278144 1.57238 0)
(-0.0418009 1.79959 0)
(-0.037421 2.42851 0)
(-0.041957 2.9124 0)
(-0.0434104 3.07771 0)
(-0.0422242 3.10279 0)
(-0.0404017 2.98071 0)
(-0.0349654 2.58553 0)
(-0.0206542 1.81728 0)
(-0.00136766 0.580048 0)
(-0.0024518 0.132607 0)
(-0.0148075 0.387646 0)
(-0.0380315 0.656914 0)
(-0.0605118 0.939742 0)
(-0.0766135 1.17232 0)
(-0.0796135 1.31077 0)
(-0.0792541 1.39227 0)
(-0.0734015 1.43597 0)
(-0.056298 1.45389 0)
(-0.0542279 1.46934 0)
(-0.0259263 1.56568 0)
(-0.0404848 1.80224 0)
(-0.0366408 2.43331 0)
(-0.0412266 2.91482 0)
(-0.0422382 3.07699 0)
(-0.0402491 3.09921 0)
(-0.037618 2.96612 0)
(-0.0314736 2.55094 0)
(-0.0166078 1.75546 0)
(-6.626e-05 0.545457 0)
(-0.00105447 0.157233 0)
(-0.00833349 0.437457 0)
(-0.0246439 0.708209 0)
(-0.0416074 0.976779 0)
(-0.0543855 1.19062 0)
(-0.0586346 1.3171 0)
(-0.0608036 1.39078 0)
(-0.059024 1.42953 0)
(-0.0460828 1.44548 0)
(-0.0483339 1.46251 0)
(-0.0232808 1.56158 0)
(-0.0371922 1.80425 0)
(-0.0341686 2.43547 0)
(-0.0392477 2.9157 0)
(-0.0401513 3.07603 0)
(-0.0381057 3.09645 0)
(-0.0354348 2.9574 0)
(-0.0286716 2.52832 0)
(-0.0133195 1.70764 0)
(0.000571152 0.52261 0)
(-0.000322619 0.16996 0)
(-0.00421301 0.469504 0)
(-0.0151336 0.746846 0)
(-0.027854 1.00856 0)
(-0.0382556 1.2098 0)
(-0.0430623 1.32706 0)
(-0.0461929 1.39354 0)
(-0.0469603 1.42703 0)
(-0.0367426 1.43994 0)
(-0.0426474 1.45747 0)
(-0.0204086 1.55935 0)
(-0.0346552 1.80895 0)
(-0.0321113 2.4409 0)
(-0.0375485 2.91718 0)
(-0.0377655 3.07381 0)
(-0.0356472 3.09046 0)
(-0.0327659 2.94047 0)
(-0.0260431 2.49217 0)
(-0.0107901 1.65136 0)
(0.000853407 0.501937 0)
(-1.29884e-05 0.1758 0)
(-0.00188024 0.488526 0)
(-0.00913102 0.771981 0)
(-0.0185586 1.02927 0)
(-0.0266861 1.22262 0)
(-0.0315992 1.3344 0)
(-0.0353588 1.39619 0)
(-0.0380886 1.42559 0)
(-0.0294718 1.43592 0)
(-0.0375014 1.45391 0)
(-0.0169051 1.55772 0)
(-0.0312919 1.81102 0)
(-0.0293477 2.44283 0)
(-0.035378 2.91766 0)
(-0.0355229 3.07259 0)
(-0.0336879 3.08739 0)
(-0.0309324 2.93145 0)
(-0.0240738 2.47077 0)
(-0.00889451 1.61239 0)
(0.000839899 0.4896 0)
(0.000111502 0.177908 0)
(-0.000503981 0.50036 0)
(-0.00505366 0.792049 0)
(-0.0123173 1.04834 0)
(-0.0187507 1.23622 0)
(-0.0233207 1.34366 0)
(-0.0269839 1.40112 0)
(-0.0308714 1.42651 0)
(-0.0237242 1.43383 0)
(-0.0328185 1.4511 0)
(-0.0141574 1.55607 0)
(-0.0295072 1.81603 0)
(-0.0271372 2.44811 0)
(-0.0333338 2.919 0)
(-0.0329639 3.0704 0)
(-0.0314147 3.08138 0)
(-0.0286207 2.91453 0)
(-0.0220587 2.43545 0)
(-0.0074356 1.56285 0)
(0.000731562 0.475159 0)
(0.000165998 0.177752 0)
(0.000134713 0.505734 0)
(-0.00260878 0.803737 0)
(-0.00809806 1.0598 0)
(-0.0132197 1.24467 0)
(-0.0176063 1.34994 0)
(-0.0207836 1.40508 0)
(-0.0252891 1.42761 0)
(-0.018803 1.43261 0)
(-0.0285197 1.44916 0)
(-0.0112001 1.55511 0)
(-0.0271539 1.81848 0)
(-0.0252719 2.45093 0)
(-0.0319953 2.92019 0)
(-0.0314524 3.0697 0)
(-0.0301662 3.07866 0)
(-0.0273364 2.90596 0)
(-0.0206257 2.41576 0)
(-0.00634306 1.53258 0)
(0.00048768 0.467719 0)
(0.000167231 0.177134 0)
(0.000352785 0.509535 0)
(-0.00135662 0.814645 0)
(-0.00579632 1.07215 0)
(-0.00986744 1.2549 0)
(-0.0139228 1.358 0)
(-0.0167644 1.41059 0)
(-0.0214154 1.43046 0)
(-0.0156761 1.43318 0)
(-0.0256303 1.44854 0)
(-0.0101766 1.55558 0)
(-0.0259597 1.82411 0)
(-0.0239325 2.45686 0)
(-0.0309917 2.92226 0)
(-0.0299694 3.06815 0)
(-0.0286867 3.07333 0)
(-0.0256535 2.88947 0)
(-0.0191295 2.38165 0)
(-0.00577341 1.4893 0)
(0.000349706 0.455629 0)
(0.000173269 0.175895 0)
(0.000415784 0.510261 0)
(-0.000551062 0.819869 0)
(-0.00410975 1.07852 0)
(-0.00758551 1.26003 0)
(-0.0112478 1.36217 0)
(-0.0135143 1.41319 0)
(-0.0185081 1.43135 0)
(-0.0130409 1.43315 0)
(-0.0240255 1.44838 0)
(-0.00944342 1.55633 0)
(-0.0255575 1.8273 0)
(-0.0232246 2.46019 0)
(-0.0307961 2.92355 0)
(-0.0292395 3.06749 0)
(-0.0282735 3.07063 0)
(-0.0251833 2.88106 0)
(-0.0183209 2.36354 0)
(-0.00513618 1.46584 0)
(0.000175328 0.450069 0)
(0.000166465 0.174964 0)
(0.000370782 0.511497 0)
(-0.000371389 0.826596 0)
(-0.00323912 1.08783 0)
(-0.00635826 1.26829 0)
(-0.00970655 1.36907 0)
(-0.0117665 1.41789 0)
(-0.0167522 1.43391 0)
(-0.0121787 1.43433 0)
(-0.0229868 1.44901 0)
(-0.00936948 1.55805 0)
(-0.0252661 1.83381 0)
(-0.0229819 2.46701 0)
(-0.0306608 2.92557 0)
(-0.0286202 3.06578 0)
(-0.0275345 3.06506 0)
(-0.0241243 2.86409 0)
(-0.0173108 2.32979 0)
(-0.00511257 1.42662 0)
(0.000146036 0.438981 0)
(0.000115018 0.17381 0)
(0.000186251 0.511666 0)
(-0.000428106 0.829223 0)
(-0.0028988 1.09173 0)
(-0.00578446 1.27188 0)
(-0.0091114 1.37213 0)
(-0.0108277 1.42004 0)
(-0.0160827 1.43518 0)
(-0.0115761 1.43501 0)
(-0.0224445 1.44924 0)
(-0.00975945 1.55908 0)
(-0.0257677 1.8371 0)
(-0.0233348 2.47038 0)
(-0.031353 2.9266 0)
(-0.0287235 3.06489 0)
(-0.0278316 3.06223 0)
(-0.0243095 2.8556 0)
(-0.0171908 2.31319 0)
(-0.0047167 1.40811 0)
(0.000158247 0.434954 0)
(-8.89775e-05 0.174371 0)
(-0.000294098 0.514087 0)
(-0.00118317 0.83612 0)
(-0.00340079 1.10116 0)
(-0.00589984 1.28066 0)
(-0.00912296 1.37954 0)
(-0.0104185 1.42556 0)
(-0.0154562 1.43859 0)
(-0.0112607 1.43743 0)
(-0.022019 1.45042 0)
(-0.0102728 1.5621 0)
(-0.0261386 1.84554 0)
(-0.0239886 2.4784 0)
(-0.031443 2.92899 0)
(-0.0285451 3.06223 0)
(-0.0277823 3.0546 0)
(-0.0239427 2.83382 0)
(-0.0172234 2.27106 0)
(-0.00584408 1.36076 0)
(-0.000913374 0.418807 0)
(-0.233935 1.55973 1.26311e-22)
(0.393131 3.22945 1.69187e-20)
(0.0899259 3.46167 6.31679e-20)
(0.196125 3.43168 0)
(0.15422 3.38695 0)
(0.148155 3.34069 -3.75282e-19)
(0.150275 3.31411 3.85127e-19)
(0.123198 3.27299 -4.08044e-19)
(0.111682 3.18156 7.54102e-21)
(0.0935085 2.56936 5.60357e-19)
(-0.105215 2.3158 1.06158e-23)
(0.129153 3.28506 1.65461e-19)
(0.00883251 3.43525 0)
(0.0951284 3.38887 0)
(0.0704516 3.34359 1.11311e-20)
(0.0754507 3.30682 7.78025e-19)
(0.0719773 3.27703 -4.33821e-19)
(0.0487029 3.24209 -7.28332e-21)
(0.0495043 3.08512 6.94672e-21)
(0.00063705 2.08788 0)
(-0.0280421 2.06833 1.77816e-19)
(0.0841435 3.13801 -1.8859e-19)
(0.0219038 3.34372 0)
(0.0702169 3.32373 3.58113e-19)
(0.0498273 3.30265 -1.3375e-21)
(0.0506545 3.28151 -4.04574e-19)
(0.0449506 3.2663 -5.02818e-19)
(0.0295618 3.2463 -2.08834e-22)
(0.040428 3.12 7.16415e-21)
(-0.016865 2.21226 0)
(-0.0410563 2.01418 -4.48908e-20)
(0.0269617 3.11577 0)
(-0.0147854 3.30784 -1.89465e-19)
(0.0198539 3.30677 -1.5554e-19)
(0.0151994 3.28312 1.41567e-20)
(0.0211724 3.26136 -2.62314e-19)
(0.02628 3.24674 2.3343e-19)
(0.0210218 3.2338 -8.39654e-21)
(0.041683 3.12593 1.10627e-20)
(0.00714309 2.25093 2.88595e-19)
(-0.0530731 2.02338 -1.46533e-19)
(0.0123612 3.08879 0)
(-0.00834033 3.26624 4.09121e-19)
(0.0100829 3.26187 -2.25999e-19)
(0.0134655 3.24814 -6.9466e-22)
(0.0162168 3.23789 -2.25409e-21)
(0.021144 3.23322 -1.55645e-20)
(0.0216566 3.22452 -2.984e-19)
(0.042804 3.12799 8.19563e-21)
(-0.00313403 2.31244 -6.04733e-19)
(-0.0500099 2.08296 0)
(-0.0106934 3.08535 -2.25451e-19)
(-0.0288886 3.24234 1.88936e-20)
(-0.0156313 3.24669 -1.56879e-20)
(-0.00612362 3.23211 1.60668e-20)
(0.00302441 3.21961 2.66734e-19)
(0.0153092 3.21157 2.79055e-19)
(0.0208238 3.20549 5.87325e-19)
(0.0426737 3.1241 3.25638e-19)
(0.010558 2.35439 -1.6711e-20)
(-0.0513285 2.14078 0)
(-0.0201574 3.08164 2.33243e-19)
(-0.0193696 3.21368 -2.4488e-19)
(-0.0118508 3.21269 -1.69533e-20)
(-0.000578819 3.20249 3.50594e-20)
(0.00733469 3.19613 3.63506e-22)
(0.0166131 3.19529 -1.88604e-20)
(0.0217788 3.19121 -3.07189e-19)
(0.0422844 3.12175 -3.16617e-19)
(0.00383759 2.41989 -1.72995e-20)
(-0.047672 2.22774 2.69385e-19)
(-0.0287537 3.08527 -1.25159e-20)
(-0.0322505 3.19379 8.63547e-21)
(-0.0238158 3.19527 0)
(-0.0135606 3.18546 0)
(-0.001356 3.17768 0)
(0.0130348 3.17207 0)
(0.0206169 3.16933 3.43077e-19)
(0.041211 3.11267 -3.53455e-19)
(0.0153058 2.46396 3.49347e-19)
(-0.0464367 2.30644 2.62884e-20)
(-0.0330287 3.08462 2.87192e-19)
(-0.0211723 3.16954 0)
(-0.0146471 3.16539 -1.93433e-20)
(-0.00402341 3.15771 1.9782e-20)
(0.005213 3.15344 0)
(0.0150284 3.15395 -1.07289e-20)
(0.020715 3.15291 -3.32973e-19)
(0.0401359 3.10934 3.54964e-19)
(0.0104164 2.53311 0)
(-0.0437155 2.40333 1.60208e-20)
(-0.0358889 3.08615 -4.40528e-19)
(-0.0300735 3.14972 0)
(-0.022517 3.14683 0)
(-0.0136973 3.13907 2.12347e-20)
(-0.0020708 3.13341 -1.79258e-19)
(0.011455 3.12926 -2.24095e-20)
(0.0191559 3.12929 1.91108e-19)
(0.0385954 3.09616 0)
(0.019199 2.58107 0)
(-0.0400789 2.49064 -4.65826e-19)
(-0.0385673 3.08228 1.57871e-19)
(-0.0206077 3.12431 0)
(-0.0128433 3.1163 0)
(-0.00335467 3.10963 0)
(0.00552923 3.1068 3.69324e-19)
(0.0145258 3.1086 0)
(0.0201541 3.11071 -2.03892e-19)
(0.0378509 3.09052 1.26031e-20)
(0.0149498 2.65385 2.1356e-19)
(-0.0377056 2.58951 1.66232e-19)
(-0.0398274 3.07578 -1.61659e-20)
(-0.0296357 3.10132 1.93789e-19)
(-0.0210682 3.09501 1.88386e-19)
(-0.0124614 3.08837 0)
(-0.000750143 3.08401 -1.8984e-19)
(0.0123555 3.08151 0)
(0.0209843 3.08445 0)
(0.0385457 3.07215 0)
(0.0222795 2.70642 -2.14551e-19)
(-0.0351292 2.67843 -1.76157e-19)
(-0.0429714 3.0624 1.81911e-19)
(-0.0235538 3.07218 -1.82675e-19)
(-0.0130698 3.06222 -2.88083e-19)
(-0.0028033 3.05705 0)
(0.007092 3.05566 2.57755e-20)
(0.0168744 3.05862 -1.31571e-20)
(0.0247786 3.06319 9.81399e-20)
(0.0417177 3.06164 1.21853e-19)
(0.0208528 2.78046 -1.25383e-19)
(-0.0343556 2.773 1.80745e-19)
(-0.0460974 3.04527 -1.74291e-19)
(-0.0329239 3.04587 1.2427e-20)
(-0.0209229 3.04032 7.33885e-20)
(-0.0112109 3.03619 -1.05403e-19)
(0.00031182 3.03361 0)
(0.0137477 3.03214 1.1328e-19)
(0.0256208 3.03557 4.9504e-21)
(0.0446199 3.03659 -2.35892e-19)
(0.0286851 2.83262 -6.55251e-21)
(-0.0295907 2.85518 -5.16811e-20)
(-0.0442544 3.02153 1.26334e-20)
(-0.0231731 3.01778 -6.55737e-20)
(-0.0111757 3.01444 2.68425e-20)
(-0.00220733 3.01413 1.28443e-19)
(0.00627223 3.01344 -5.46438e-20)
(0.0145421 3.01418 -5.43731e-20)
(0.0233417 3.01709 -5.64434e-20)
(0.0418076 3.02184 1.21188e-19)
(0.0248424 2.90033 5.92269e-20)
(-0.017632 2.94052 4.15446e-20)
(-0.0259905 3.00083 1.83672e-20)
(-0.0161437 3.00084 3.61341e-20)
(-0.00938792 3.00162 -7.40566e-20)
(-0.00416735 3.00264 2.5028e-20)
(0.000689399 3.00215 5.0878e-20)
(0.00538567 3.00066 -5.31262e-20)
(0.0107396 2.999 -5.54722e-20)
(0.021793 2.99714 7.51498e-21)
(0.0165208 2.94913 5.33005e-20)
)
;

boundaryField
{
    wall-4
    {
        type            noSlip;
    }
    pressure-outlet-7
    {
        type            zeroGradient;
    }
    velocity-inlet-6
    {
        type            fixedValue;
        value           uniform (0 3 0);
    }
    velocity-inlet-5
    {
        type            fixedValue;
        value           uniform (1 0 0);
    }
    frontAndBackPlanes
    {
        type            empty;
    }
}


// ************************************************************************* //
