/*--------------------------------*- C++ -*----------------------------------*\
| =========                 |                                                 |
| \\      /  F ield         | OpenFOAM: The Open Source CFD Toolbox           |
|  \\    /   O peration     | Version:  v2012                                 |
|   \\  /    A nd           | Website:  www.openfoam.com                      |
|    \\/     M anipulation  |                                                 |
\*---------------------------------------------------------------------------*/
FoamFile
{
    version     2.0;
    format      ascii;
    class       volVectorField;
    location    "14";
    object      U;
}
// * * * * * * * * * * * * * * * * * * * * * * * * * * * * * * * * * * * * * //

dimensions      [0 1 -1 0 0 0 0];


internalField   nonuniform List<vector> 
2200
(
(0.87848 -0.03022 0)
(1.00565 -0.051252 0)
(1.00311 -0.0351491 0)
(1.00027 -0.0242436 0)
(0.99972 -0.0164089 0)
(0.999563 -0.0103656 0)
(0.999697 -0.00652722 0)
(1.00003 -0.00401003 0)
(1.00013 -0.00221456 0)
(1.00014 -0.000716916 0)
(1.00008 0.000898383 0)
(1.00014 0.00243739 0)
(1.00002 0.00418194 0)
(0.999652 0.00664261 0)
(0.99953 0.0104303 0)
(0.999702 0.0164565 0)
(1.00027 0.0242899 0)
(1.00314 0.0351945 0)
(1.00566 0.0512637 0)
(0.878481 0.0302373 0)
(0.71345 -0.0328593 0)
(0.996959 -0.0625673 0)
(1.03368 -0.0558707 0)
(1.02518 -0.0462919 0)
(1.01664 -0.0361535 0)
(1.01018 -0.0263453 0)
(1.00584 -0.0183366 0)
(1.00331 -0.011729 0)
(1.00213 -0.00628269 0)
(1.00197 -0.00175757 0)
(1.00189 0.00233399 0)
(1.00207 0.00675051 0)
(1.00321 0.0121225 0)
(1.00574 0.0186875 0)
(1.01012 0.0267085 0)
(1.0166 0.0364667 0)
(1.02511 0.0465332 0)
(1.03355 0.0560223 0)
(0.996842 0.0627103 0)
(0.713308 0.0328876 0)
(0.535708 -0.0237987 0)
(0.970853 -0.0564891 0)
(1.05572 -0.0537808 0)
(1.05119 -0.0476269 0)
(1.0354 -0.0393372 0)
(1.0244 -0.0315688 0)
(1.01633 -0.0232789 0)
(1.01095 -0.015217 0)
(1.00779 -0.00827706 0)
(1.00621 -0.00223602 0)
(1.0062 0.00312548 0)
(1.00767 0.00920088 0)
(1.0108 0.0160636 0)
(1.01622 0.0240886 0)
(1.02424 0.0322 0)
(1.0352 0.0398435 0)
(1.05097 0.0480196 0)
(1.0555 0.0541231 0)
(0.970426 0.0566785 0)
(0.535092 0.023859 0)
(0.396216 -0.0125729 0)
(0.914703 -0.0448906 0)
(1.05935 -0.0448176 0)
(1.06961 -0.0415166 0)
(1.05385 -0.0348735 0)
(1.03861 -0.0289067 0)
(1.0269 -0.0227509 0)
(1.01845 -0.0163238 0)
(1.01313 -0.00952828 0)
(1.01058 -0.00270517 0)
(1.01043 0.00413658 0)
(1.01287 0.0108643 0)
(1.01811 0.0175084 0)
(1.02643 0.0236656 0)
(1.03807 0.0296986 0)
(1.05328 0.035521 0)
(1.069 0.0420424 0)
(1.05858 0.045199 0)
(0.913702 0.0451202 0)
(0.395067 0.0126299 0)
(0.318182 -0.00366535 0)
(0.854055 -0.0299755 0)
(1.05312 -0.0369167 0)
(1.08138 -0.0350488 0)
(1.06882 -0.0298866 0)
(1.05177 -0.0245425 0)
(1.03805 -0.0195799 0)
(1.02755 -0.0145709 0)
(1.0202 -0.00900305 0)
(1.01641 -0.00262631 0)
(1.01629 0.00460047 0)
(1.01991 0.0106648 0)
(1.02699 0.0159662 0)
(1.03741 0.0208906 0)
(1.05107 0.0256095 0)
(1.06811 0.0308131 0)
(1.08057 0.0358298 0)
(1.05199 0.0375057 0)
(0.852326 0.0302781 0)
(0.316476 0.00372631 0)
(0.279625 0.000560906 0)
(0.800658 -0.016936 0)
(1.03814 -0.0271204 0)
(1.08564 -0.0277194 0)
(1.07815 -0.0246275 0)
(1.06096 -0.0199238 0)
(1.04753 -0.0157616 0)
(1.03698 -0.0116841 0)
(1.02894 -0.007012 0)
(1.02456 -0.00177023 0)
(1.02433 0.00439607 0)
(1.02833 0.00940204 0)
(1.03616 0.0138321 0)
(1.04654 0.0175678 0)
(1.05986 0.0215172 0)
(1.07699 0.0259133 0)
(1.08427 0.0287353 0)
(1.03618 0.0278538 0)
(0.797772 0.0172722 0)
(0.277262 -0.00047335 0)
(0.263145 0.00165031 0)
(0.760713 -0.00748265 0)
(1.02036 -0.0168495 0)
(1.08375 -0.0188787 0)
(1.08091 -0.018114 0)
(1.06484 -0.0155847 0)
(1.0511 -0.0131347 0)
(1.04053 -0.00982185 0)
(1.03303 -0.00561577 0)
(1.02912 -0.000917449 0)
(1.02878 0.00416443 0)
(1.03213 0.00874126 0)
(1.0392 0.0126122 0)
(1.04943 0.015452 0)
(1.06305 0.0173664 0)
(1.07892 0.0195405 0)
(1.08142 0.0199508 0)
(1.01731 0.0175714 0)
(0.756672 0.00781942 0)
(0.260017 -0.00154671 0)
(0.260013 0.00141574 0)
(0.737064 -0.00148315 0)
(1.00458 -0.00772762 0)
(1.07758 -0.0102473 0)
(1.07831 -0.0113361 0)
(1.06388 -0.0113471 0)
(1.0509 -0.0105515 0)
(1.04125 -0.00811998 0)
(1.03442 -0.00463838 0)
(1.03076 -0.000195641 0)
(1.03035 0.00425907 0)
(1.03334 0.00839873 0)
(1.03968 0.0113473 0)
(1.04877 0.0130332 0)
(1.06154 0.0134785 0)
(1.07568 0.0130158 0)
(1.07448 0.01155 0)
(1.0005 0.00860177 0)
(0.731983 0.00188818 0)
(0.255975 -0.00130444 0)
(0.261845 0.000940319 0)
(0.727678 0.000709263 0)
(0.99388 -0.00253054 0)
(1.07125 -0.00512628 0)
(1.07505 -0.00690995 0)
(1.06332 -0.0081872 0)
(1.05181 -0.00815795 0)
(1.04303 -0.00653402 0)
(1.03666 -0.00370992 0)
(1.033 0.000424771 0)
(1.03243 0.00461182 0)
(1.03516 0.00836707 0)
(1.04091 0.0106945 0)
(1.04915 0.0119319 0)
(1.06022 0.0112127 0)
(1.07152 0.0092997 0)
(1.06718 0.00696909 0)
(0.988616 0.00375872 0)
(0.720869 -0.000123981 0)
(0.256874 -0.000766618 0)
(0.264785 0.000297216 0)
(0.725242 0.000587261 0)
(0.988297 -0.00110236 0)
(1.06686 -0.00360785 0)
(1.07304 -0.00541494 0)
(1.06416 -0.00659938 0)
(1.05501 -0.0064702 0)
(1.04753 -0.00496171 0)
(1.04181 -0.00242866 0)
(1.03813 0.00137728 0)
(1.03715 0.005213 0)
(1.03931 0.00860122 0)
(1.04397 0.0105377 0)
(1.05076 0.0111379 0)
(1.05943 0.0104182 0)
(1.06802 0.0084657 0)
(1.06114 0.00591911 0)
(0.980954 0.00262551 0)
(0.716568 8.75411e-05 0)
(0.258179 -0.000118834 0)
(0.265904 -3.68674e-06 0)
(0.724681 0.000439485 0)
(0.984358 -0.000593753 0)
(1.06248 -0.00290471 0)
(1.07025 -0.00466165 0)
(1.06377 -0.00570388 0)
(1.05661 -0.00533767 0)
(1.05061 -0.00369023 0)
(1.04585 -0.00107318 0)
(1.04252 0.00257621 0)
(1.04138 0.00612205 0)
(1.04262 0.00906196 0)
(1.04575 0.0104859 0)
(1.05064 0.0108765 0)
(1.05776 0.0102886 0)
(1.06357 0.00825436 0)
(1.05477 0.00561506 0)
(0.974492 0.00243974 0)
(0.713257 0.000553054 0)
(0.257737 9.61584e-05 0)
(0.266928 0.000188026 0)
(0.724851 0.000624868 0)
(0.980214 0.000339284 0)
(1.0577 -0.00144751 0)
(1.06678 -0.00298044 0)
(1.06235 -0.00402612 0)
(1.05657 -0.00362774 0)
(1.05148 -0.00212937 0)
(1.04725 0.000399766 0)
(1.04406 0.00374812 0)
(1.0428 0.00705871 0)
(1.04349 0.00957408 0)
(1.04578 0.010593 0)
(1.0498 0.0107333 0)
(1.05442 0.00966793 0)
(1.05795 0.00743618 0)
(1.04767 0.00475545 0)
(0.968188 0.00191626 0)
(0.709915 0.000494334 0)
(0.256391 0.000100626 0)
(0.26869 0.000321234 0)
(0.725871 0.0008942 0)
(0.978668 0.00142915 0)
(1.05415 0.000347505 0)
(1.06419 -0.00061689 0)
(1.06142 -0.00137256 0)
(1.0571 -0.00102838 0)
(1.05285 0.000202425 0)
(1.04894 0.00238635 0)
(1.04565 0.00520999 0)
(1.04392 0.0080614 0)
(1.04408 0.00989582 0)
(1.04566 0.010557 0)
(1.04812 0.0101089 0)
(1.05108 0.00869193 0)
(1.05278 0.00648197 0)
(1.04132 0.00398923 0)
(0.962818 0.00159722 0)
(0.707168 0.000466161 0)
(0.25533 0.000114843 0)
(0.270974 0.000272117 0)
(0.728346 0.0010864 0)
(0.978881 0.00180518 0)
(1.05286 0.00148236 0)
(1.06342 0.0011182 0)
(1.06188 0.000946421 0)
(1.05877 0.0015764 0)
(1.05531 0.00284194 0)
(1.05174 0.00484308 0)
(1.0483 0.00725267 0)
(1.0459 0.00951579 0)
(1.04515 0.0106659 0)
(1.04548 0.0107448 0)
(1.04694 0.00969162 0)
(1.04843 0.00809748 0)
(1.04867 0.00599626 0)
(1.03635 0.00382842 0)
(0.95857 0.00183884 0)
(0.704644 0.000733707 0)
(0.254044 0.000200372 0)
(0.273624 0.000297132 0)
(0.731983 0.001308 0)
(0.979951 0.00222265 0)
(1.05305 0.00263717 0)
(1.06355 0.00285913 0)
(1.06273 0.00333691 0)
(1.06037 0.00427395 0)
(1.05744 0.00568201 0)
(1.05404 0.00757867 0)
(1.0504 0.00966661 0)
(1.04729 0.0112945 0)
(1.04546 0.0117878 0)
(1.04486 0.01121 0)
(1.04506 0.0099519 0)
(1.04552 0.00820242 0)
(1.04482 0.00618388 0)
(1.032 0.00419932 0)
(0.954507 0.00237586 0)
(0.701369 0.00108996 0)
(0.251996 0.000288427 0)
(0.276471 0.000370802 0)
(0.735704 0.00150185 0)
(0.982427 0.00278028 0)
(1.05453 0.00351667 0)
(1.06509 0.00439789 0)
(1.06444 0.00546258 0)
(1.06226 0.00696004 0)
(1.05939 0.00876167 0)
(1.05583 0.0107931 0)
(1.05171 0.0127143 0)
(1.04785 0.0137736 0)
(1.04501 0.0136056 0)
(1.04356 0.0123477 0)
(1.0427 0.0107326 0)
(1.04235 0.00864883 0)
(1.04098 0.0065356 0)
(1.02776 0.00455436 0)
(0.950315 0.00278032 0)
(0.697485 0.00132683 0)
(0.249382 0.000333601 0)
(0.280605 0.000538361 0)
(0.741609 0.00207154 0)
(0.986384 0.00394096 0)
(1.05702 0.00544678 0)
(1.06737 0.00682546 0)
(1.06685 0.0084009 0)
(1.06466 0.0102145 0)
(1.06159 0.0122776 0)
(1.05756 0.0144072 0)
(1.05262 0.0161953 0)
(1.04762 0.0167979 0)
(1.04365 0.0159871 0)
(1.04115 0.0142412 0)
(1.03956 0.012106 0)
(1.03855 0.00980824 0)
(1.03672 0.00758377 0)
(1.02319 0.00548919 0)
(0.945393 0.00352042 0)
(0.692383 0.00167908 0)
(0.246019 0.000418145 0)
(0.285244 0.000674997 0)
(0.747654 0.00248314 0)
(0.991391 0.00474061 0)
(1.06117 0.00663745 0)
(1.07107 0.00876439 0)
(1.07029 0.0111286 0)
(1.06779 0.0137818 0)
(1.06426 0.0164941 0)
(1.05951 0.0190302 0)
(1.0535 0.0208377 0)
(1.04723 0.0210236 0)
(1.04215 0.0194973 0)
(1.03871 0.0170906 0)
(1.03638 0.01426 0)
(1.03477 0.0114056 0)
(1.03244 0.00871583 0)
(1.01838 0.00626385 0)
(0.939889 0.00406315 0)
(0.686585 0.00199219 0)
(0.24212 0.000496805 0)
(0.292384 0.000898453 0)
(0.757632 0.00349497 0)
(0.998671 0.00662031 0)
(1.06661 0.00936189 0)
(1.07609 0.0118996 0)
(1.07504 0.0148695 0)
(1.07206 0.0180061 0)
(1.06774 0.0213234 0)
(1.06189 0.0243253 0)
(1.05438 0.0262635 0)
(1.04639 0.0261172 0)
(1.03982 0.0238951 0)
(1.03518 0.0207473 0)
(1.03194 0.0172859 0)
(1.02968 0.0139853 0)
(1.02691 0.0109385 0)
(1.01245 0.00815608 0)
(0.933238 0.0054376 0)
(0.679119 0.00261459 0)
(0.237019 0.00063461 0)
(0.300132 0.00119673 0)
(0.768035 0.00411467 0)
(1.00722 0.00791856 0)
(1.07386 0.0113248 0)
(1.08257 0.0151321 0)
(1.0809 0.0192116 0)
(1.07708 0.0235244 0)
(1.07164 0.0277138 0)
(1.06428 0.0312959 0)
(1.05489 0.0333549 0)
(1.0449 0.0327567 0)
(1.03672 0.029707 0)
(1.0309 0.0256183 0)
(1.02688 0.0212252 0)
(1.02411 0.0169818 0)
(1.02086 0.0130828 0)
(1.00551 0.00949895 0)
(0.924606 0.00624083 0)
(0.669683 0.00306188 0)
(0.230928 0.000764328 0)
(0.312301 0.00156989 0)
(0.783914 0.00602587 0)
(1.01937 0.0110731 0)
(1.08329 0.0156405 0)
(1.09117 0.0198433 0)
(1.08859 0.0249632 0)
(1.08366 0.0301845 0)
(1.07666 0.0353848 0)
(1.06733 0.0397383 0)
(1.05557 0.0419744 0)
(1.04314 0.0408743 0)
(1.03295 0.0368637 0)
(1.02561 0.0316406 0)
(1.02046 0.0261968 0)
(1.01685 0.0210964 0)
(1.01298 0.0164748 0)
(0.997071 0.012368 0)
(0.915222 0.00830986 0)
(0.659014 0.00400592 0)
(0.223339 0.000936704 0)
(0.32612 0.0022032 0)
(0.802694 0.00706171 0)
(1.03406 0.0136092 0)
(1.09548 0.0193458 0)
(1.1022 0.0257315 0)
(1.09833 0.0325299 0)
(1.09166 0.0392557 0)
(1.08242 0.0457196 0)
(1.0704 0.0507409 0)
(1.05559 0.052997 0)
(1.0402 0.0511038 0)
(1.02765 0.0458332 0)
(1.01865 0.0392893 0)
(1.01235 0.0325493 0)
(1.00795 0.0261454 0)
(1.00339 0.0202717 0)
(0.985993 0.0147371 0)
(0.901126 0.00966444 0)
(0.643379 0.00464305 0)
(0.213817 0.00114097 0)
(0.347341 0.00315484 0)
(0.828004 0.0112116 0)
(1.05376 0.019498 0)
(1.11093 0.0270176 0)
(1.11609 0.034404 0)
(1.11029 0.0427365 0)
(1.10123 0.0511243 0)
(1.08919 0.0586822 0)
(1.07389 0.0642801 0)
(1.05556 0.0662596 0)
(1.03684 0.0632815 0)
(1.02168 0.0564793 0)
(1.01079 0.0482755 0)
(1.00312 0.0399542 0)
(0.997682 0.0321032 0)
(0.99219 0.0250823 0)
(0.973792 0.0189138 0)
(0.887491 0.0127138 0)
(0.628251 0.00613587 0)
(0.202875 0.00138003 0)
(0.376065 0.0043734 0)
(0.864154 0.0132387 0)
(1.07951 0.0254668 0)
(1.13121 0.0350337 0)
(1.1341 0.0462725 0)
(1.12505 0.0569752 0)
(1.11264 0.0671047 0)
(1.09666 0.0758706 0)
(1.07722 0.0817883 0)
(1.0546 0.0830729 0)
(1.03193 0.0785594 0)
(1.01367 0.0698843 0)
(1.00048 0.059885 0)
(0.991042 0.0498597 0)
(0.984261 0.0404408 0)
(0.977561 0.0315383 0)
(0.956657 0.0230051 0)
(0.865068 0.0150762 0)
(0.6026 0.00697116 0)
(0.187896 0.00156595 0)
(0.411759 0.00862937 0)
(0.905951 0.0235224 0)
(1.11302 0.0376249 0)
(1.15742 0.0507622 0)
(1.15558 0.0642376 0)
(1.14233 0.0768824 0)
(1.1252 0.0885471 0)
(1.10437 0.0978008 0)
(1.08002 0.103094 0)
(1.05253 0.102944 0)
(1.02564 0.0962563 0)
(1.0042 0.0851954 0)
(0.988723 0.0729649 0)
(0.977559 0.0608561 0)
(0.969279 0.0493831 0)
(0.961012 0.0391383 0)
(0.938127 0.0296417 0)
(0.844841 0.0199633 0)
(0.581664 0.00962434 0)
(0.174346 0.00174913 0)
(0.497409 0.0122176 0)
(0.978282 0.0327408 0)
(1.1571 0.0568048 0)
(1.18918 0.0731147 0)
(1.18132 0.0906955 6.51584e-35)
(1.1615 0.105179 -4.5601e-35)
(1.13839 0.117229 0)
(1.11183 0.1257 0)
(1.08181 0.12951 0)
(1.04909 0.126998 0)
(1.01772 0.117437 0)
(0.992835 0.103677 0)
(0.974654 0.0891986 0)
(0.961256 0.0752836 0)
(0.951108 0.06232 0)
(0.940676 0.0498652 0)
(0.913393 0.0378999 0)
(0.809301 0.0256075 0)
(0.533735 0.0110708 0)
(0.147386 0.00166681 0)
(0.559068 0.0276637 -8.54331e-21)
(1.0602 0.0578493 5.77071e-21)
(1.2065 0.0887843 0)
(1.22507 0.109382 4.99719e-22)
(1.20748 0.129903 -4.0472e-22)
(1.18055 0.14335 4.81105e-35)
(1.15089 0.154126 0)
(1.11777 0.16105 4.588e-21)
(1.08152 0.1627 -1.65028e-20)
(1.04281 0.157296 3.66354e-21)
(1.00612 0.144668 0)
(0.976939 0.128131 -1.21483e-20)
(0.955242 0.111292 -1.52568e-20)
(0.938767 0.0950642 2.68471e-20)
(0.925662 0.079882 -2.16108e-20)
(0.911709 0.0660199 0)
(0.877748 0.0513779 -8.3568e-21)
(0.761845 0.035321 0)
(0.491075 0.0202684 -4.52527e-20)
(0.130287 0.00347134 5.37974e-20)
(0.579698 0.0540532 -2.84025e-22)
(1.10461 0.104166 -4.8885e-20)
(1.24779 0.141248 1.26705e-20)
(1.25778 0.15971 1.88725e-20)
(1.23123 0.177827 -2.39996e-23)
(1.19754 0.188941 7.24356e-22)
(1.16098 0.198299 0)
(1.1211 0.203395 0)
(1.07856 0.202652 2.56808e-20)
(1.0335 0.194705 0)
(0.990921 0.179505 4.14657e-20)
(0.956613 0.160867 1.30329e-20)
(0.93038 0.142674 4.03663e-22)
(0.909693 0.125853 -3.01225e-20)
(0.89251 0.110323 0)
(0.874607 0.0960583 0)
(0.839317 0.0827617 -1.41936e-19)
(0.732836 0.0653947 3.58078e-19)
(0.479571 0.0385224 -2.12695e-19)
(0.132886 0.0127909 -2.5442e-19)
(0.580279 0.08628 8.3872e-20)
(1.13108 0.164513 -2.44217e-20)
(1.27846 0.20713 -6.45946e-21)
(1.28429 0.220729 -3.60528e-20)
(1.25089 0.233861 1.35668e-20)
(1.21076 0.241185 3.63894e-21)
(1.16766 0.247538 2.83776e-21)
(1.12178 0.249406 0)
(1.07332 0.245505 -5.27955e-20)
(1.02216 0.234603 5.97775e-20)
(0.973832 0.216783 -1.13353e-19)
(0.934569 0.196669 5.54113e-20)
(0.904277 0.178062 -4.1274e-20)
(0.880053 0.161497 9.02739e-20)
(0.859834 0.147219 0)
(0.83988 0.133784 -3.56135e-20)
(0.805349 0.120782 0)
(0.708259 0.101606 2.05631e-19)
(0.477833 0.0657202 -4.88038e-19)
(0.146595 0.0220472 3.06704e-19)
(0.565043 0.116934 -3.89681e-19)
(1.14263 0.226046 1.5574e-19)
(1.29717 0.277606 2.48191e-20)
(1.30218 0.28607 0)
(1.26393 0.294719 2.03052e-20)
(1.21885 0.297948 -2.22578e-20)
(1.17059 0.300136 -2.74649e-21)
(1.11969 0.29796 0)
(1.0658 0.290566 3.71528e-20)
(1.00929 0.276505 -4.09455e-20)
(0.956201 0.256147 9.91771e-20)
(0.91311 0.23443 0)
(0.879637 0.215036 -8.66186e-20)
(0.852976 0.198282 4.77961e-20)
(0.831371 0.18426 1.30129e-19)
(0.81148 0.17183 -1.14377e-19)
(0.779534 0.157765 1.90452e-19)
(0.692717 0.136945 -4.24302e-19)
(0.479098 0.0926612 2.69891e-19)
(0.155112 0.0319032 -3.39815e-19)
(0.544536 0.141817 2.3829e-19)
(1.14105 0.28242 -1.75511e-19)
(1.30596 0.346065 7.76092e-20)
(1.31167 0.351689 -1.07365e-19)
(1.26994 0.35719 7.28651e-20)
(1.22153 0.356328 -1.2503e-20)
(1.16959 0.354195 3.77429e-21)
(1.11452 0.347859 -2.21203e-20)
(1.05596 0.336809 -3.6485e-20)
(0.994807 0.319142 -8.73171e-20)
(0.937263 0.295571 -2.13621e-19)
(0.890978 0.271914 -7.22198e-20)
(0.856387 0.251798 2.84369e-21)
(0.829691 0.234504 -1.71048e-19)
(0.807984 0.219865 -6.23064e-21)
(0.788565 0.208418 1.67257e-19)
(0.759606 0.19323 -5.20467e-20)
(0.679914 0.171667 -3.07151e-20)
(0.476487 0.117907 0)
(0.157515 0.0408284 7.23444e-19)
(0.524181 0.164843 0)
(1.13164 0.334951 5.38525e-20)
(1.30712 0.410552 0)
(1.31398 0.415246 -1.20465e-20)
(1.26988 0.418907 -8.79679e-20)
(1.21944 0.414323 2.01731e-20)
(1.16494 0.408174 -8.94188e-22)
(1.10662 0.397928 4.04982e-20)
(1.04459 0.383161 -2.19773e-20)
(0.980238 0.36173 3.81582e-20)
(0.920555 0.335174 1.15027e-19)
(0.873509 0.309117 1.59966e-19)
(0.837328 0.286833 -9.99303e-20)
(0.809054 0.268536 1.85202e-19)
(0.787115 0.253154 -1.48865e-19)
(0.767777 0.241979 0)
(0.740802 0.226102 -3.98757e-19)
(0.665156 0.202661 5.36115e-19)
(0.469792 0.140114 4.07763e-20)
(0.155735 0.0482839 -7.6075e-19)
(0.506543 0.186103 -6.10306e-21)
(1.11995 0.385207 -1.42666e-19)
(1.30281 0.472015 -4.23915e-19)
(1.31097 0.476073 2.34337e-19)
(1.26514 0.47836 -5.25867e-20)
(1.21359 0.470523 2.93961e-20)
(1.15734 0.460933 -1.50218e-20)
(1.09657 0.447214 -1.24033e-21)
(1.03193 0.428895 -7.52742e-20)
(0.964486 0.403808 1.15592e-21)
(0.901094 0.373502 -1.24765e-19)
(0.85054 0.34447 -1.69916e-19)
(0.814463 0.320845 1.12779e-19)
(0.787729 0.301332 -6.64581e-20)
(0.766094 0.2852 1.61976e-19)
(0.747125 0.272823 0)
(0.722154 0.256789 -2.47003e-19)
(0.649324 0.22951 3.65494e-19)
(0.458676 0.159758 7.03094e-19)
(0.151811 0.0539966 -8.22965e-19)
(0.49195 0.205599 -6.97773e-19)
(1.10556 0.43265 3.523e-19)
(1.29477 0.530947 2.72453e-19)
(1.30402 0.534109 -2.53707e-19)
(1.25697 0.53492 1.10664e-20)
(1.20489 0.524146 7.76331e-20)
(1.14729 0.511759 1.75399e-21)
(1.08463 0.495051 -1.45231e-20)
(1.01785 0.473358 -4.68498e-20)
(0.947825 0.444551 8.34865e-20)
(0.883102 0.410848 1.16978e-19)
(0.833516 0.37924 2.66087e-19)
(0.795325 0.352623 0)
(0.765861 0.331425 5.4117e-21)
(0.744246 0.313482 -4.51083e-19)
(0.725894 0.300542 1.03507e-19)
(0.701641 0.283545 5.30367e-19)
(0.631546 0.252773 -1.54976e-19)
(0.445336 0.175993 3.34903e-19)
(0.146538 0.0587947 -2.72241e-20)
(0.481472 0.224199 6.83647e-21)
(1.09178 0.477775 3.25414e-19)
(1.28439 0.587156 2.06474e-19)
(1.29456 0.589412 -4.51009e-19)
(1.24658 0.588477 2.89445e-19)
(1.19405 0.574894 -9.49168e-20)
(1.13529 0.560177 -5.3745e-21)
(1.07111 0.540896 2.76305e-20)
(1.00267 0.516155 8.1238e-20)
(0.930409 0.484246 -1.08897e-19)
(0.862598 0.447217 0)
(0.808399 0.411434 -1.05611e-19)
(0.770867 0.382674 1.21251e-19)
(0.74392 0.359335 1.64238e-19)
(0.72275 0.341349 -9.42e-20)
(0.704607 0.325415 -2.38506e-19)
(0.681072 0.307351 -7.26444e-20)
(0.612363 0.273617 -1.28059e-21)
(0.43065 0.189701 0)
(0.140188 0.062651 0)
(0.472922 0.242099 -3.43399e-19)
(1.07809 0.520135 0)
(1.27259 0.639901 2.36496e-19)
(1.28352 0.64225 -1.08796e-19)
(1.23496 0.639458 -3.02117e-19)
(1.18192 0.623063 8.31758e-20)
(1.12198 0.606143 -1.18269e-20)
(1.05646 0.58457 -9.96568e-21)
(0.986319 0.557236 4.847e-20)
(0.911386 0.522504 -4.61461e-20)
(0.841198 0.481407 6.54799e-20)
(0.788048 0.44375 3.29115e-19)
(0.749005 0.411962 1.32496e-20)
(0.719931 0.38618 -1.67347e-19)
(0.699042 0.364001 3.24844e-19)
(0.682494 0.348195 4.4728e-21)
(0.660681 0.329328 7.7721e-20)
(0.594078 0.291534 -3.80133e-19)
(0.414881 0.201109 3.86796e-19)
(0.133089 0.0652714 -4.60137e-19)
(0.467061 0.262374 3.17881e-23)
(1.06551 0.560169 0)
(1.25994 0.688986 0)
(1.27134 0.692173 1.01762e-19)
(1.22245 0.687832 1.18127e-19)
(1.169 0.668907 -7.07052e-20)
(1.10799 0.649896 4.94551e-20)
(1.04137 0.626223 0)
(0.969826 0.596597 -8.12381e-20)
(0.893248 0.559175 1.59291e-19)
(0.821877 0.516146 2.01126e-19)
(0.765765 0.47379 -1.2453e-19)
(0.725866 0.438454 -1.5693e-19)
(0.698103 0.410395 3.71549e-19)
(0.677584 0.388793 -1.14918e-19)
(0.659784 0.36902 -1.39789e-19)
(0.636212 0.346679 -8.58454e-20)
(0.570516 0.306544 -4.12932e-19)
(0.397903 0.20986 5.73468e-20)
(0.124846 0.0669591 5.00418e-19)
(0.463374 0.28147 -1.37282e-19)
(1.05373 0.597755 -2.15599e-19)
(1.2465 0.73463 2.39012e-20)
(1.25847 0.73897 3.07549e-22)
(1.20951 0.733521 4.02195e-20)
(1.15578 0.712457 -1.87507e-19)
(1.09392 0.691549 0)
(1.02643 0.665898 9.90752e-21)
(0.95353 0.634158 -7.81235e-21)
(0.874893 0.594723 2.48157e-19)
(0.799791 0.54774 -5.15815e-20)
(0.741081 0.502292 5.64964e-20)
(0.7 0.464569 0)
(0.670068 0.432444 -2.03071e-19)
(0.650078 0.40631 2.54208e-19)
(0.63612 0.385948 0)
(0.616748 0.363924 -1.88735e-19)
(0.552297 0.320092 5.51562e-19)
(0.379989 0.216508 6.61413e-20)
(0.116085 0.0671886 -6.21249e-19)
(0.460823 0.29881 -3.04486e-19)
(1.04249 0.633087 3.88894e-19)
(1.2327 0.777091 0)
(1.24498 0.782478 2.52953e-19)
(1.19597 0.776161 0)
(1.14222 0.753488 1.76859e-19)
(1.0798 0.73104 0)
(1.01168 0.70366 0)
(0.937329 0.670245 -2.88292e-20)
(0.856334 0.628953 -2.42934e-19)
(0.779037 0.579782 -3.74135e-19)
(0.719645 0.532507 7.21657e-20)
(0.678194 0.490311 2.71367e-19)
(0.651273 0.456391 2.29374e-19)
(0.629796 0.428087 -8.16249e-19)
(0.611632 0.403481 -3.38724e-19)
(0.588141 0.37775 1.96729e-19)
(0.524535 0.328815 0)
(0.360745 0.220535 5.7297e-19)
(0.106344 0.0663315 -6.75277e-19)
(0.458728 0.314892 3.3595e-19)
(1.03134 0.666136 -4.27119e-19)
(1.21889 0.816539 0)
(1.23155 0.823001 -9.84928e-21)
(1.18245 0.815972 -1.04316e-19)
(1.1287 0.791935 0)
(1.06583 0.768271 -1.63965e-20)
(0.997123 0.73946 1.74425e-20)
(0.921482 0.704662 -3.22087e-20)
(0.838852 0.661839 2.2477e-20)
(0.759691 0.610883 0)
(0.695301 0.559063 2.86748e-19)
(0.647935 0.513562 3.75179e-21)
(0.613957 0.473128 1.24833e-19)
(0.596499 0.440568 1.50687e-19)
(0.585233 0.417201 0)
(0.568409 0.386156 -3.34632e-19)
(0.504888 0.336884 6.56048e-19)
(0.340863 0.22228 -7.0122e-19)
(0.096556 0.0641099 1.47028e-18)
(0.456806 0.330156 0)
(1.0209 0.697752 0)
(1.20542 0.853422 -2.33352e-19)
(1.21807 0.860795 0)
(1.16872 0.853031 0)
(1.11509 0.82784 2.52389e-19)
(1.05194 0.803214 -2.04048e-20)
(0.982956 0.773238 1.66017e-20)
(0.906339 0.737399 -3.1533e-22)
(0.82191 0.693577 0)
(0.738423 0.641162 -6.04083e-20)
(0.67196 0.588165 -2.38197e-19)
(0.626726 0.540256 -3.00878e-19)
(0.598219 0.498101 -1.25592e-19)
(0.575719 0.463625 1.66483e-19)
(0.55883 0.426592 -3.96038e-19)
(0.535557 0.398766 7.25965e-19)
(0.474838 0.341354 9.16489e-21)
(0.319502 0.221602 -6.79106e-19)
(0.0861024 0.06068 -1.00943e-19)
(0.454839 0.344816 0)
(1.01078 0.727351 -3.31502e-19)
(1.19242 0.887793 2.60986e-19)
(1.20503 0.896151 0)
(1.15549 0.887744 0)
(1.10193 0.861419 -5.5721e-19)
(1.03855 0.835981 0)
(0.969227 0.804996 0)
(0.891548 0.768467 -4.71429e-20)
(0.805283 0.723903 4.63654e-20)
(0.71965 0.669667 -4.7363e-19)
(0.649764 0.613141 0)
(0.596885 0.559859 -3.26542e-19)
(0.557217 0.512711 1.19275e-20)
(0.53691 0.466545 -5.31817e-19)
(0.527099 0.438371 2.14963e-19)
(0.514433 0.39893 4.66512e-21)
(0.453936 0.340552 -7.80674e-19)
(0.29949 0.217712 3.70773e-19)
(0.0782093 0.0566763 1.07997e-19)
(0.452865 0.358763 0)
(1.00153 0.755733 -3.91179e-19)
(1.17982 0.920097 2.77092e-19)
(1.1921 0.929221 5.84979e-19)
(1.14239 0.920135 1.20064e-19)
(1.08904 0.892827 -8.4587e-20)
(1.02553 0.866684 5.30324e-20)
(0.95604 0.834915 -1.17013e-19)
(0.877509 0.797903 5.04293e-20)
(0.789704 0.753051 2.70431e-19)
(0.701389 0.69894 3.927e-19)
(0.626118 0.642833 7.65369e-20)
(0.571772 0.589468 4.74913e-19)
(0.538963 0.535965 3.10483e-19)
(0.514371 0.492358 3.84326e-19)
(0.497482 0.444967 -2.41626e-19)
(0.477607 0.404981 -2.88936e-19)
(0.421395 0.338414 3.40648e-19)
(0.275488 0.211014 -2.02927e-19)
(0.0719396 0.0523057 3.54306e-19)
(0.450702 0.37202 5.20212e-19)
(0.992403 0.781917 6.20983e-19)
(1.16763 0.95015 1.51741e-19)
(1.1797 0.96012 1.60077e-20)
(1.12998 0.950468 -4.15389e-19)
(1.07683 0.922227 1.61095e-19)
(1.01323 0.89548 -6.04939e-20)
(0.943576 0.863068 -2.16438e-20)
(0.86438 0.825788 -3.53548e-20)
(0.775097 0.780855 -3.04112e-19)
(0.683431 0.726513 2.28487e-20)
(0.60426 0.668671 0)
(0.542767 0.612123 0)
(0.493741 0.556331 -1.57257e-19)
(0.466754 0.498898 -6.31162e-19)
(0.457309 0.449701 5.24217e-19)
(0.448803 0.390112 3.23209e-19)
(0.402034 0.320035 0)
(0.268217 0.189112 6.46277e-19)
(0.0659999 0.0371519 -3.86747e-19)
(0.448546 0.384342 -2.78323e-19)
(0.983897 0.806884 2.37912e-19)
(1.15575 0.978346 -3.39152e-19)
(1.1675 0.988932 -3.66737e-19)
(1.11782 0.978679 -1.6349e-19)
(1.06499 0.949685 3.8463e-20)
(1.00148 0.922457 0)
(0.931819 0.889494 1.67386e-19)
(0.852136 0.852096 8.82286e-21)
(0.761533 0.807348 0)
(0.667274 0.753963 0)
(0.584476 0.697389 5.40522e-20)
(0.51787 0.638845 8.41609e-20)
(0.474185 0.579475 -1.69285e-19)
(0.440016 0.523111 4.56758e-19)
(0.416852 0.451911 -5.76393e-19)
(0.400794 0.390446 -6.98177e-19)
(0.370295 0.300785 6.23184e-19)
(0.279396 0.191859 -2.33517e-19)
(0.138345 0.104419 1.33621e-19)
(0.445984 0.395839 3.21425e-19)
(0.975317 0.829663 0)
(1.14425 1.00446 0)
(1.15587 1.01576 -1.23929e-19)
(1.10637 1.00501 1.00288e-19)
(1.05384 0.975306 -2.07506e-20)
(0.990419 0.947636 -2.32215e-19)
(0.92074 0.914278 -2.50129e-19)
(0.840487 0.876938 9.40354e-21)
(0.748825 0.83247 -2.48774e-20)
(0.651807 0.779824 6.15811e-20)
(0.564446 0.722319 -4.39784e-19)
(0.494115 0.664759 -4.90142e-19)
(0.428144 0.606746 -9.00748e-20)
(0.383289 0.532642 0)
(0.360535 0.468406 -1.3637e-20)
(0.351306 0.357163 3.80711e-19)
(0.323733 0.212602 -6.5807e-19)
(0.297178 0.0412082 4.85455e-19)
(0.0920864 -0.0684177 3.87862e-19)
(0.44344 0.406852 -6.98956e-19)
(0.967264 0.851465 -2.98343e-19)
(1.13305 1.02906 5.49825e-21)
(1.1444 1.0409 1.56786e-19)
(1.09506 1.02967 0)
(1.04285 0.999484 4.77534e-19)
(0.97965 0.971594 2.90316e-19)
(0.910074 0.938088 -4.71355e-20)
(0.829522 0.900867 1.00773e-20)
(0.73642 0.857447 -2.31448e-20)
(0.636943 0.806813 2.14975e-20)
(0.545218 0.75346 3.89098e-19)
(0.463648 0.696543 4.79357e-19)
(0.407761 0.630644 8.6433e-20)
(0.357831 0.573064 4.79443e-19)
(0.302337 0.479202 0)
(0.213267 0.367288 0)
(0.0789699 0.343868 4.87917e-19)
(-0.0490249 0.635514 -3.2051e-20)
(-0.00318267 1.46174 -6.31517e-19)
(0.440555 0.417336 3.78419e-19)
(0.959201 0.871459 8.93959e-19)
(1.12217 1.05205 -1.34235e-18)
(1.1334 1.06466 8.11415e-19)
(1.08425 1.05314 -9.60791e-20)
(1.03233 1.02262 6.21162e-19)
(0.969294 0.994656 0)
(0.899793 0.961181 2.55519e-19)
(0.818969 0.924655 0)
(0.725307 0.882402 1.96073e-19)
(0.624339 0.83272 -3.5381e-20)
(0.528744 0.779635 3.96709e-20)
(0.448485 0.726755 5.28252e-19)
(0.359023 0.67436 -1.96144e-19)
(0.274462 0.603411 -2.52803e-19)
(0.205466 0.547852 0)
(0.113197 0.631662 0)
(0.0539315 1.19236 0)
(0.0868927 2.39596 -2.75268e-19)
(0.119253 2.878 -1.70449e-19)
(0.437787 0.427028 0)
(0.951669 0.890578 0)
(1.11164 1.07377 4.7996e-19)
(1.12262 1.08698 -6.76668e-19)
(1.07363 1.07522 4.67315e-19)
(1.02201 1.04458 -5.69745e-19)
(0.959231 1.01674 -3.38441e-20)
(0.889851 0.983584 2.63519e-20)
(0.808897 0.94796 2.21286e-21)
(0.714158 0.906991 -2.22255e-19)
(0.609912 0.860396 5.23114e-20)
(0.510916 0.814411 3.61493e-19)
(0.413529 0.766651 -5.20091e-19)
(0.342997 0.706081 -6.08765e-19)
(0.278952 0.668191 2.13793e-19)
(0.214851 0.779384 0)
(0.160173 1.44653 3.07031e-19)
(0.162887 2.64794 3.51242e-19)
(0.164126 3.07287 -3.92982e-19)
(0.15547 3.21637 4.42889e-19)
(0.434819 0.435664 0)
(0.944089 0.9079 7.25618e-19)
(1.10145 1.09401 -1.24496e-19)
(1.11235 1.10804 8.50411e-19)
(1.06357 1.09619 -4.90514e-19)
(1.01222 1.06551 0)
(0.949677 1.03789 0)
(0.880578 1.00525 0)
(0.799626 0.970545 -1.02751e-19)
(0.704443 0.931641 -6.39061e-22)
(0.599447 0.88838 0)
(0.495073 0.844593 -3.51786e-19)
(0.407834 0.801363 0)
(0.295291 0.766018 4.32576e-19)
(0.224631 0.842895 -2.79875e-19)
(0.181616 1.41201 -2.34866e-19)
(0.196964 2.63817 -5.7819e-19)
(0.216715 3.12266 -2.8544e-19)
(0.20484 3.27566 -3.18406e-19)
(0.189365 3.31813 2.84783e-19)
(0.431975 0.443752 -2.45226e-19)
(0.936979 0.924437 1.44833e-20)
(1.09166 1.11313 -1.34078e-19)
(1.10235 1.12782 -6.81049e-19)
(1.05373 1.11592 0)
(1.00271 1.08541 0)
(0.940497 1.05815 0)
(0.871614 1.02608 -1.7816e-20)
(0.790793 0.992737 1.19823e-19)
(0.695375 0.95624 0)
(0.588469 0.916771 0)
(0.486823 0.879718 0)
(0.380668 0.84856 0)
(0.321342 0.844318 2.81418e-19)
(0.298703 1.16772 7.33966e-19)
(0.294945 2.2875 2.28766e-19)
(0.310304 3.07477 4.06213e-19)
(0.300177 3.29712 -2.45892e-19)
(0.246853 3.36884 9.08295e-20)
(0.21175 3.38238 0)
(0.428859 0.451229 2.48363e-19)
(0.929628 0.939812 -1.56331e-18)
(1.08195 1.13145 -4.4169e-19)
(1.09262 1.14703 -1.08106e-19)
(1.04427 1.1352 1.25456e-19)
(0.993516 1.10482 -8.90305e-19)
(0.93159 1.07796 6.078e-20)
(0.863103 1.04667 4.38025e-19)
(0.782594 1.01473 0)
(0.687212 0.980531 -1.24188e-20)
(0.580742 0.94498 1.12975e-20)
(0.470421 0.910576 0)
(0.379918 0.886153 0)
(0.326152 1.00455 -3.48149e-19)
(0.317846 1.78725 -7.55544e-21)
(0.315659 2.90048 -1.11929e-19)
(0.333579 3.29594 1.65713e-19)
(0.305087 3.40806 2.89854e-20)
(0.23562 3.43815 1.71216e-19)
(0.20807 3.44677 -8.7079e-20)
(0.425426 0.458759 4.78096e-19)
(0.922036 0.955881 1.49446e-18)
(1.07179 1.15027 5.43412e-19)
(1.08232 1.16649 0)
(1.03426 1.15463 0)
(0.983938 1.12448 6.82123e-19)
(0.922529 1.09797 -4.2783e-19)
(0.854582 1.0674 -4.02202e-19)
(0.774604 1.03676 -1.64478e-20)
(0.679517 1.00518 -1.18958e-20)
(0.571826 0.973882 -2.23959e-19)
(0.4684 0.94602 0)
(0.390488 0.959504 0)
(0.373062 1.31955 -1.89717e-19)
(0.383647 2.36666 -2.44305e-19)
(0.428197 3.19208 0)
(0.458227 3.39758 1.46249e-19)
(0.387464 3.46931 2.39251e-19)
(0.306612 3.51315 -5.5546e-19)
(0.278409 3.53953 3.16938e-19)
(0.421223 0.466208 -9.06565e-19)
(0.913325 0.972094 -7.1082e-19)
(1.06062 1.16984 0)
(1.07135 1.18687 0)
(1.0238 1.17495 0)
(0.973887 1.14474 0)
(0.913058 1.11846 4.57383e-19)
(0.845815 1.08848 -5.13223e-19)
(0.766624 1.05933 0)
(0.672706 1.03033 1.69245e-20)
(0.567611 1.00394 3.60539e-19)
(0.45976 0.985845 2.0255e-20)
(0.399779 1.06446 3.62952e-20)
(0.419549 1.65298 2.73742e-19)
(0.464722 2.83474 -5.57009e-20)
(0.502123 3.33298 0)
(0.484195 3.4753 -1.00039e-19)
(0.388165 3.5658 1.1058e-19)
(0.290153 3.64669 3.884e-19)
(0.210642 3.6316 -3.44693e-19)
(0.416477 0.473937 4.29536e-19)
(0.903904 0.989565 -6.97785e-19)
(1.04851 1.19039 0)
(1.05934 1.20785 -1.7401e-19)
(1.01224 1.19567 6.61931e-19)
(0.962998 1.1655 0)
(0.902993 1.13934 0)
(0.836756 1.11002 9.58357e-19)
(0.758766 1.08206 1.82313e-20)
(0.665563 1.05535 -1.2945e-19)
(0.559711 1.03315 -1.46234e-19)
(0.46732 1.02673 1.28679e-19)
(0.439261 1.2074 0)
(0.486011 2.05343 -1.2475e-19)
(0.537588 3.1056 1.10017e-19)
(0.5972 3.44266 -6.41732e-20)
(0.593808 3.56053 0)
(0.510803 3.67984 -2.29344e-19)
(0.429449 3.72969 -8.39623e-19)
(0.341095 3.70227 -2.10485e-19)
(0.410652 0.481431 -8.31948e-19)
(0.892979 1.00708 9.929e-19)
(1.03507 1.21175 7.37411e-19)
(1.04653 1.2299 -1.91298e-19)
(1.00016 1.21737 -1.00978e-18)
(0.951572 1.18686 0)
(0.892619 1.16064 3.93308e-19)
(0.827573 1.1316 -3.91023e-19)
(0.750976 1.10493 -4.03962e-20)
(0.660209 1.08083 1.10609e-19)
(0.556198 1.06517 2.03758e-21)
(0.473787 1.08394 -1.4272e-19)
(0.477728 1.39055 1.26391e-19)
(0.564762 2.41223 -2.65057e-20)
(0.643109 3.28648 1.58177e-19)
(0.704545 3.51781 -4.16703e-19)
(0.661325 3.59861 0)
(0.58569 3.624 0)
(0.469636 3.6013 -9.58335e-19)
(0.205456 3.4081 1.91382e-18)
(0.404032 0.489065 3.94396e-19)
(0.881031 1.02592 9.56084e-19)
(1.02054 1.23402 -7.26019e-19)
(1.03255 1.25238 7.14183e-19)
(0.986732 1.23924 9.97217e-19)
(0.939222 1.20849 0)
(0.88154 1.18208 -4.28139e-19)
(0.818066 1.15341 -5.40625e-19)
(0.743412 1.12779 0)
(0.654664 1.10578 0)
(0.556607 1.09318 0)
(0.489167 1.13976 0)
(0.535946 1.6021 -1.28349e-19)
(0.640371 2.69633 7.80178e-20)
(0.726655 3.40166 0)
(0.778201 3.5469 2.53126e-19)
(0.771844 3.56664 0)
(0.83275 3.43704 4.05893e-19)
(0.927207 3.09102 -2.8602e-18)
(0.485413 2.75955 2.76854e-18)
(0.396013 0.496174 -7.68603e-19)
(0.867026 1.04449 -6.06165e-19)
(1.00436 1.25715 -4.66246e-19)
(1.01764 1.27613 -6.67981e-19)
(0.972664 1.26228 -4.7325e-19)
(0.926286 1.23086 0)
(0.870138 1.20406 -9.60621e-20)
(0.808359 1.17549 4.07201e-20)
(0.735943 1.15077 2.97855e-19)
(0.650298 1.13109 0)
(0.556421 1.12677 -3.51817e-23)
(0.510574 1.22122 3.99294e-23)
(0.594588 1.78569 0)
(0.738402 2.95308 -7.28336e-20)
(0.837499 3.4666 0)
(0.882718 3.53941 -4.21791e-19)
(0.884197 3.47706 1.08656e-18)
(0.876192 3.1271 -3.9933e-19)
(0.619715 2.18083 6.11387e-19)
(-0.368038 0.610165 -1.5226e-18)
(0.386765 0.503353 -1.22323e-20)
(0.851465 1.06444 -2.97589e-19)
(0.986733 1.28137 6.48545e-19)
(1.00097 1.30043 -1.79892e-20)
(0.956541 1.28575 -1.2492e-19)
(0.911875 1.25386 0)
(0.857726 1.22678 4.33118e-19)
(0.798247 1.19815 4.48654e-19)
(0.728549 1.17451 -5.74199e-19)
(0.646178 1.15723 3.31314e-19)
(0.559116 1.15992 1.49151e-19)
(0.540916 1.29862 0)
(0.669801 2.02901 -1.12231e-19)
(0.815808 3.13011 1.22074e-19)
(0.906363 3.46048 2.58899e-19)
(0.922454 3.48035 0)
(0.861495 3.30884 -5.3865e-19)
(0.676518 2.59053 6.65906e-19)
(0.19944 0.918115 -7.9045e-19)
(-0.284474 -0.470959 -7.15996e-19)
(0.375424 0.509461 6.94504e-19)
(0.832755 1.08302 -2.85417e-19)
(0.96719 1.3063 4.30823e-19)
(0.9831 1.32625 3.40619e-19)
(0.939556 1.3107 2.41147e-19)
(0.896823 1.27794 6.36685e-19)
(0.844512 1.25022 -8.31415e-19)
(0.787423 1.22184 -5.42195e-19)
(0.721044 1.19897 6.12058e-19)
(0.642169 1.18495 7.4423e-20)
(0.568812 1.19655 4.92766e-20)
(0.576656 1.40063 1.04715e-19)
(0.749237 2.2531 -1.51551e-19)
(0.907719 3.23908 2.46131e-19)
(0.986973 3.44203 -3.84132e-19)
(0.976557 3.40508 3.91384e-19)
(0.838606 3.03646 -9.7707e-19)
(0.563561 1.94362 6.04225e-19)
(0.0939758 0.157452 0)
(-0.101968 -0.216007 -1.12676e-18)
(0.362415 0.515098 0)
(0.812248 1.10289 -1.07073e-18)
(0.94586 1.33243 2.31894e-20)
(0.962581 1.35229 -5.97679e-19)
(0.919843 1.33579 0)
(0.879789 1.30231 -4.54602e-19)
(0.830426 1.27439 7.05022e-19)
(0.776304 1.24579 5.07204e-19)
(0.714028 1.22366 -6.33151e-19)
(0.640239 1.21219 -3.24588e-19)
(0.576339 1.23518 -1.90581e-19)
(0.622003 1.50819 3.93763e-20)
(0.816997 2.49821 1.61535e-19)
(0.969385 3.29553 1.86057e-19)
(1.02693 3.39659 -4.11463e-19)
(0.964236 3.25773 6.35124e-19)
(0.740856 2.63121 4.59163e-19)
(0.274856 0.963049 -5.42427e-19)
(-0.116594 -0.244164 0)
(-0.167512 -0.249121 0)
(0.347033 0.518996 -6.3897e-19)
(0.788266 1.11997 1.03691e-18)
(0.922216 1.35801 0)
(0.940528 1.37954 0)
(0.899213 1.36204 0)
(0.8623 1.32743 0)
(0.815187 1.29852 -2.9972e-19)
(0.764824 1.26965 -1.41643e-20)
(0.707266 1.24822 -7.68432e-20)
(0.640068 1.23979 -4.22081e-20)
(0.584544 1.27973 3.70821e-19)
(0.671355 1.61765 -1.42142e-19)
(0.907008 2.65626 0)
(1.05511 3.31651 5.06023e-20)
(1.09225 3.36341 6.89892e-19)
(0.980269 3.1061 -2.66521e-19)
(0.626856 2.14646 4.46102e-19)
(0.0963895 0.201069 2.63758e-19)
(-0.176305 -0.278739 -1.19879e-18)
(-0.104814 -0.19256 -1.43841e-18)
(0.329983 0.521963 3.12161e-19)
(0.762671 1.13919 4.82027e-19)
(0.895635 1.38442 -1.00582e-20)
(0.914453 1.40645 2.8572e-19)
(0.875054 1.3878 0)
(0.842081 1.35225 7.22067e-19)
(0.798282 1.32259 -1.99115e-19)
(0.75192 1.29389 7.25699e-20)
(0.699267 1.27319 -2.84227e-20)
(0.637853 1.26947 -4.66757e-20)
(0.596639 1.32777 -2.37291e-19)
(0.713627 1.73928 1.70792e-19)
(0.981394 2.83378 2.11056e-19)
(1.10222 3.32351 1.64199e-19)
(1.11199 3.29756 -4.3046e-19)
(0.909159 2.83657 9.54758e-19)
(0.458758 1.52734 -5.6573e-19)
(-0.0690665 -0.13177 7.16093e-19)
(-0.222206 -0.271645 -2.11123e-18)
(-0.0966445 -0.190423 1.50628e-18)
(0.310156 0.521694 -2.91995e-19)
(0.732231 1.15262 0)
(0.865799 1.40832 -3.58293e-19)
(0.886658 1.43354 -5.41737e-19)
(0.850046 1.41401 0)
(0.821151 1.37707 -5.49298e-19)
(0.780534 1.34646 0)
(0.738882 1.31739 -4.14423e-19)
(0.693193 1.29701 2.29906e-19)
(0.639586 1.29449 -4.55923e-19)
(0.617121 1.36969 3.35276e-19)
(0.770142 1.82591 -5.59499e-20)
(1.06693 2.9256 -5.67143e-19)
(1.18065 3.31606 3.29243e-19)
(1.16295 3.24594 -4.26457e-19)
(0.898128 2.64125 -2.95222e-19)
(0.36142 1.01716 7.18411e-19)
(-0.1335 -0.21707 -8.49193e-19)
(-0.229769 -0.306741 2.72842e-21)
(-0.10394 -0.192591 -1.56706e-19)
(0.288582 0.519513 5.64127e-19)
(0.69963 1.16879 -4.41963e-19)
(0.831616 1.4327 3.60379e-19)
(0.853497 1.45919 2.56659e-19)
(0.820824 1.43879 2.38023e-20)
(0.796847 1.40074 2.89678e-19)
(0.759847 1.36825 0)
(0.725859 1.33891 -2.79033e-20)
(0.687579 1.31748 0)
(0.644955 1.3135 4.26193e-19)
(0.631251 1.41724 -3.06672e-19)
(0.824314 1.93933 2.75774e-20)
(1.13473 2.98276 4.95594e-19)
(1.23675 3.28829 3.88344e-19)
(1.16929 3.17405 -1.77924e-19)
(0.759027 2.35229 2.41532e-19)
(0.054918 0.450622 -1.08487e-18)
(-0.276076 -0.186489 -6.09852e-19)
(-0.290534 -0.345598 -2.88708e-19)
(-0.138238 -0.224577 1.21864e-18)
(0.263654 0.51208 4.25344e-21)
(0.660027 1.1754 2.19383e-19)
(0.792885 1.4525 0)
(0.818538 1.4834 4.76252e-19)
(0.790904 1.46311 -7.22295e-19)
(0.770096 1.42218 2.7919e-19)
(0.738485 1.38848 -2.01153e-19)
(0.710647 1.35901 3.55844e-19)
(0.674978 1.3379 -3.48385e-19)
(0.640971 1.33893 5.49804e-20)
(0.61828 1.47679 -3.52826e-19)
(0.862946 2.0062 -4.14251e-19)
(1.22231 3.01786 5.86915e-20)
(1.32659 3.27911 -6.39914e-19)
(1.22342 3.12939 -5.74958e-19)
(0.739773 2.21546 1.04445e-18)
(-0.0731114 0.361386 -9.56836e-19)
(-0.500743 -0.300542 4.90064e-19)
(-0.489617 -0.567987 -4.53513e-20)
(-0.297742 -0.499141 -1.39636e-18)
(0.237583 0.502555 1.01627e-18)
(0.617964 1.18488 -2.11503e-19)
(0.748872 1.47177 -6.1101e-19)
(0.777564 1.50438 4.95682e-19)
(0.754538 1.48374 -3.25248e-19)
(0.738692 1.44094 5.22558e-19)
(0.714564 1.40726 3.49555e-19)
(0.693483 1.37825 0)
(0.664072 1.3608 4.04049e-19)
(0.631395 1.37096 -6.13496e-20)
(0.610957 1.52232 1.01755e-19)
(0.893495 2.01618 4.16532e-19)
(1.29154 2.98746 9.67822e-20)
(1.42337 3.21078 5.82665e-20)
(1.33417 3.03687 -1.01534e-18)
(0.868923 2.09625 -6.40677e-19)
(0.0439639 0.381781 1.44652e-18)
(-0.583441 -0.510217 6.40484e-19)
(-0.655668 -0.982447 1.61326e-19)
(-0.492926 -0.918199 1.75384e-18)
(0.208223 0.485633 0)
(0.568227 1.1802 1.95416e-19)
(0.699381 1.48369 -2.78761e-19)
(0.73294 1.52205 4.6989e-19)
(0.715834 1.50135 -6.46063e-19)
(0.705589 1.45605 2.59935e-19)
(0.689776 1.4205 0)
(0.677973 1.3924 0)
(0.666421 1.37679 0)
(0.641891 1.39777 1.07309e-19)
(0.612961 1.52385 -9.61153e-20)
(0.907662 1.98849 6.23582e-20)
(1.36291 2.94013 2.82315e-19)
(1.54126 3.14007 4.0375e-19)
(1.57008 2.96726 -7.03122e-19)
(1.23979 2.20271 1.05968e-18)
(0.531072 0.767065 2.89032e-20)
(-0.208658 -0.375042 -1.75633e-18)
(-0.621699 -1.18835 1.48048e-19)
(-0.567154 -1.21185 0)
(0.178822 0.46705 9.05055e-19)
(0.515282 1.17782 -1.8275e-19)
(0.642282 1.49176 9.7063e-22)
(0.680034 1.53293 0)
(0.669441 1.51152 -3.00201e-19)
(0.666739 1.4647 1.50104e-20)
(0.662292 1.42506 0)
(0.662347 1.39673 1.08787e-19)
(0.669529 1.37958 -8.21043e-20)
(0.678775 1.41418 0)
(0.648014 1.51363 0)
(0.868084 1.93517 -1.66499e-19)
(1.40002 2.86252 -2.41569e-19)
(1.62531 3.03078 1.22017e-19)
(1.6898 2.81701 -8.54961e-20)
(1.4827 2.23893 3.32406e-19)
(0.96618 1.13548 0)
(0.261439 -0.0656881 -6.37482e-19)
(-0.237826 -0.967018 -7.86237e-19)
(-0.464016 -1.26417 1.80711e-18)
(0.147023 0.440234 7.3867e-19)
(0.454769 1.15688 -1.69924e-19)
(0.578994 1.4891 2.46826e-19)
(0.621591 1.5373 -6.11234e-19)
(0.618707 1.51589 0)
(0.623548 1.465 0)
(0.631232 1.42106 0)
(0.645344 1.38873 1.04781e-19)
(0.671219 1.36969 -7.7706e-20)
(0.736018 1.39163 0)
(0.787018 1.48485 0)
(0.851821 1.83423 1.92705e-19)
(1.32643 2.67921 -3.66348e-20)
(1.58529 2.83879 1.62461e-19)
(1.61731 2.65932 -1.06511e-21)
(1.45151 2.22913 0)
(1.11138 1.41666 7.71915e-20)
(0.501887 0.335258 -7.7129e-20)
(0.0186461 -0.577355 -4.96873e-19)
(-0.218926 -0.858317 5.01548e-19)
(0.118509 0.41533 -6.75676e-19)
(0.391399 1.14056 1.77815e-19)
(0.50581 1.47953 5.02955e-19)
(0.552821 1.53043 3.56647e-19)
(0.557569 1.5091 -2.86222e-19)
(0.57187 1.4541 -1.9901e-19)
(0.591694 1.40588 1.44824e-19)
(0.625589 1.36143 0)
(0.677791 1.31885 0)
(0.803594 1.31956 0)
(0.90735 1.45504 -1.5645e-19)
(0.911582 1.79849 -1.44365e-19)
(1.18325 2.49123 6.6708e-21)
(1.41131 2.72924 -1.80841e-20)
(1.4156 2.62755 -8.23934e-20)
(1.32646 2.30475 0)
(1.07245 1.69664 -2.33591e-19)
(0.58206 0.767879 1.44015e-18)
(0.195787 -0.0227323 -3.37398e-18)
(-0.0585899 -0.370993 1.92772e-18)
(0.0894092 0.379533 7.05268e-19)
(0.325205 1.10449 -5.79708e-19)
(0.428323 1.45775 0)
(0.477945 1.51407 1.70114e-19)
(0.488371 1.49245 1.23159e-19)
(0.512423 1.43089 2.77218e-19)
(0.542989 1.37198 -1.35394e-19)
(0.597999 1.30021 0)
(0.673899 1.21709 0)
(0.841629 1.23295 -3.24205e-19)
(0.938272 1.45027 -1.71241e-20)
(0.962429 1.84538 1.36399e-19)
(1.01396 2.43914 6.07366e-20)
(1.17466 2.7386 -2.18989e-19)
(1.15394 2.67708 6.1983e-19)
(1.10564 2.39988 -1.09225e-18)
(0.895481 1.96975 8.92414e-19)
(0.562864 1.22238 0)
(0.282315 0.502728 6.92624e-20)
(0.0603599 0.106232 -2.53427e-18)
(0.0642814 0.346861 7.14114e-19)
(0.259201 1.07537 0)
(0.34325 1.42702 0)
(0.391652 1.48413 0)
(0.406432 1.46104 1.03336e-19)
(0.440405 1.39419 -2.61501e-19)
(0.475306 1.31809 -1.23105e-19)
(0.543727 1.21562 0)
(0.624389 1.11714 0)
(0.801807 1.14922 1.96835e-19)
(0.910078 1.45437 6.60969e-20)
(0.986393 1.97741 -6.61603e-20)
(0.882266 2.48896 -4.85352e-20)
(0.984943 2.76263 -1.68829e-19)
(0.930776 2.73308 2.77695e-19)
(0.851666 2.61429 -5.24772e-19)
(0.6719 2.3198 5.3979e-19)
(0.465396 1.5045 0)
(0.286359 0.927814 -6.46703e-20)
(0.106822 0.467616 -1.23591e-18)
(0.0411136 0.300307 -6.67155e-19)
(0.195645 1.03266 2.30172e-19)
(0.25839 1.3911 3.47014e-19)
(0.30353 1.44923 -1.9077e-20)
(0.318243 1.42298 -2.11582e-19)
(0.350474 1.34914 -1.47371e-19)
(0.381391 1.2587 3.45722e-19)
(0.439369 1.13681 -1.61583e-21)
(0.490124 1.03318 0)
(0.63997 1.06884 4.81823e-20)
(0.721994 1.46982 -6.24593e-20)
(0.881336 2.15075 1.50312e-19)
(0.69805 2.62846 0)
(0.711748 2.939 4.44068e-20)
(0.591905 3.04247 0)
(0.511761 2.91865 1.04877e-19)
(0.431123 2.40198 6.05919e-20)
(0.334471 1.64939 0)
(0.231592 1.23293 0)
(0.0975218 0.674714 -9.76983e-19)
(0.0220787 0.241087 5.32124e-19)
(0.141971 0.996597 -1.99462e-19)
(0.180524 1.35428 1.51268e-19)
(0.211885 1.41314 -2.37025e-19)
(0.21998 1.38558 9.26684e-20)
(0.241202 1.31225 -3.21023e-20)
(0.254716 1.2203 2.67374e-20)
(0.27259 1.10129 -3.56158e-20)
(0.253493 1.00634 -3.2887e-20)
(0.310907 1.06603 -8.82692e-20)
(0.233308 1.57844 -8.1602e-21)
(0.4124 2.43905 0)
(0.183062 2.96112 -1.59655e-20)
(0.213392 3.21794 0)
(0.16818 3.21232 0)
(0.213906 2.89832 0)
(0.226593 2.26377 3.71376e-19)
(0.200423 1.75934 -9.97099e-19)
(0.144638 1.41408 2.56565e-21)
(0.0599643 0.746088 7.02994e-19)
(-0.00282271 0.12873 8.97206e-20)
(0.0920823 0.921299 8.26837e-20)
(0.109273 1.31981 -6.74453e-20)
(0.12748 1.39147 -4.87954e-20)
(0.12416 1.36889 3.94835e-20)
(0.126716 1.30745 3.00254e-20)
(0.111856 1.23022 2.28478e-20)
(0.0823904 1.1369 0)
(0.00134577 1.06403 -1.56732e-20)
(-0.0797949 1.157 -1.40659e-20)
(-0.246573 1.66152 8.56499e-20)
(-0.142878 2.59124 0)
(-0.26308 3.03219 9.16255e-21)
(-0.144206 3.18687 6.8746e-21)
(-0.0847324 2.98839 0)
(0.0616468 2.64026 0)
(0.0941739 2.13085 -1.98055e-20)
(0.0871673 1.82846 0)
(0.0621604 1.49789 -1.54684e-20)
(0.0185479 0.760243 0)
(-0.0142961 0.060632 0)
(0.0386975 0.840897 0)
(0.0436684 1.29256 0)
(0.051697 1.39061 0)
(0.0406779 1.37999 -9.31121e-34)
(0.0270202 1.33576 7.2676e-34)
(-0.0071257 1.28006 0)
(-0.0670954 1.21545 0)
(-0.178392 1.16539 0)
(-0.329466 1.25648 0)
(-0.509231 1.71927 0)
(-0.419606 2.55363 0)
(-0.440924 2.88322 0)
(-0.244895 2.96727 0)
(-0.13892 2.68144 0)
(0.00877852 2.38878 0)
(0.0411326 2.06932 0)
(0.0335034 1.87078 0)
(0.0164324 1.55647 0)
(-0.00588796 0.796348 0)
(-0.012208 0.0440656 0)
(0.00669734 0.779879 0)
(0.00131426 1.2866 0)
(-0.000987638 1.41491 0)
(-0.0227044 1.41525 0)
(-0.0465027 1.38755 0)
(-0.0907434 1.35277 0)
(-0.162681 1.31365 0)
(-0.27943 1.28885 0)
(-0.446197 1.37245 0)
(-0.604905 1.78438 0)
(-0.515165 2.48388 0)
(-0.454898 2.72642 0)
(-0.228885 2.73268 0)
(-0.113852 2.46476 0)
(-0.00387368 2.24808 0)
(0.0167075 2.04861 0)
(0.00479247 1.90005 0)
(2.27531e-05 1.5999 0)
(-0.00805658 0.790676 0)
(-0.0124716 0.0792169 0)
(-0.0129268 0.790169 0)
(-0.0234948 1.30917 0)
(-0.0329092 1.45187 0)
(-0.059809 1.46456 0)
(-0.089248 1.45017 0)
(-0.136323 1.43344 0)
(-0.208799 1.417 0)
(-0.31758 1.41624 0)
(-0.469362 1.49232 0)
(-0.610768 1.82255 0)
(-0.506936 2.38431 0)
(-0.385985 2.55134 0)
(-0.186544 2.5094 0)
(-0.0829766 2.31159 0)
(-0.0161702 2.16847 0)
(-0.00327935 2.04949 0)
(-0.0102759 1.93199 0)
(-0.0115044 1.60392 0)
(-0.00763109 0.772003 0)
(-0.0119006 0.138073 0)
(-0.0222285 0.823874 0)
(-0.0350593 1.33722 0)
(-0.0482892 1.49136 0)
(-0.077161 1.51544 0)
(-0.107951 1.51209 0)
(-0.152896 1.50938 0)
(-0.218155 1.51134 0)
(-0.31099 1.52913 0)
(-0.428736 1.60174 0)
(-0.566479 1.8372 0)
(-0.446005 2.26111 0)
(-0.306058 2.37526 0)
(-0.15022 2.33101 0)
(-0.0692136 2.20789 0)
(-0.0295118 2.12281 0)
(-0.0172911 2.05135 0)
(-0.0223034 1.93862 0)
(-0.0149014 1.59346 0)
(-0.00954859 0.730788 0)
(-0.00928284 0.199284 0)
(-0.0255272 0.873665 0)
(-0.0395219 1.36947 0)
(-0.0522078 1.53059 0)
(-0.0790254 1.56284 0)
(-0.108597 1.5679 0)
(-0.148941 1.57389 0)
(-0.203459 1.58678 0)
(-0.276776 1.61536 0)
(-0.360268 1.68655 0)
(-0.450436 1.85138 0)
(-0.369838 2.14107 0)
(-0.239091 2.22785 0)
(-0.127933 2.20117 0)
(-0.0676451 2.13526 0)
(-0.0405577 2.08873 0)
(-0.028021 2.04316 0)
(-0.0273578 1.93193 0)
(-0.0186553 1.5659 0)
(-0.00920869 0.674601 0)
(-0.0063198 0.258417 0)
(-0.0248745 0.930132 0)
(-0.0395226 1.40646 0)
(-0.0506152 1.57005 0)
(-0.0733707 1.60687 0)
(-0.0990931 1.61636 0)
(-0.133908 1.62667 0)
(-0.177796 1.64491 0)
(-0.232845 1.67654 0)
(-0.290184 1.74125 0)
(-0.344041 1.86007 0)
(-0.294001 2.05032 0)
(-0.190873 2.1173 0)
(-0.114729 2.10917 0)
(-0.0699801 2.07939 0)
(-0.0484601 2.05576 0)
(-0.035148 2.02379 0)
(-0.0302935 1.91367 0)
(-0.0186894 1.52248 0)
(-0.00650346 0.624982 0)
(-0.0040003 0.309432 0)
(-0.0211344 0.985659 0)
(-0.0359603 1.44414 0)
(-0.0461421 1.60835 0)
(-0.0651743 1.6479 0)
(-0.0862981 1.65906 0)
(-0.11457 1.66999 0)
(-0.148864 1.68936 0)
(-0.189547 1.71993 0)
(-0.228956 1.775 0)
(-0.259706 1.86314 0)
(-0.227963 1.98746 0)
(-0.155757 2.03815 0)
(-0.103603 2.04261 0)
(-0.0698648 2.03324 0)
(-0.0510975 2.02279 0)
(-0.037402 1.99817 0)
(-0.0296835 1.8838 0)
(-0.0163415 1.47779 0)
(-0.00398354 0.584287 0)
(-0.00223622 0.349162 0)
(-0.0163194 1.03471 0)
(-0.0301358 1.47885 0)
(-0.0395888 1.64306 0)
(-0.0560797 1.68443 0)
(-0.0735579 1.6963 0)
(-0.0957354 1.70647 0)
(-0.122014 1.72391 0)
(-0.151577 1.75073 0)
(-0.179198 1.79568 0)
(-0.196156 1.86221 0)
(-0.175074 1.94441 0)
(-0.127293 1.98294 0)
(-0.0910643 1.99377 0)
(-0.0652138 1.99478 0)
(-0.0482616 1.9915 0)
(-0.0349358 1.97082 0)
(-0.0260596 1.85289 0)
(-0.0132571 1.43582 0)
(-0.00223481 0.552626 0)
(-0.00103894 0.377817 0)
(-0.0118399 1.07579 0)
(-0.0239995 1.50989 0)
(-0.0325136 1.67304 0)
(-0.0469016 1.71531 0)
(-0.0616051 1.72751 0)
(-0.0790636 1.73674 0)
(-0.0993466 1.75148 0)
(-0.120504 1.77367 0)
(-0.140051 1.80917 0)
(-0.149125 1.85965 0)
(-0.134286 1.9155 0)
(-0.103027 1.94488 0)
(-0.0772322 1.95756 0)
(-0.057225 1.96297 0)
(-0.0421472 1.96313 0)
(-0.0299454 1.94422 0)
(-0.0212563 1.82365 0)
(-0.0100737 1.39897 0)
(-0.00113125 0.52925 0)
(-0.00041187 0.397315 0)
(-0.0083158 1.10934 0)
(-0.0188685 1.53784 0)
(-0.0263523 1.699 0)
(-0.0383865 1.74111 0)
(-0.0506574 1.75293 0)
(-0.0647753 1.76095 0)
(-0.0807389 1.77359 0)
(-0.0959634 1.79168 0)
(-0.109849 1.81937 0)
(-0.114529 1.85748 0)
(-0.103469 1.89644 0)
(-0.0825473 1.91888 0)
(-0.0636472 1.93096 0)
(-0.0480169 1.93749 0)
(-0.035209 1.93889 0)
(-0.0247029 1.92051 0)
(-0.0169243 1.79793 0)
(-0.00748522 1.36832 0)
(-0.000609931 0.512528 0)
(-0.000283679 0.410799 0)
(-0.00620061 1.13674 0)
(-0.0154475 1.56232 0)
(-0.0220879 1.72083 0)
(-0.0315191 1.76195 0)
(-0.0412362 1.77251 0)
(-0.0525399 1.77899 0)
(-0.0651506 1.78994 0)
(-0.0764745 1.80482 0)
(-0.0864945 1.82669 0)
(-0.0888088 1.85555 0)
(-0.0803013 1.88353 0)
(-0.0656942 1.90073 0)
(-0.0514961 1.91122 0)
(-0.0392439 1.91733 0)
(-0.0288795 1.91881 0)
(-0.0202622 1.90042 0)
(-0.0135892 1.7763 0)
(-0.00571611 1.34353 0)
(-0.000445268 0.500258 0)
(-0.000364298 0.421394 0)
(-0.00522917 1.15968 0)
(-0.0133997 1.58299 0)
(-0.0194839 1.73816 0)
(-0.0265206 1.77782 0)
(-0.0339432 1.78679 0)
(-0.0424954 1.79184 0)
(-0.0521697 1.80095 0)
(-0.0607734 1.81323 0)
(-0.0681722 1.83098 0)
(-0.0693382 1.85329 0)
(-0.0626864 1.87407 0)
(-0.0520639 1.88742 0)
(-0.0413082 1.89617 0)
(-0.0317525 1.90139 0)
(-0.0235329 1.90255 0)
(-0.0166341 1.88399 0)
(-0.011003 1.75862 0)
(-0.00451682 1.32362 0)
(-0.000381397 0.490723 0)
(-0.0003435 0.430574 0)
(-0.00448206 1.17938 0)
(-0.0116394 1.60087 0)
(-0.0173068 1.75219 0)
(-0.0224137 1.79012 0)
(-0.0283343 1.79774 0)
(-0.0345127 1.80187 0)
(-0.0417619 1.80906 0)
(-0.0481363 1.81898 0)
(-0.0535605 1.83337 0)
(-0.0541905 1.85088 0)
(-0.0490647 1.86669 0)
(-0.0411756 1.87713 0)
(-0.0330058 1.88422 0)
(-0.0255612 1.88856 0)
(-0.0189769 1.8893 0)
(-0.013486 1.87052 0)
(-0.00877282 1.74414 0)
(-0.00353813 1.30766 0)
(-0.000298365 0.483141 0)
(-0.000211506 0.4382 0)
(-0.00349383 1.19622 0)
(-0.00960874 1.6169 0)
(-0.0149039 1.76408 0)
(-0.0185089 1.79984 0)
(-0.0235926 1.80644 0)
(-0.027985 1.81014 0)
(-0.0336077 1.81581 0)
(-0.0381925 1.8238 0)
(-0.0420935 1.83522 0)
(-0.042356 1.84885 0)
(-0.0384372 1.86093 0)
(-0.0325258 1.86907 0)
(-0.0262555 1.87475 0)
(-0.0204398 1.87831 0)
(-0.0150626 1.87863 0)
(-0.0107293 1.85953 0)
(-0.00681995 1.7324 0)
(-0.00268405 1.29505 0)
(-0.000207155 0.477274 0)
(-0.000104301 0.443869 0)
(-0.00247845 1.20989 0)
(-0.00752649 1.63126 0)
(-0.0124184 1.77442 0)
(-0.0148704 1.80764 0)
(-0.0193835 1.81339 0)
(-0.022446 1.81673 0)
(-0.0271303 1.82135 0)
(-0.0304609 1.8279 0)
(-0.0333272 1.83696 0)
(-0.0332815 1.84748 0)
(-0.0302233 1.85663 0)
(-0.025677 1.86293 0)
(-0.0207729 1.86739 0)
(-0.016238 1.87021 0)
(-0.0118467 1.87009 0)
(-0.00846109 1.85062 0)
(-0.0052483 1.72294 0)
(-0.00201277 1.28524 0)
(-0.000145833 0.472862 0)
(-7.55764e-05 0.447868 0)
(-0.00174625 1.2205 0)
(-0.00580016 1.64354 0)
(-0.0101986 1.78306 0)
(-0.0118178 1.81361 0)
(-0.0157784 1.81867 0)
(-0.0178117 1.82153 0)
(-0.0218319 1.82537 0)
(-0.024287 1.83082 0)
(-0.0265245 1.83816 0)
(-0.0262734 1.84639 0)
(-0.023844 1.85339 0)
(-0.020272 1.85828 0)
(-0.0163826 1.86174 0)
(-0.0128404 1.86389 0)
(-0.00927885 1.86336 0)
(-0.00663873 1.84354 0)
(-0.00403704 1.71548 0)
(-0.00152097 1.27772 0)
(-0.000110717 0.469565 0)
(-7.39809e-05 0.450744 0)
(-0.00127585 1.22849 0)
(-0.00445047 1.65364 0)
(-0.00825935 1.79017 0)
(-0.00938155 1.81828 0)
(-0.0128008 1.82283 0)
(-0.0141272 1.82515 0)
(-0.0175405 1.82837 0)
(-0.0193304 1.83282 0)
(-0.0211192 1.8388 0)
(-0.0207589 1.84533 0)
(-0.0188068 1.85078 0)
(-0.0159658 1.85458 0)
(-0.0128699 1.85725 0)
(-0.0101067 1.85885 0)
(-0.00725825 1.858 0)
(-0.00520094 1.8379 0)
(-0.00313002 1.70958 0)
(-0.00116622 1.27192 0)
(-8.81388e-05 0.467045 0)
(-5.99107e-05 0.452908 0)
(-0.000935892 1.23448 0)
(-0.00337704 1.6618 0)
(-0.00653168 1.796 0)
(-0.00739244 1.82204 0)
(-0.0102702 1.82621 0)
(-0.0111944 1.82807 0)
(-0.0140302 1.83081 0)
(-0.0153164 1.83437 0)
(-0.016739 1.83923 0)
(-0.0163207 1.84442 0)
(-0.01475 1.84868 0)
(-0.0125025 1.85166 0)
(-0.0100593 1.85372 0)
(-0.0079024 1.8549 0)
(-0.00565298 1.8538 0)
(-0.00404824 1.83352 0)
(-0.00243119 1.705 0)
(-0.000895902 1.26744 0)
(-6.72412e-05 0.465111 0)
(-4.39587e-05 0.454515 0)
(-0.000674685 1.23898 0)
(-0.00253128 1.66829 0)
(-0.00505781 1.80078 0)
(-0.00581783 1.82522 0)
(-0.00818012 1.82906 0)
(-0.0089317 1.83052 0)
(-0.0112512 1.83285 0)
(-0.0122139 1.83567 0)
(-0.0133254 1.83956 0)
(-0.0128753 1.84362 0)
(-0.0116085 1.84697 0)
(-0.00981395 1.84928 0)
(-0.00786029 1.85088 0)
(-0.00615169 1.85174 0)
(-0.00438803 1.85048 0)
(-0.00312568 1.83007 0)
(-0.00187604 1.70138 0)
(-0.000677012 1.26396 0)
(-4.67834e-05 0.463631 0)
(-2.90291e-05 0.455671 0)
(-0.000475707 1.24225 0)
(-0.00185869 1.67329 0)
(-0.00379764 1.80462 0)
(-0.00449835 1.82785 0)
(-0.00635962 1.83133 0)
(-0.0070204 1.83249 0)
(-0.00886334 1.83445 0)
(-0.00961754 1.83666 0)
(-0.0104684 1.83979 0)
(-0.0100437 1.84298 0)
(-0.00901939 1.84561 0)
(-0.0075874 1.84742 0)
(-0.0060532 1.84867 0)
(-0.00472071 1.8493 0)
(-0.00336626 1.8479 0)
(-0.00238565 1.82741 0)
(-0.00143927 1.6986 0)
(-0.000507582 1.26131 0)
(-3.23331e-05 0.462527 0)
(-2.09377e-05 0.456509 0)
(-0.000344116 1.2447 0)
(-0.00139467 1.67707 0)
(-0.00286532 1.80762 0)
(-0.00353407 1.83003 0)
(-0.00498605 1.83318 0)
(-0.00561636 1.8341 0)
(-0.00706004 1.83571 0)
(-0.0076866 1.83746 0)
(-0.00834218 1.83997 0)
(-0.00797286 1.84247 0)
(-0.00713963 1.84454 0)
(-0.00598922 1.84597 0)
(-0.0047752 1.84694 0)
(-0.00371157 1.8474 0)
(-0.00265059 1.84591 0)
(-0.00186453 1.82538 0)
(-0.00113085 1.69643 0)
(-0.000389657 1.25924 0)
(-2.51433e-05 0.461682 0)
(-1.58209e-05 0.457104 0)
(-0.000247951 1.24647 0)
(-0.00101366 1.67997 0)
(-0.00207833 1.81004 0)
(-0.00266495 1.83187 0)
(-0.0037426 1.8347 0)
(-0.00430341 1.83542 0)
(-0.00539489 1.8367 0)
(-0.00591842 1.83805 0)
(-0.00641404 1.84004 0)
(-0.00611419 1.84201 0)
(-0.00545752 1.84366 0)
(-0.00455054 1.84478 0)
(-0.00361033 1.84554 0)
(-0.00278991 1.84588 0)
(-0.00199165 1.84431 0)
(-0.00138955 1.82376 0)
(-0.000844555 1.69474 0)
(-0.000286322 1.25766 0)
(-1.69632e-05 0.461059 0)
(-1.13479e-05 0.457564 0)
(-0.000195216 1.24777 0)
(-0.000800996 1.68195 0)
(-0.00160768 1.81173 0)
(-0.00214731 1.83321 0)
(-0.00298547 1.83581 0)
(-0.00352413 1.83641 0)
(-0.00436742 1.83743 0)
(-0.00481204 1.83852 0)
(-0.00518593 1.84011 0)
(-0.00494534 1.84168 0)
(-0.0044202 1.84301 0)
(-0.0036937 1.84391 0)
(-0.00293572 1.84453 0)
(-0.00226213 1.84479 0)
(-0.0016164 1.84317 0)
(-0.00111703 1.82261 0)
(-0.000678233 1.69351 0)
(-0.000223331 1.25648 0)
(-1.07161e-05 0.460579 0)
(-9.29247e-06 0.457904 0)
(-0.00013285 1.24887 0)
(-0.000558007 1.68375 0)
(-0.00111745 1.81335 0)
(-0.00154392 1.83455 0)
(-0.00213604 1.83691 0)
(-0.00256522 1.83738 0)
(-0.00316368 1.83813 0)
(-0.00352951 1.83895 0)
(-0.00380754 1.84017 0)
(-0.003637 1.84138 0)
(-0.00323221 1.84241 0)
(-0.00268741 1.8431 0)
(-0.00213432 1.84357 0)
(-0.00163787 1.84374 0)
(-0.00117093 1.84207 0)
(-0.000802019 1.82149 0)
(-0.000485778 1.69236 0)
(-0.000157049 1.25547 0)
(-7.62629e-06 0.460223 0)
(-8.59948e-06 0.458135 0)
(-0.000115764 1.24942 0)
(-0.00047192 1.6846 0)
(-0.000921333 1.8141 0)
(-0.00130733 1.83519 0)
(-0.00179576 1.83743 0)
(-0.00219966 1.83785 0)
(-0.00269486 1.83847 0)
(-0.0030179 1.83918 0)
(-0.00323987 1.8402 0)
(-0.00310528 1.84122 0)
(-0.00277676 1.8421 0)
(-0.00231735 1.84269 0)
(-0.00184113 1.8431 0)
(-0.0014076 1.84325 0)
(-0.00100859 1.84156 0)
(-0.000689507 1.82097 0)
(-0.000417982 1.69181 0)
(-0.000134458 1.25493 0)
(-7.99177e-06 0.459981 0)
(-8.58445e-06 0.458414 0)
(-8.4254e-05 1.25032 0)
(-0.000319584 1.68598 0)
(-0.000604385 1.81538 0)
(-0.000863948 1.83628 0)
(-0.0011655 1.83835 0)
(-0.00143618 1.83866 0)
(-0.00173746 1.83906 0)
(-0.00195536 1.83954 0)
(-0.00209233 1.84025 0)
(-0.00201179 1.84099 0)
(-0.0017964 1.84161 0)
(-0.00150538 1.84203 0)
(-0.00120772 1.84231 0)
(-0.000932315 1.84238 0)
(-0.00067603 1.84065 0)
(-0.000462977 1.82005 0)
(-0.00028118 1.69085 0)
(-9.25985e-05 1.25409 0)
(-7.28241e-06 0.459694 0)
(-0.294807 1.72784 1.94459e-22)
(0.432234 3.28949 -2.11063e-19)
(0.104529 3.50812 3.1972e-19)
(0.221181 3.46534 0)
(0.190285 3.40754 0)
(0.184122 3.35354 -1.71747e-19)
(0.186443 3.32662 2.33005e-19)
(0.158001 3.2717 -2.45438e-19)
(0.133439 3.15987 5.06824e-21)
(0.129759 2.56852 4.05011e-19)
(-0.0998885 2.43882 6.58118e-23)
(0.15797 3.34415 1.81976e-19)
(0.0207851 3.46031 0)
(0.116491 3.40634 0)
(0.0921808 3.35729 5.0999e-21)
(0.0978982 3.31391 3.93984e-19)
(0.0925927 3.27397 -2.43851e-19)
(0.0655156 3.23326 -4.83373e-21)
(0.0603415 3.0685 4.60905e-21)
(0.00397133 2.07032 0)
(-0.0255941 2.12981 -1.31677e-20)
(0.100673 3.17214 1.50109e-20)
(0.0416544 3.36496 0)
(0.0888028 3.33884 1.74314e-19)
(0.0672386 3.30798 -1.60435e-21)
(0.0676885 3.2831 -2.20269e-19)
(0.0557958 3.26707 -3.16385e-19)
(0.039435 3.24202 -2.68467e-22)
(0.0457594 3.11223 4.80471e-21)
(-0.0155637 2.20408 0)
(-0.0379217 2.05995 5.87894e-20)
(0.0348581 3.14181 0)
(-0.00585067 3.32155 -9.45334e-20)
(0.032172 3.31147 -5.72298e-20)
(0.0242799 3.2886 8.41169e-21)
(0.031109 3.26308 -1.64795e-19)
(0.0345219 3.2439 1.41693e-19)
(0.0265081 3.23119 -5.4908e-21)
(0.0452667 3.12079 7.4672e-21)
(0.00870102 2.24559 1.95175e-19)
(-0.0435658 2.0497 -4.75879e-20)
(0.0210332 3.10252 0)
(-0.000898796 3.27436 2.22757e-19)
(0.0215262 3.26498 -1.29542e-19)
(0.0187006 3.24971 -7.62416e-22)
(0.0227778 3.23699 -8.33379e-21)
(0.0238624 3.23343 -1.52638e-20)
(0.0243486 3.2223 -2.0225e-19)
(0.044976 3.12435 5.51297e-21)
(-0.00316689 2.30942 -4.13272e-19)
(-0.0523813 2.09234 0)
(-0.00575692 3.09267 -1.40819e-19)
(-0.0257801 3.24863 2.36296e-20)
(-0.0097768 3.24934 -1.0096e-20)
(-0.00161738 3.23392 1.04079e-20)
(0.00594472 3.22056 1.75311e-19)
(0.0191894 3.20962 1.86851e-19)
(0.0229411 3.20466 4.02854e-19)
(0.0431764 3.12317 2.27323e-19)
(0.0112801 2.35277 -1.62077e-20)
(-0.0474007 2.15408 0)
(-0.0169342 3.08722 1.45481e-19)
(-0.0168545 3.21626 -1.55454e-19)
(-0.00917034 3.21351 -1.14351e-20)
(0.0018499 3.20272 2.38125e-20)
(0.00971173 3.19532 3.92413e-22)
(0.0169961 3.19587 -1.30521e-20)
(0.0224891 3.18998 -2.13043e-19)
(0.0431463 3.11969 -2.21542e-19)
(0.00361726 2.41848 -1.69322e-20)
(-0.0505237 2.22689 1.83354e-19)
(-0.027293 3.08649 -8.49113e-21)
(-0.0311166 3.19566 5.89344e-21)
(-0.0224865 3.19664 0)
(-0.011952 3.18625 0)
(-0.00080366 3.17855 0)
(0.0148619 3.17065 0)
(0.0214021 3.16907 2.48207e-19)
(0.0411215 3.1127 -2.57361e-19)
(0.0158991 2.46351 2.51057e-19)
(-0.0440102 2.31469 2.578e-20)
(-0.0322747 3.08804 2.07075e-19)
(-0.0197866 3.17016 0)
(-0.0141295 3.16565 -1.38396e-20)
(-0.00369772 3.15761 1.41635e-20)
(0.00591886 3.15273 0)
(0.0143202 3.15491 -7.81381e-21)
(0.0207062 3.15245 -2.40845e-19)
(0.0406899 3.10848 2.58279e-19)
(0.0101491 2.53271 0)
(-0.0453834 2.39895 1.78023e-20)
(-0.0358843 3.0854 -3.20442e-19)
(-0.0300584 3.15014 0)
(-0.0222061 3.14723 0)
(-0.0130922 3.13961 1.56338e-20)
(-0.00204169 3.13428 -1.33519e-19)
(0.0126266 3.12828 -1.65651e-20)
(0.0195278 3.12928 1.43365e-19)
(0.0382113 3.09625 0)
(0.0195647 2.58077 0)
(-0.0382342 2.49644 -3.42666e-19)
(-0.0382323 3.08422 1.15821e-19)
(-0.019641 3.12445 0)
(-0.0127184 3.11625 0)
(-0.00350501 3.10928 0)
(0.00583096 3.10596 2.77862e-19)
(0.0135436 3.10929 0)
(0.0196845 3.11021 -1.5304e-19)
(0.0381431 3.08986 9.5405e-21)
(0.0146469 2.65349 1.63492e-19)
(-0.0388696 2.58486 1.24252e-19)
(-0.0401987 3.07373 -1.22553e-20)
(-0.0300648 3.10113 1.48623e-19)
(-0.0213974 3.0951 1.44878e-19)
(-0.0124824 3.0886 0)
(-0.00110612 3.08462 -1.44112e-19)
(0.013235 3.08056 0)
(0.0214432 3.08459 0)
(0.0383134 3.0725 0)
(0.0225203 2.70655 -1.64251e-19)
(-0.0340038 2.68242 -1.37037e-19)
(-0.0431372 3.06406 1.4174e-19)
(-0.0229465 3.07199 -1.40199e-19)
(-0.0130924 3.06194 -2.22782e-19)
(-0.00276779 3.05668 0)
(0.00770327 3.05494 2.00519e-20)
(0.0163691 3.05941 -1.02215e-20)
(0.0244695 3.06292 7.71221e-20)
(0.0419761 3.06105 9.56677e-20)
(0.0205921 2.78011 -9.8536e-20)
(-0.0353425 2.76865 1.40569e-19)
(-0.0467436 3.04286 -1.36043e-19)
(-0.0330267 3.04556 9.81059e-21)
(-0.0208956 3.04058 5.71676e-20)
(-0.0110201 3.03662 -8.33631e-20)
(4.97739e-05 3.03437 0)
(0.014236 3.03153 8.97758e-20)
(0.0260032 3.03567 4.94855e-21)
(0.0443818 3.03689 -1.86386e-19)
(0.0288767 2.83265 -6.54692e-21)
(-0.0288019 2.85857 -4.16373e-20)
(-0.0438774 3.0237 1.00646e-20)
(-0.0228356 3.01811 -5.23914e-20)
(-0.0110924 3.0145 2.14803e-20)
(-0.00226196 3.01402 1.01834e-19)
(0.00631026 3.0135 -4.34742e-20)
(0.013912 3.0148 -4.26122e-20)
(0.0228421 3.0168 -4.44591e-20)
(0.0419208 3.02124 9.63419e-20)
(0.0245784 2.90005 4.64802e-20)
(-0.017999 2.93682 3.34512e-20)
(-0.0261872 2.99837 1.48299e-20)
(-0.0162387 3.00043 2.88784e-20)
(-0.00938416 3.00166 -5.91495e-20)
(-0.00406641 3.0026 2.00576e-20)
(0.000656608 3.00218 4.05874e-20)
(0.00586601 3.00061 -4.23124e-20)
(0.011093 2.99896 -4.44482e-20)
(0.0218147 2.99766 6.08925e-21)
(0.0166686 2.94925 4.30821e-20)
)
;

boundaryField
{
    wall-4
    {
        type            noSlip;
    }
    pressure-outlet-7
    {
        type            zeroGradient;
    }
    velocity-inlet-6
    {
        type            fixedValue;
        value           uniform (0 3 0);
    }
    velocity-inlet-5
    {
        type            fixedValue;
        value           uniform (1 0 0);
    }
    frontAndBackPlanes
    {
        type            empty;
    }
}


// ************************************************************************* //
