/*--------------------------------*- C++ -*----------------------------------*\
| =========                 |                                                 |
| \\      /  F ield         | OpenFOAM: The Open Source CFD Toolbox           |
|  \\    /   O peration     | Version:  v2012                                 |
|   \\  /    A nd           | Website:  www.openfoam.com                      |
|    \\/     M anipulation  |                                                 |
\*---------------------------------------------------------------------------*/
FoamFile
{
    version     2.0;
    format      ascii;
    class       volVectorField;
    location    "31";
    object      U;
}
// * * * * * * * * * * * * * * * * * * * * * * * * * * * * * * * * * * * * * //

dimensions      [0 1 -1 0 0 0 0];


internalField   nonuniform List<vector> 
2200
(
(0.878853 -0.0304146 0)
(1.0058 -0.0512824 0)
(1.0033 -0.0353992 0)
(1.00025 -0.0244395 0)
(0.999826 -0.0166406 0)
(1 -0.0106897 0)
(1.00002 -0.0068588 0)
(1.00003 -0.00423352 0)
(1.00006 -0.00222861 0)
(1.00016 -0.000693093 0)
(1.00007 0.000861648 0)
(1.00005 0.00246103 0)
(1.00004 0.00445124 0)
(0.99996 0.00705442 0)
(0.999982 0.0107616 0)
(0.999833 0.0166552 0)
(1.00025 0.0244549 0)
(1.0035 0.0351295 0)
(1.00592 0.0513435 0)
(0.878987 0.030362 0)
(0.711975 -0.0327685 0)
(0.996618 -0.0630351 0)
(1.03328 -0.0561904 0)
(1.02495 -0.0464994 0)
(1.01601 -0.0362484 0)
(1.00962 -0.0265396 0)
(1.00582 -0.0182803 0)
(1.00372 -0.0115479 0)
(1.00254 -0.00619726 0)
(1.00199 -0.00164541 0)
(1.00201 0.00256656 0)
(1.00254 0.00701231 0)
(1.00366 0.0121895 0)
(1.00572 0.018813 0)
(1.00952 0.0272032 0)
(1.01587 0.0368606 0)
(1.0248 0.0471417 0)
(1.03301 0.0572718 0)
(0.996598 0.0631704 0)
(0.711738 0.0329466 0)
(0.53546 -0.0238971 0)
(0.969841 -0.0569389 0)
(1.05634 -0.0547575 0)
(1.05205 -0.0487522 0)
(1.03604 -0.0404788 0)
(1.02444 -0.0324177 0)
(1.01595 -0.0240504 0)
(1.01045 -0.0161466 0)
(1.00719 -0.00895526 0)
(1.00565 -0.00245196 0)
(1.00552 0.00381105 0)
(1.00695 0.0102402 0)
(1.01019 0.0173804 0)
(1.0158 0.0251743 0)
(1.02417 0.0332376 0)
(1.03579 0.0411255 0)
(1.05182 0.0491855 0)
(1.05627 0.0540692 0)
(0.969252 0.0574252 0)
(0.534515 0.0239159 0)
(0.392267 -0.0136348 0)
(0.911802 -0.046394 0)
(1.0574 -0.0468563 0)
(1.06947 -0.0442698 0)
(1.05467 -0.0380367 0)
(1.03919 -0.0313427 0)
(1.0276 -0.0247306 0)
(1.01912 -0.017637 0)
(1.01379 -0.0102143 0)
(1.01118 -0.0026832 0)
(1.0111 0.00485455 0)
(1.01362 0.0122987 0)
(1.01881 0.0194823 0)
(1.02694 0.0262202 0)
(1.03845 0.0325022 0)
(1.05406 0.0391005 0)
(1.06871 0.0452636 0)
(1.05599 0.0477895 0)
(0.910344 0.0468052 0)
(0.390541 0.0137038 0)
(0.307569 -0.00452412 0)
(0.846427 -0.0324207 0)
(1.04929 -0.0400818 0)
(1.07948 -0.038411 0)
(1.06819 -0.0336753 0)
(1.05156 -0.0279184 0)
(1.03811 -0.0225715 0)
(1.0279 -0.0166758 0)
(1.02092 -0.0100097 0)
(1.01722 -0.00259021 0)
(1.01704 0.00527757 0)
(1.02041 0.0124454 0)
(1.02708 0.0188236 0)
(1.03724 0.0244617 0)
(1.05055 0.0296922 0)
(1.06695 0.0351621 0)
(1.0779 0.0396567 0)
(1.04739 0.0412388 0)
(0.843599 0.0328287 0)
(0.304793 0.00467492 0)
(0.264187 9.94818e-05 0)
(0.788809 -0.0200447 0)
(1.03306 -0.0313692 0)
(1.08351 -0.0319959 0)
(1.07743 -0.0288406 0)
(1.06088 -0.0240489 0)
(1.04699 -0.019493 0)
(1.03605 -0.0144679 0)
(1.0282 -0.0085556 0)
(1.02382 -0.00176759 0)
(1.02352 0.00550765 0)
(1.0274 0.0120409 0)
(1.03488 0.0175217 0)
(1.04562 0.0222723 0)
(1.05924 0.0262323 0)
(1.07569 0.0306573 0)
(1.08149 0.0334815 0)
(1.03042 0.0326233 0)
(0.784527 0.0204968 0)
(0.260416 4.68127e-05 0)
(0.240339 0.00109028 0)
(0.738476 -0.0122183 0)
(1.01369 -0.0248918 0)
(1.08364 -0.0267191 0)
(1.0826 -0.024601 0)
(1.06758 -0.0206929 0)
(1.05407 -0.0168308 0)
(1.04324 -0.0123816 0)
(1.03527 -0.00710655 0)
(1.03068 -0.000949146 0)
(1.03031 0.00557379 0)
(1.03419 0.0114639 0)
(1.04171 0.0164158 0)
(1.05194 0.0203235 0)
(1.06536 0.0238689 0)
(1.08008 0.0273089 0)
(1.08038 0.0288313 0)
(1.00879 0.0264949 0)
(0.731556 0.0128552 0)
(0.235227 -0.000916363 0)
(0.225941 0.000930073 0)
(0.695131 -0.00804379 0)
(0.992365 -0.0208326 0)
(1.08137 -0.0232191 0)
(1.08605 -0.0215019 0)
(1.07265 -0.0181427 0)
(1.05937 -0.0144935 0)
(1.04889 -0.0102245 0)
(1.04098 -0.00532346 0)
(1.03619 0.000185638 0)
(1.03564 0.00575227 0)
(1.03942 0.0108819 0)
(1.04658 0.0151165 0)
(1.05675 0.0187082 0)
(1.0697 0.0218346 0)
(1.08242 0.0244771 0)
(1.077 0.0256111 0)
(0.986026 0.0226226 0)
(0.685985 0.00876926 0)
(0.219502 -0.000761433 0)
(0.2165 0.000610774 0)
(0.660415 -0.00556106 0)
(0.97264 -0.0173878 0)
(1.07897 -0.019993 0)
(1.08926 -0.018463 0)
(1.07722 -0.0155398 0)
(1.06396 -0.0122345 0)
(1.0536 -0.00834133 0)
(1.04577 -0.00383975 0)
(1.04085 0.00113043 0)
(1.04012 0.00609947 0)
(1.04373 0.0106695 0)
(1.05054 0.0144783 0)
(1.0602 0.0177511 0)
(1.07297 0.0201617 0)
(1.08431 0.0225 0)
(1.0725 0.0233184 0)
(0.962764 0.0196706 0)
(0.647442 0.00650189 0)
(0.208144 -0.000409405 0)
(0.209584 0.000359136 0)
(0.632332 -0.00387964 0)
(0.953249 -0.014383 0)
(1.07541 -0.0173122 0)
(1.09206 -0.0160725 0)
(1.08134 -0.0133239 0)
(1.068 -0.00999161 0)
(1.05762 -0.00625768 0)
(1.04984 -0.00214601 0)
(1.0449 0.00235555 0)
(1.04397 0.00695578 0)
(1.04722 0.0108574 0)
(1.05381 0.0141181 0)
(1.063 0.0167618 0)
(1.07579 0.0192632 0)
(1.0855 0.0210656 0)
(1.06693 0.0212411 0)
(0.940443 0.0170902 0)
(0.615843 0.00506383 0)
(0.199182 -0.000104139 0)
(0.204539 0.000146469 0)
(0.61052 -0.00270329 0)
(0.936332 -0.0115716 0)
(1.07228 -0.0145752 0)
(1.09483 -0.0136576 0)
(1.08532 -0.0112249 0)
(1.07173 -0.00818635 0)
(1.06107 -0.00480756 0)
(1.0532 -0.000919827 0)
(1.04828 0.00336615 0)
(1.047 0.00779889 0)
(1.04968 0.0113508 0)
(1.05583 0.0142176 0)
(1.06553 0.0164957 0)
(1.07839 0.01857 0)
(1.08629 0.0199102 0)
(1.06064 0.0196404 0)
(0.918823 0.0149502 0)
(0.588932 0.00411859 0)
(0.191321 0.000160221 0)
(0.200759 2.3543e-05 0)
(0.594105 -0.00173436 0)
(0.921716 -0.00904185 0)
(1.06912 -0.0120739 0)
(1.09785 -0.0112711 0)
(1.08971 -0.00897406 0)
(1.0756 -0.00605921 0)
(1.06423 -0.00289298 0)
(1.0558 0.000814486 0)
(1.05046 0.00507097 0)
(1.04875 0.00936228 0)
(1.05118 0.0127507 0)
(1.0574 0.0150132 0)
(1.06719 0.0167556 0)
(1.08019 0.0178744 0)
(1.08635 0.0187921 0)
(1.05344 0.0179261 0)
(0.898585 0.0130205 0)
(0.566665 0.00350268 0)
(0.184325 0.000379366 0)
(0.198186 -3.60473e-05 0)
(0.582214 -0.00083847 0)
(0.909008 -0.00637293 0)
(1.06662 -0.00874845 0)
(1.10073 -0.00809737 0)
(1.094 -0.00598516 0)
(1.07986 -0.00330174 0)
(1.06817 -0.000359635 0)
(1.05915 0.00302356 0)
(1.0531 0.0068786 0)
(1.05101 0.0104481 0)
(1.05347 0.0132035 0)
(1.05979 0.0150081 0)
(1.06969 0.0159764 0)
(1.08235 0.0172664 0)
(1.08624 0.017505 0)
(1.04684 0.0164746 0)
(0.880056 0.011263 0)
(0.547997 0.00300633 0)
(0.177689 0.00047544 0)
(0.197372 -0.000134098 0)
(0.575318 0.000110718 0)
(0.90037 -0.00325749 0)
(1.06436 -0.00568134 0)
(1.10343 -0.00486308 0)
(1.09811 -0.00285124 0)
(1.08439 -0.000232318 0)
(1.07286 0.00275642 0)
(1.06379 0.00600366 0)
(1.05736 0.00941061 0)
(1.05474 0.0121517 0)
(1.05647 0.0141912 0)
(1.06206 0.0154014 0)
(1.07121 0.0164368 0)
(1.08261 0.0164688 0)
(1.08469 0.0163581 0)
(1.03816 0.0145377 0)
(0.86201 0.00933082 0)
(0.532816 0.00250164 0)
(0.171835 0.000475802 0)
(0.197983 -0.000113988 0)
(0.573712 0.00109233 0)
(0.893231 -0.000898844 0)
(1.06333 -0.00230613 0)
(1.10598 -0.00144795 0)
(1.10165 0.000427105 0)
(1.08832 0.00280126 0)
(1.07689 0.00577991 0)
(1.06773 0.00895507 0)
(1.06081 0.0121261 0)
(1.05736 0.0145448 0)
(1.05814 0.0161116 0)
(1.0629 0.0166851 0)
(1.07113 0.016903 0)
(1.08199 0.0163177 0)
(1.0822 0.0155905 0)
(1.03002 0.0134597 0)
(0.846429 0.00806214 0)
(0.520309 0.00227222 0)
(0.166611 0.00047518 0)
(0.200269 0.000411427 0)
(0.574887 0.00164861 0)
(0.890438 0.00208709 0)
(1.0624 0.000665451 0)
(1.10838 0.00195253 0)
(1.10476 0.00393838 0)
(1.09134 0.00646444 0)
(1.07946 0.00938377 0)
(1.06975 0.0125638 0)
(1.06228 0.0156007 0)
(1.05826 0.0177643 0)
(1.05833 0.0186654 0)
(1.06246 0.0186107 0)
(1.07053 0.0179665 0)
(1.08057 0.0168682 0)
(1.078 0.0154859 0)
(1.01958 0.012632 0)
(0.830288 0.00717392 0)
(0.508734 0.00228858 0)
(0.161619 0.000492546 0)
(0.20527 0.000623775 0)
(0.57963 0.0025388 0)
(0.891811 0.00407056 0)
(1.06345 0.00452623 0)
(1.11113 0.00612391 0)
(1.10827 0.00822984 0)
(1.09465 0.0108052 0)
(1.08212 0.0137524 0)
(1.07146 0.0167833 0)
(1.06269 0.0194832 0)
(1.05736 0.0212321 0)
(1.05674 0.0214559 0)
(1.06065 0.0206263 0)
(1.06859 0.0191445 0)
(1.07755 0.0175421 0)
(1.07356 0.0156351 0)
(1.01089 0.0124667 0)
(0.817669 0.00703742 0)
(0.498706 0.00247257 0)
(0.156691 0.000505404 0)
(0.210914 0.000654782 0)
(0.587449 0.00340681 0)
(0.896028 0.00634586 0)
(1.06648 0.00779165 0)
(1.11516 0.0100556 0)
(1.1127 0.0127268 0)
(1.09894 0.0159682 0)
(1.08601 0.0191623 0)
(1.07466 0.0223398 0)
(1.0649 0.0248618 0)
(1.05858 0.0260238 0)
(1.05652 0.025182 0)
(1.05901 0.0234786 0)
(1.06597 0.021482 0)
(1.07374 0.0192866 0)
(1.06724 0.0165307 0)
(0.998909 0.012658 0)
(0.801914 0.0072252 0)
(0.486901 0.00279779 0)
(0.151028 0.000538408 0)
(0.219526 0.000843597 0)
(0.601332 0.00434183 0)
(0.905672 0.0087392 0)
(1.07216 0.0114684 0)
(1.12015 0.0140873 0)
(1.1182 0.0174098 0)
(1.1042 0.0208727 0)
(1.09069 0.0246963 0)
(1.07843 0.0282883 0)
(1.06717 0.0309232 0)
(1.05855 0.0317162 0)
(1.05484 0.0304248 0)
(1.05665 0.0279773 0)
(1.06283 0.0248258 0)
(1.06945 0.0217768 0)
(1.06103 0.0184125 0)
(0.989336 0.0141255 0)
(0.790168 0.00848308 0)
(0.475996 0.00339394 0)
(0.145053 0.000605245 0)
(0.228732 0.00113244 0)
(0.615452 0.00514921 0)
(0.917178 0.010803 0)
(1.08013 0.0146591 0)
(1.12722 0.0184254 0)
(1.12461 0.0223707 0)
(1.10961 0.0267923 0)
(1.09505 0.0313446 0)
(1.08144 0.0355278 0)
(1.06877 0.0387322 0)
(1.05877 0.039405 0)
(1.05358 0.0374658 0)
(1.0532 0.0340486 0)
(1.05813 0.030353 0)
(1.0635 0.0264612 0)
(1.05224 0.0221612 0)
(0.974569 0.0166564 0)
(0.770942 0.01013 0)
(0.459571 0.00418046 0)
(0.136946 0.000738282 0)
(0.242134 0.00150445 0)
(0.636367 0.0069998 0)
(0.933883 0.0142046 0)
(1.09021 0.0195299 0)
(1.13456 0.0237612 0)
(1.13174 0.0287719 0)
(1.1159 0.0339869 0)
(1.10002 0.0394175 0)
(1.08452 0.0444845 0)
(1.06937 0.0480974 0)
(1.0563 0.0483597 0)
(1.04912 0.045833 0)
(1.04831 0.0418147 0)
(1.05258 0.0366863 0)
(1.05622 0.0320978 0)
(1.04266 0.0262068 0)
(0.961356 0.0197723 0)
(0.75573 0.012319 0)
(0.444044 0.0050737 0)
(0.128273 0.000855694 0)
(0.258039 0.00200406 0)
(0.660554 0.00847669 0)
(0.953692 0.0177654 0)
(1.10347 0.0245909 0)
(1.14506 0.0304434 0)
(1.141 0.0366581 0)
(1.12381 0.0430819 0)
(1.10621 0.0498856 0)
(1.08851 0.055675 0)
(1.07084 0.0594869 0)
(1.05566 0.05936 0)
(1.04639 0.0562755 0)
(1.04252 0.0509867 0)
(1.04467 0.0448638 0)
(1.04667 0.0390252 0)
(1.02896 0.03181 0)
(0.940693 0.023569 0)
(0.729044 0.0145 0)
(0.419874 0.0059481 0)
(0.116466 0.000983203 0)
(0.280147 0.00279197 0)
(0.693695 0.0121699 0)
(0.980524 0.0237643 0)
(1.12047 0.0328162 0)
(1.15714 0.039674 0)
(1.15205 0.0471471 0)
(1.13334 0.055275 0)
(1.11366 0.0631378 0)
(1.09319 0.0698037 0)
(1.0721 0.073802 0)
(1.05323 0.0730741 0)
(1.04088 0.0682218 0)
(1.03612 0.0618783 0)
(1.03662 0.0542185 0)
(1.03548 0.0464335 0)
(1.0134 0.0372954 0)
(0.920765 0.027543 0)
(0.707492 0.017245 0)
(0.398199 0.00702925 0)
(0.104741 0.00104146 0)
(0.310446 0.00373195 0)
(0.737113 0.0150141 0)
(1.01454 0.0310079 0)
(1.14213 0.04279 0)
(1.17298 0.051905 0)
(1.16546 0.062227 0)
(1.14436 0.0715551 0)
(1.12183 0.0805994 0)
(1.09802 0.0875099 0)
(1.0733 0.0906143 0)
(1.05105 0.0882802 0)
(1.03594 0.0824417 0)
(1.0272 0.0743193 0)
(1.02442 0.0652061 0)
(1.02065 0.0556525 0)
(0.99324 0.0450099 0)
(0.892484 0.0329856 0)
(0.670541 0.0204585 0)
(0.363411 0.00799716 0)
(0.08868 0.00114563 0)
(0.346362 0.00742675 0)
(0.792043 0.0245161 0)
(1.05712 0.0436734 0)
(1.16924 0.0589465 0)
(1.19214 0.0708848 0)
(1.18077 0.0826855 0)
(1.1563 0.0937067 0)
(1.13 0.102985 0)
(1.10196 0.109398 0)
(1.07274 0.111389 0)
(1.04661 0.10761 0)
(1.02826 0.0988668 0)
(1.01801 0.0884073 0)
(1.01274 0.0771083 0)
(1.004 0.0652528 0)
(0.970513 0.052224 0)
(0.863482 0.0384471 0)
(0.639353 0.0239716 0)
(0.334117 0.00945331 0)
(0.0741586 0.00107216 0)
(0.428276 0.0112032 0)
(0.874787 0.0351547 0)
(1.11453 0.0638132 0)
(1.20326 0.083902 0)
(1.21541 0.0967868 1.2837e-33)
(1.19803 0.11238 -5.5651e-34)
(1.16854 0.123193 0)
(1.13766 0.131662 0)
(1.105 0.136337 0)
(1.07113 0.13545 0)
(1.04041 0.127853 0)
(1.01815 0.11619 0)
(1.00365 0.103655 0)
(0.994439 0.0905476 0)
(0.982881 0.076978 0)
(0.943269 0.0624878 0)
(0.825933 0.0459266 0)
(0.588412 0.0284498 0)
(0.284361 0.00966978 0)
(0.0529545 0.000797864 0)
(0.49761 0.0262489 1.09569e-19)
(0.970018 0.0591196 -8.21443e-20)
(1.17562 0.0965426 0)
(1.23846 0.119458 5.86718e-20)
(1.24067 0.136224 -4.75379e-20)
(1.21478 0.151767 5.87154e-34)
(1.17992 0.161121 0)
(1.14381 0.167647 2.87271e-20)
(1.10559 0.169842 -9.26681e-20)
(1.06625 0.166057 1.85614e-20)
(1.03135 0.155703 0)
(1.00612 0.141481 -4.38969e-20)
(0.989218 0.125489 -5.17054e-20)
(0.976216 0.109422 9.01576e-20)
(0.955714 0.0930273 -7.08155e-20)
(0.90416 0.0751593 0)
(0.771748 0.0555385 -2.52515e-20)
(0.522328 0.0330288 0)
(0.231381 0.0122661 -1.39236e-19)
(0.0350517 0.00121062 1.64552e-19)
(0.530171 0.0542208 -1.36331e-20)
(1.02718 0.102263 2.81253e-19)
(1.22067 0.147099 -2.63823e-20)
(1.26961 0.167352 -1.68112e-19)
(1.26314 0.184752 -1.01039e-19)
(1.22956 0.198475 1.63277e-19)
(1.18929 0.205725 0)
(1.14754 0.210258 0)
(1.10373 0.209914 1.48255e-19)
(1.05877 0.202792 0)
(1.0175 0.188466 1.61625e-19)
(0.984307 0.169371 4.70975e-20)
(0.959594 0.151286 3.4182e-22)
(0.939507 0.134358 -9.80843e-20)
(0.917792 0.117913 0)
(0.86401 0.100261 0)
(0.728347 0.0746047 -4.12236e-19)
(0.485004 0.0475098 1.03179e-18)
(0.216395 0.018001 -6.11776e-19)
(0.0308238 0.00340241 -7.22933e-19)
(0.535443 0.0770651 -2.21418e-19)
(1.06012 0.159067 7.69984e-20)
(1.25443 0.20836 3.46573e-20)
(1.29496 0.226617 2.97518e-19)
(1.28084 0.241763 1.39572e-20)
(1.24081 0.251395 -4.31595e-19)
(1.19523 0.255175 1.42087e-19)
(1.14784 0.256737 0)
(1.09833 0.253068 -3.15426e-19)
(1.04744 0.242449 2.65623e-19)
(1.00062 0.225066 -4.34905e-19)
(0.965238 0.205412 2.01454e-19)
(0.940231 0.187269 -1.25121e-19)
(0.919638 0.168922 2.8441e-19)
(0.889116 0.149587 0)
(0.829396 0.128414 -1.01898e-19)
(0.697806 0.100679 0)
(0.473547 0.0629633 5.65679e-19)
(0.219151 0.0297123 -1.34308e-18)
(0.0383808 0.00476956 8.41136e-19)
(0.526087 0.10902 7.99011e-19)
(1.07506 0.216178 -3.33841e-19)
(1.2737 0.273729 -6.31449e-20)
(1.31145 0.290755 0)
(1.29227 0.303351 -2.11404e-19)
(1.24762 0.308318 2.57238e-19)
(1.1976 0.307981 -1.51997e-19)
(1.14534 0.305716 0)
(1.091 0.29791 2.24565e-19)
(1.03514 0.283246 -1.87797e-19)
(0.983323 0.261795 3.75461e-19)
(0.94177 0.239156 0)
(0.908527 0.216959 -2.66546e-19)
(0.879194 0.196371 1.51671e-19)
(0.853313 0.178603 3.73029e-19)
(0.801439 0.159764 -3.2805e-19)
(0.681188 0.129265 5.23071e-19)
(0.473025 0.0864836 -1.15786e-18)
(0.234616 0.0433445 7.31229e-19)
(0.0500003 0.0093328 -9.15225e-19)
(0.512712 0.133381 -3.96088e-19)
(1.08135 0.271221 2.89285e-19)
(1.2842 0.34042 -2.04666e-19)
(1.32018 0.356275 3.51679e-19)
(1.29729 0.366272 -2.98505e-19)
(1.2495 0.366672 8.72954e-20)
(1.19602 0.362308 3.64826e-21)
(1.13975 0.356018 -2.76601e-19)
(1.08094 0.34412 -2.37608e-19)
(1.01965 0.325699 -4.02902e-19)
(0.963182 0.301424 -8.0574e-19)
(0.9189 0.276014 -2.40794e-19)
(0.886782 0.253762 2.49592e-21)
(0.862934 0.235719 -5.07661e-19)
(0.830049 0.217107 -6.34194e-21)
(0.774142 0.192321 4.7379e-19)
(0.660096 0.15811 -1.42243e-19)
(0.469445 0.109945 -8.32757e-20)
(0.246615 0.0587851 0)
(0.0594319 0.0144723 1.92862e-18)
(0.494117 0.153947 0)
(1.07287 0.320439 -6.99753e-20)
(1.28551 0.40345 0)
(1.32239 0.419771 -1.23964e-20)
(1.29702 0.428258 3.09255e-19)
(1.24695 0.424756 -1.9335e-19)
(1.19076 0.416717 1.70099e-19)
(1.13123 0.406532 4.49158e-19)
(1.06879 0.390554 -1.29971e-19)
(1.00399 0.367765 2.06116e-19)
(0.944485 0.338954 4.32275e-19)
(0.896865 0.31071 5.21245e-19)
(0.859764 0.287256 -3.08279e-19)
(0.826409 0.264853 5.46633e-19)
(0.799881 0.244545 -4.30096e-19)
(0.754067 0.224215 0)
(0.65228 0.187745 -1.07457e-18)
(0.474266 0.135345 1.44711e-18)
(0.257989 0.0749372 1.07786e-19)
(0.0667225 0.0197226 -2.02162e-18)
(0.48003 0.174718 -5.24458e-21)
(1.06536 0.3697 1.24367e-19)
(1.28294 0.46502 6.52014e-19)
(1.31986 0.481661 -4.64429e-19)
(1.29235 0.488579 2.31085e-19)
(1.24065 0.481466 -1.98997e-19)
(1.18241 0.470168 3.5131e-19)
(1.12036 0.456372 -1.4692e-19)
(1.05497 0.43656 -5.37414e-19)
(0.986406 0.410091 4.04267e-22)
(0.922502 0.37886 -4.6601e-19)
(0.87317 0.348202 -5.58142e-19)
(0.837247 0.321643 3.36071e-19)
(0.812883 0.300233 -1.95797e-19)
(0.78036 0.280163 4.63844e-19)
(0.730563 0.253818 0)
(0.633194 0.216001 -6.61952e-19)
(0.469131 0.15859 9.77192e-19)
(0.263669 0.0898301 1.85398e-18)
(0.0713615 0.0246064 -2.18204e-18)
(0.465036 0.192148 6.77899e-19)
(1.05096 0.413577 -3.56369e-19)
(1.27568 0.522087 -4.16692e-19)
(1.31379 0.540058 4.93467e-19)
(1.28456 0.546215 1.13566e-20)
(1.23148 0.536179 -4.11176e-19)
(1.17162 0.52198 -1.94729e-19)
(1.10763 0.504815 -1.71305e-19)
(1.0398 0.481332 -2.95342e-19)
(0.969118 0.451299 4.71119e-19)
(0.904321 0.414864 4.81585e-19)
(0.852749 0.380959 8.89121e-19)
(0.813665 0.353453 0)
(0.77841 0.328323 5.81545e-21)
(0.753174 0.306731 -1.26029e-18)
(0.712541 0.285016 2.93453e-19)
(0.623098 0.244238 1.42141e-18)
(0.464477 0.182025 -4.18883e-19)
(0.262013 0.103413 8.7258e-19)
(0.0720713 0.0278803 -7.3178e-20)
(0.456311 0.211247 6.02514e-21)
(1.04045 0.45779 -2.80519e-19)
(1.26684 0.577501 -2.84382e-19)
(1.30508 0.596351 7.46133e-19)
(1.27422 0.601358 -6.80581e-19)
(1.22023 0.588474 4.27953e-19)
(1.15923 0.571704 2.0494e-19)
(1.0937 0.551578 5.30157e-19)
(1.02397 0.52511 6.11028e-19)
(0.950184 0.49127 -5.25504e-19)
(0.881141 0.451964 0)
(0.828154 0.415795 -3.28357e-19)
(0.790734 0.383966 3.76983e-19)
(0.765926 0.361407 4.61273e-19)
(0.734073 0.338706 -2.67274e-19)
(0.687871 0.308949 -6.44698e-19)
(0.601499 0.268484 -1.91927e-19)
(0.452121 0.199732 -1.27875e-21)
(0.254225 0.113246 0)
(0.0696448 0.0299764 0)
(0.447838 0.226907 2.45572e-19)
(1.0272 0.497489 0)
(1.2557 0.628628 -2.88432e-19)
(1.29438 0.64921 1.04521e-19)
(1.2623 0.653519 7.37046e-19)
(1.20756 0.638188 -1.95061e-19)
(1.14545 0.619145 2.13426e-19)
(1.07849 0.596419 -3.68231e-19)
(1.00646 0.566848 4.74103e-19)
(0.930253 0.52994 -1.58326e-19)
(0.860913 0.487874 2.74738e-19)
(0.807617 0.446586 1.04424e-18)
(0.767166 0.414809 1.36576e-20)
(0.732031 0.384945 -4.84829e-19)
(0.707231 0.359808 8.80942e-19)
(0.670652 0.336302 4.47262e-21)
(0.589678 0.289084 2.05338e-19)
(0.441042 0.216731 -9.78264e-19)
(0.244931 0.119949 9.9774e-19)
(0.0655196 0.0315353 -1.18633e-18)
(0.441809 0.245843 3.8935e-23)
(1.01629 0.536835 0)
(1.24404 0.677764 0)
(1.2824 0.699671 -1.26506e-19)
(1.24916 0.702877 -2.52265e-19)
(1.19382 0.685243 2.28811e-19)
(1.13099 0.664314 -4.31185e-19)
(1.06291 0.639265 0)
(0.989768 0.607621 -6.88718e-19)
(0.912923 0.568513 7.55929e-19)
(0.840677 0.521421 7.6262e-19)
(0.783098 0.477552 -3.79623e-19)
(0.742275 0.441193 -4.50191e-19)
(0.718163 0.413429 1.05096e-18)
(0.68821 0.388735 -3.1316e-19)
(0.645482 0.354133 -3.72114e-19)
(0.56549 0.308221 -2.22116e-19)
(0.423794 0.227845 -1.05218e-18)
(0.233017 0.124468 1.51971e-19)
(0.0603473 0.0318516 1.27699e-18)
(0.438139 0.264421 8.2822e-20)
(1.00493 0.572937 1.52837e-19)
(1.23128 0.723213 2.34383e-20)
(1.2695 0.746983 -3.84013e-23)
(1.23539 0.749457 -1.59558e-19)
(1.17961 0.72973 4.5324e-19)
(1.11597 0.706982 0)
(1.047 0.67988 2.15693e-19)
(0.972425 0.645738 -1.70077e-19)
(0.892184 0.602715 1.27146e-18)
(0.815989 0.552623 -1.70904e-19)
(0.758944 0.506992 1.92985e-19)
(0.720282 0.467694 0)
(0.682674 0.434486 -5.66599e-19)
(0.660263 0.40448 6.77755e-19)
(0.626561 0.377122 0)
(0.550236 0.322021 -4.78888e-19)
(0.406613 0.238369 1.40767e-18)
(0.21999 0.126857 1.65388e-19)
(0.0545538 0.0313395 -1.56907e-18)
(0.436225 0.281308 1.58996e-19)
(0.995437 0.608216 -2.0314e-19)
(1.21866 0.766565 0)
(1.25623 0.791787 -2.69376e-19)
(1.22129 0.793312 0)
(1.16509 0.77167 -5.09477e-19)
(1.10092 0.747403 0)
(1.03106 0.718581 0)
(0.954609 0.682847 -2.03423e-19)
(0.872154 0.639208 -1.2011e-18)
(0.795558 0.588685 -1.40311e-18)
(0.735571 0.536855 2.18406e-19)
(0.690266 0.493677 7.75245e-19)
(0.668649 0.458768 6.17937e-19)
(0.639874 0.429297 -2.17493e-18)
(0.599708 0.388354 -8.68221e-19)
(0.523363 0.336007 5.08428e-19)
(0.385647 0.243187 0)
(0.205789 0.12735 1.42374e-18)
(0.0486016 0.0298885 -1.68781e-18)
(0.434862 0.297075 -1.54935e-19)
(0.985512 0.64054 2.05706e-19)
(1.20575 0.806539 0)
(1.24277 0.833652 -1.04664e-20)
(1.20719 0.834667 1.22201e-19)
(1.15068 0.811341 0)
(1.0859 0.78556 1.31577e-19)
(1.01514 0.755103 1.36117e-19)
(0.937885 0.717682 -4.0546e-19)
(0.854878 0.670999 1.68846e-19)
(0.774571 0.614874 0)
(0.711075 0.561815 9.13696e-19)
(0.669782 0.516469 4.30439e-21)
(0.631634 0.476244 3.32506e-19)
(0.609789 0.439115 3.92772e-19)
(0.57881 0.407557 0)
(0.505553 0.342669 -8.30715e-19)
(0.366171 0.24779 1.63091e-18)
(0.191016 0.125962 -1.72679e-18)
(0.0428728 0.0279333 3.63062e-18)
(0.433838 0.31213 0)
(0.976967 0.672278 0)
(1.19339 0.844558 1.32535e-19)
(1.22942 0.873084 0)
(1.1932 0.873394 0)
(1.13642 0.848609 -5.33918e-19)
(1.07119 0.821647 1.38038e-19)
(0.999728 0.789759 1.72856e-20)
(0.920915 0.751158 -1.00056e-19)
(0.833924 0.704086 0)
(0.749267 0.648763 -2.0819e-19)
(0.685293 0.591231 -7.41163e-19)
(0.639117 0.539241 -8.7798e-19)
(0.615325 0.497058 -3.48296e-19)
(0.588516 0.460682 4.24735e-19)
(0.550367 0.411405 -1.00046e-18)
(0.476749 0.351519 1.78531e-18)
(0.342579 0.246821 4.86139e-21)
(0.176071 0.122832 -1.65654e-18)
(0.0375518 0.0256382 -2.44608e-19)
(0.432778 0.326844 0)
(0.96821 0.701585 1.48862e-19)
(1.18111 0.879631 -1.3125e-19)
(1.21629 0.909867 0)
(1.17953 0.909856 0)
(1.12253 0.883833 1.12485e-18)
(1.05691 0.855693 0)
(0.984787 0.822577 0)
(0.904709 0.782843 -9.04674e-19)
(0.817559 0.733778 2.14961e-19)
(0.73395 0.673865 -1.89858e-18)
(0.66499 0.615302 0)
(0.615659 0.563492 -9.45993e-19)
(0.57598 0.51284 1.11912e-20)
(0.554551 0.464969 -1.36213e-18)
(0.527172 0.425184 5.37849e-19)
(0.458157 0.34889 2.85229e-21)
(0.325061 0.245002 -1.88201e-18)
(0.163114 0.118538 8.91739e-19)
(0.0330983 0.0235639 2.6196e-19)
(0.431842 0.341118 0)
(0.960683 0.730357 1.22864e-19)
(1.16943 0.913075 -1.41111e-19)
(1.20342 0.944424 -4.39333e-19)
(1.16612 0.943815 -1.5835e-19)
(1.10902 0.916744 1.40762e-19)
(1.04313 0.887785 -1.27207e-19)
(0.970396 0.853658 1.04028e-18)
(0.889284 0.812904 9.67746e-19)
(0.799024 0.763809 1.7142e-18)
(0.708661 0.706017 1.57826e-18)
(0.634802 0.64404 2.6903e-19)
(0.584315 0.583534 1.35769e-18)
(0.556708 0.531405 8.21412e-19)
(0.53037 0.484157 9.76209e-19)
(0.495637 0.418824 -5.8611e-19)
(0.427624 0.349378 -6.88068e-19)
(0.302389 0.234565 8.06092e-19)
(0.150584 0.111753 -4.76568e-19)
(0.0317223 0.0254442 8.46448e-19)
(0.430844 0.35494 -1.26268e-19)
(0.952944 0.756729 -2.02924e-19)
(1.1579 0.943929 -7.10907e-20)
(1.19094 0.976648 1.63115e-20)
(1.15324 0.975739 4.7635e-19)
(1.09603 0.947768 -3.1973e-19)
(1.02993 0.917986 1.32271e-19)
(0.956786 0.882977 -2.12711e-20)
(0.874868 0.841775 -1.1411e-18)
(0.783929 0.791622 -1.84886e-18)
(0.693652 0.730677 1.13508e-19)
(0.618652 0.667644 0)
(0.560828 0.609183 0)
(0.51354 0.54832 -4.30926e-19)
(0.489344 0.48275 -1.58515e-18)
(0.46614 0.426336 1.26112e-18)
(0.410102 0.326602 7.50039e-19)
(0.302254 0.214958 0)
(0.158876 0.0898354 1.52e-18)
(0.0257208 0.00284874 -9.05927e-19)
(0.429973 0.368069 6.94282e-20)
(0.946169 0.782466 -5.58958e-20)
(1.14693 0.973351 1.38442e-19)
(1.1788 1.00686 2.1769e-19)
(1.14066 1.00535 1.5395e-19)
(1.08347 0.976588 -8.97137e-20)
(1.01731 0.946315 0)
(0.943905 0.910702 -1.32298e-18)
(0.861164 0.868834 1.392e-19)
(0.767684 0.818738 0)
(0.671668 0.760047 0)
(0.588744 0.696707 1.64657e-19)
(0.52699 0.630407 2.11035e-19)
(0.491436 0.566403 -4.63069e-19)
(0.459449 0.50338 1.13603e-18)
(0.424786 0.410006 -1.36658e-18)
(0.368965 0.311628 -1.60353e-18)
(0.290894 0.190304 1.41508e-18)
(0.197748 0.116604 -5.42976e-19)
(0.1164 0.0861931 3.18281e-19)
(0.428876 0.380435 -5.35185e-20)
(0.939076 0.805838 0)
(1.13614 1.00042 0)
(1.16714 1.03502 8.46899e-20)
(1.12873 1.03319 -6.85586e-20)
(1.07158 1.00372 -2.09749e-20)
(1.00543 0.972886 5.404e-19)
(0.931806 0.936773 1.42873e-18)
(0.848233 0.89463 2.1144e-18)
(0.753836 0.844359 -1.35509e-19)
(0.657842 0.783635 2.69341e-19)
(0.574224 0.719279 -1.5045e-18)
(0.505857 0.657878 -1.44335e-18)
(0.444086 0.588388 -2.47477e-19)
(0.405188 0.500315 0)
(0.376263 0.419185 -1.1059e-20)
(0.333513 0.253278 8.69747e-19)
(0.289185 0.0905933 -1.48994e-18)
(0.248657 -0.0530562 1.14277e-18)
(0.0798749 -0.093517 9.66448e-19)
(0.427846 0.392235 1.06489e-19)
(0.932728 0.82867 3.4131e-20)
(1.12584 1.02633 6.70084e-21)
(1.15576 1.06157 -6.09897e-20)
(1.11701 1.05922 0)
(1.05993 1.0292 -6.58189e-19)
(0.993756 0.998137 -7.30288e-19)
(0.919879 0.961735 4.25294e-20)
(0.835726 0.91957 -1.12166e-18)
(0.739408 0.86941 -1.3371e-19)
(0.638093 0.81213 1.24191e-19)
(0.545835 0.751019 1.31835e-18)
(0.469937 0.683317 1.40932e-18)
(0.419634 0.608993 2.40073e-19)
(0.370879 0.53373 1.19472e-18)
(0.306357 0.40139 0)
(0.198903 0.243856 0)
(0.0283808 0.249945 1.01139e-18)
(-0.0724221 0.628843 -3.27798e-20)
(0.00280504 1.51781 -1.19904e-18)
(0.426488 0.403429 -5.26195e-20)
(0.92611 0.849489 -1.65425e-19)
(1.11569 1.05038 3.67917e-19)
(1.14478 1.08672 -3.39926e-19)
(1.10578 1.08425 9.02731e-20)
(1.04873 1.05386 -7.15772e-19)
(0.982549 1.02261 0)
(0.908492 0.98623 -1.23599e-18)
(0.823683 0.944397 0)
(0.726318 0.895322 2.0072e-18)
(0.624054 0.836532 -1.40562e-19)
(0.531994 0.774991 1.57606e-19)
(0.452478 0.715918 1.60866e-18)
(0.366391 0.648335 -5.08497e-19)
(0.280227 0.544141 -6.05023e-19)
(0.208582 0.462299 0)
(0.10234 0.556162 0)
(0.032642 1.28077 0)
(0.0759264 2.44146 -5.78705e-19)
(0.105447 2.90011 -3.51432e-19)
(0.425139 0.414093 0)
(0.920176 0.869796 0)
(1.10603 1.07345 -1.234e-19)
(1.13412 1.11046 2.95702e-19)
(1.09478 1.10774 -3.12271e-19)
(1.03779 1.07712 6.73509e-19)
(0.971556 1.04605 8.94778e-20)
(0.897332 1.00987 -6.96669e-20)
(0.811997 0.968633 1.5284e-19)
(0.712934 0.92014 -2.30596e-18)
(0.606904 0.865875 2.66051e-19)
(0.506794 0.81208 1.3212e-18)
(0.413434 0.750612 -1.6099e-18)
(0.342646 0.673775 -1.70474e-18)
(0.272224 0.608671 5.69179e-19)
(0.203276 0.731133 0)
(0.136647 1.51449 7.92932e-19)
(0.134844 2.67838 8.97181e-19)
(0.142184 3.08273 -1.0039e-18)
(0.132907 3.21972 1.09577e-18)
(0.423471 0.424139 0)
(0.913993 0.888128 -7.03985e-20)
(1.09655 1.09475 3.5301e-20)
(1.12391 1.13292 -3.0084e-19)
(1.08435 1.1303 3.27778e-19)
(1.0274 1.09962 0)
(0.961199 1.06866 0)
(0.886824 1.0329 0)
(0.80097 0.992534 9.77028e-19)
(0.701178 0.946087 1.17259e-19)
(0.593774 0.892427 0)
(0.491828 0.835619 -1.32252e-18)
(0.406322 0.784837 0)
(0.292989 0.728895 1.22351e-18)
(0.21314 0.803754 -8.24764e-19)
(0.166863 1.45088 -6.5733e-19)
(0.170436 2.66786 -1.54854e-18)
(0.190475 3.12614 -8.35063e-19)
(0.180925 3.27002 -1.21401e-18)
(0.165966 3.31075 9.59747e-19)
(0.421905 0.43348 1.43588e-20)
(0.908454 0.906007 1.53649e-20)
(1.08759 1.11521 3.40388e-20)
(1.11407 1.15408 2.58872e-19)
(1.07419 1.15144 0)
(1.0173 1.12084 0)
(0.951053 1.09034 0)
(0.876606 1.05516 8.52512e-20)
(0.790473 1.01585 -1.22475e-18)
(0.689567 0.970712 0)
(0.580192 0.921382 0)
(0.476908 0.87676 0)
(0.367363 0.827928 0)
(0.310435 0.816364 9.14773e-19)
(0.280221 1.18185 2.21204e-18)
(0.266121 2.35257 6.50602e-19)
(0.276764 3.08191 1.36739e-18)
(0.270007 3.28848 -1.09652e-18)
(0.219915 3.35572 4.11445e-19)
(0.186194 3.36828 0)
(0.420075 0.442375 -9.67672e-21)
(0.902456 0.922459 1.01658e-19)
(1.07855 1.13459 5.55196e-20)
(1.10443 1.17469 2.4408e-20)
(1.06437 1.17236 -8.70757e-20)
(1.00757 1.1419 7.83849e-19)
(0.941407 1.11174 -7.00202e-20)
(0.866905 1.07719 -1.19802e-18)
(0.780574 1.03922 0)
(0.679612 0.996958 -1.33366e-19)
(0.56813 0.949957 1.21321e-19)
(0.457858 0.900269 0)
(0.373118 0.867679 0)
(0.320285 0.994298 -1.14574e-18)
(0.288279 1.84341 1.77013e-19)
(0.283981 2.93459 -5.30774e-19)
(0.30307 3.29331 1.15145e-18)
(0.276473 3.39418 9.12122e-19)
(0.20903 3.41946 -1.39392e-18)
(0.183353 3.42825 6.97734e-19)
(0.418038 0.451382 -4.37198e-21)
(0.896524 0.940054 -6.53848e-20)
(1.06924 1.15487 -8.10749e-20)
(1.09436 1.19563 0)
(1.05407 1.19331 0)
(0.997437 1.163 -5.97765e-19)
(0.93134 1.13338 5.81367e-19)
(0.857057 1.09959 1.08061e-18)
(0.770809 1.06278 5.9919e-20)
(0.668781 1.02187 1.87523e-18)
(0.558257 0.978611 -1.96152e-18)
(0.452829 0.942541 0)
(0.375085 0.953009 0)
(0.347399 1.34911 -8.21148e-19)
(0.350206 2.46009 -9.65742e-19)
(0.391686 3.19928 0)
(0.417383 3.37879 -1.36975e-18)
(0.347311 3.44328 -7.55141e-20)
(0.274359 3.48749 9.91865e-19)
(0.25042 3.5133 -4.21238e-19)
(0.415362 0.460805 -1.29455e-21)
(0.889321 0.957562 2.3492e-20)
(1.05887 1.17566 0)
(1.08352 1.21764 0)
(1.0432 1.21556 0)
(0.986815 1.18522 0)
(0.92107 1.15582 -6.35762e-19)
(0.847023 1.12249 1.11028e-18)
(0.760951 1.08703 0)
(0.660261 1.04933 -1.71424e-18)
(0.548437 1.01049 3.55875e-18)
(0.439192 0.977225 1.39481e-19)
(0.381882 1.05654 1.72988e-19)
(0.392355 1.73069 1.36957e-18)
(0.416738 2.88632 -7.85857e-19)
(0.454493 3.32685 0)
(0.436341 3.45568 4.18943e-19)
(0.348455 3.5436 9.63011e-20)
(0.267402 3.61067 1.67264e-20)
(0.19175 3.59041 2.18722e-19)
(0.412375 0.470445 5.04119e-21)
(0.881903 0.977035 -8.40724e-21)
(1.04782 1.19802 0)
(1.07183 1.24036 5.19188e-20)
(1.03141 1.2381 -2.46571e-19)
(0.975393 1.20772 0)
(0.909976 1.17868 0)
(0.836553 1.14605 -1.99451e-18)
(0.751104 1.11156 -1.27218e-19)
(0.64954 1.07508 1.78547e-18)
(0.537912 1.03827 -1.71238e-18)
(0.453051 1.02601 9.48945e-19)
(0.421144 1.24283 0)
(0.444969 2.1632 -7.41842e-19)
(0.485448 3.14311 4.62334e-19)
(0.544007 3.43416 3.71521e-19)
(0.537917 3.53384 0)
(0.471238 3.62255 7.21138e-20)
(0.397213 3.6664 -1.91432e-19)
(0.314544 3.6372 -2.83431e-20)
(0.408353 0.48044 -3.79752e-20)
(0.872786 0.996244 1.98813e-20)
(1.03545 1.22092 -4.88748e-20)
(1.05916 1.26437 2.13036e-20)
(1.01885 1.26214 3.73446e-19)
(0.963331 1.23145 0)
(0.898611 1.20236 -3.88307e-19)
(0.825789 1.16986 7.67337e-19)
(0.741015 1.13654 9.96111e-20)
(0.642318 1.10298 -1.54139e-18)
(0.529916 1.07357 -1.0058e-19)
(0.449817 1.08679 -1.07361e-18)
(0.4439 1.45519 1.18532e-18)
(0.505715 2.52243 2.87061e-19)
(0.575485 3.3049 -5.68503e-19)
(0.632456 3.48829 4.82451e-19)
(0.592579 3.54725 0)
(0.530498 3.55482 0)
(0.431219 3.52285 -5.84378e-19)
(0.194018 3.31691 9.91313e-19)
(0.404101 0.49019 2.2123e-20)
(0.863334 1.01773 4.27284e-20)
(1.0223 1.24553 1.79735e-20)
(1.04558 1.28892 -9.52806e-20)
(1.00535 1.2862 -3.25089e-19)
(0.950522 1.25522 0)
(0.886483 1.22624 4.40443e-19)
(0.814764 1.19424 8.52333e-19)
(0.731268 1.16161 0)
(0.632243 1.12927 0)
(0.527509 1.10416 0)
(0.467398 1.15899 0)
(0.503284 1.68929 -1.34607e-18)
(0.581134 2.83015 -4.06954e-19)
(0.654283 3.40702 0)
(0.695349 3.50953 -1.83923e-19)
(0.691657 3.51583 0)
(0.766808 3.36133 3.84697e-20)
(0.861668 2.99792 -1.48407e-18)
(0.456789 2.62786 1.62891e-18)
(0.398029 0.499843 -7.48951e-20)
(0.851649 1.03859 -3.60992e-20)
(1.00744 1.2707 -4.49901e-21)
(1.03075 1.31512 8.9113e-20)
(0.99085 1.31215 1.44154e-19)
(0.936848 1.28048 0)
(0.873935 1.25109 1.07079e-19)
(0.803301 1.21891 -1.23447e-19)
(0.721135 1.18717 -7.37021e-19)
(0.625975 1.15675 0)
(0.524723 1.14105 9.62108e-20)
(0.480399 1.25281 -1.09354e-19)
(0.540779 1.92524 0)
(0.6432 3.05667 5.17629e-19)
(0.736972 3.44579 0)
(0.776741 3.48865 4.53003e-20)
(0.783022 3.40778 -7.09761e-20)
(0.772611 3.03498 -3.79381e-20)
(0.528445 2.03304 1.68023e-19)
(-0.35137 0.522742 -4.25279e-19)
(0.391249 0.509972 -1.32011e-20)
(0.839258 1.06195 -3.18789e-20)
(0.991387 1.29785 -3.75125e-22)
(1.01463 1.34196 -1.91128e-20)
(0.975033 1.3383 1.85054e-20)
(0.922103 1.30627 0)
(0.860295 1.27693 -3.21162e-19)
(0.791311 1.24511 -6.13362e-19)
(0.711049 1.21392 1.36102e-18)
(0.614518 1.18545 -1.28501e-18)
(0.52778 1.1797 -1.28316e-18)
(0.511153 1.3606 0)
(0.61138 2.21272 8.24491e-19)
(0.727051 3.21252 -1.68247e-19)
(0.80376 3.43609 -9.32236e-20)
(0.805657 3.43561 0)
(0.72956 3.20383 1.54593e-20)
(0.56277 2.43454 -3.27207e-20)
(0.120979 0.703888 3.88843e-20)
(-0.256842 -0.421742 2.0964e-20)
(0.382421 0.518631 8.99228e-20)
(0.823935 1.08409 -3.75804e-20)
(0.973083 1.32558 2.83938e-20)
(0.996848 1.37108 1.27361e-20)
(0.957823 1.3671 -2.65144e-20)
(0.906118 1.33419 -2.34361e-19)
(0.845915 1.30421 5.77858e-19)
(0.778582 1.27231 5.87063e-19)
(0.700536 1.24207 -1.1921e-18)
(0.607368 1.21558 -1.08876e-20)
(0.532804 1.2224 1.35707e-19)
(0.538617 1.49602 -8.43692e-19)
(0.658309 2.47834 3.01726e-19)
(0.774327 3.28214 -5.3229e-19)
(0.838835 3.40054 2.75993e-19)
(0.823564 3.32692 -5.43099e-20)
(0.707235 2.90914 1.02506e-19)
(0.441394 1.72216 -4.53628e-20)
(0.0688576 0.0691629 0)
(-0.0785129 -0.178524 1.47155e-20)
(0.372471 0.52731 0)
(0.807331 1.10826 -1.48893e-19)
(0.95329 1.35506 2.37625e-20)
(0.97752 1.40025 1.87224e-20)
(0.939034 1.39551 0)
(0.888986 1.36229 1.56153e-19)
(0.830498 1.33256 -4.45256e-19)
(0.765543 1.30075 -5.49183e-19)
(0.690094 1.27111 1.04792e-18)
(0.600653 1.24829 1.00764e-18)
(0.537549 1.2763 1.06389e-18)
(0.577919 1.64741 4.63925e-20)
(0.727033 2.71588 -6.59182e-19)
(0.84711 3.329 -8.0221e-20)
(0.890519 3.37039 2.25231e-19)
(0.814345 3.18181 -1.77652e-19)
(0.563264 2.39835 -5.62274e-20)
(0.128439 0.49317 6.66379e-20)
(-0.131815 -0.244747 0)
(-0.111654 -0.207295 0)
(0.359524 0.533803 -1.15376e-19)
(0.786822 1.13004 1.76224e-19)
(0.930817 1.38471 0)
(0.956148 1.43211 0)
(0.918544 1.42698 0)
(0.870355 1.39268 0)
(0.814028 1.36184 1.59897e-19)
(0.751458 1.3302 -1.5327e-20)
(0.679652 1.30137 1.57943e-20)
(0.596451 1.28097 1.13118e-19)
(0.546854 1.32909 -1.08853e-18)
(0.616145 1.807 6.75069e-19)
(0.778848 2.90905 0)
(0.875497 3.32078 3.81363e-20)
(0.89381 3.30191 -2.49279e-19)
(0.757712 2.89806 1.00678e-19)
(0.438805 1.78589 -2.69202e-20)
(0.0155495 -0.00623197 -2.10531e-20)
(-0.168444 -0.208781 1.27247e-19)
(-0.0610154 -0.139135 1.54167e-19)
(0.344131 0.539036 6.93075e-20)
(0.763696 1.15202 8.18719e-20)
(0.90667 1.41544 -9.27382e-21)
(0.932755 1.46296 2.00454e-20)
(0.895946 1.45698 0)
(0.850319 1.42242 -1.5778e-19)
(0.796488 1.3922 8.51985e-20)
(0.737134 1.35998 -4.09072e-20)
(0.667571 1.33183 -3.39264e-20)
(0.591959 1.31638 9.78956e-20)
(0.558076 1.40052 7.19859e-19)
(0.66127 1.99787 -4.23431e-19)
(0.83813 3.04392 -3.4972e-19)
(0.929888 3.3213 -8.48846e-20)
(0.927448 3.21925 1.61407e-19)
(0.710099 2.62831 -1.78936e-19)
(0.239794 0.939237 1.09338e-19)
(-0.0700193 -0.263196 -1.01476e-19)
(-0.156967 -0.236047 2.86396e-19)
(-0.063355 -0.145651 -2.11502e-19)
(0.325165 0.540729 -6.48298e-20)
(0.736635 1.17085 0)
(0.879301 1.44536 -5.37586e-20)
(0.90672 1.49691 -4.67656e-20)
(0.871381 1.49049 0)
(0.828601 1.45465 1.08135e-19)
(0.777373 1.42257 0)
(0.721357 1.39067 2.1674e-19)
(0.655325 1.36268 -2.77984e-19)
(0.589696 1.35221 6.03637e-19)
(0.573075 1.46522 -5.60836e-19)
(0.706942 2.18101 2.09866e-19)
(0.881604 3.11676 6.88849e-19)
(0.94965 3.28675 -1.46569e-19)
(0.890467 3.07499 1.4913e-19)
(0.566892 2.16754 5.12318e-20)
(0.0982946 0.217815 -1.15649e-19)
(-0.165396 -0.301746 1.42933e-19)
(-0.11991 -0.231306 5.1593e-22)
(-0.0481935 -0.0898253 2.19305e-20)
(0.303528 0.539447 1.43385e-19)
(0.706967 1.18884 -9.65292e-20)
(0.849675 1.47474 7.87077e-20)
(0.877806 1.52797 2.62017e-20)
(0.84404 1.5209 2.70718e-20)
(0.80493 1.48479 -1.25967e-20)
(0.757065 1.45374 0)
(0.705096 1.42042 -3.47931e-20)
(0.642232 1.39377 0)
(0.587122 1.38923 -5.64583e-19)
(0.590856 1.54761 5.317e-19)
(0.754521 2.35865 -6.72403e-20)
(0.926737 3.16724 -4.74809e-19)
(0.991539 3.26003 -1.06465e-19)
(0.900294 2.93182 7.4623e-20)
(0.498269 1.78362 -3.27677e-20)
(-0.0274587 -0.0804794 1.37894e-19)
(-0.226361 -0.277258 8.46545e-20)
(-0.12558 -0.250001 3.56903e-20)
(-0.0611054 -0.0796875 -1.62991e-19)
(0.278209 0.531937 4.22708e-21)
(0.672491 1.20095 5.82764e-20)
(0.815541 1.5016 0)
(0.845584 1.56217 4.97584e-20)
(0.814764 1.55534 -2.60987e-20)
(0.779452 1.51765 -8.74573e-22)
(0.734425 1.48402 2.17323e-20)
(0.687412 1.45069 -1.94579e-19)
(0.629401 1.42385 2.21414e-19)
(0.583672 1.42627 -6.07558e-20)
(0.606913 1.61704 4.10573e-19)
(0.798212 2.4939 5.13595e-19)
(0.962036 3.18537 3.66541e-20)
(0.993463 3.2067 2.2853e-19)
(0.823963 2.70406 8.5056e-20)
(0.323846 1.21866 -1.42892e-19)
(-0.0723678 -0.238166 8.50326e-20)
(-0.244491 -0.314866 -3.87103e-20)
(-0.130081 -0.300426 1.24797e-21)
(-0.0713572 -0.0927455 1.63429e-19)
(0.249668 0.51771 2.92193e-19)
(0.633985 1.20905 -6.34641e-20)
(0.778312 1.52583 -1.27394e-19)
(0.80992 1.59029 1.03409e-19)
(0.782315 1.58435 3.55542e-22)
(0.751025 1.54646 5.94965e-21)
(0.710512 1.51396 -7.16137e-20)
(0.668347 1.47906 0)
(0.616924 1.45311 -2.60897e-19)
(0.579437 1.46332 4.19628e-20)
(0.627516 1.69208 -1.19183e-19)
(0.844456 2.62142 -4.40622e-19)
(0.988749 3.19389 2.46461e-20)
(1.01402 3.16604 6.21978e-21)
(0.814043 2.53265 1.43274e-19)
(0.337836 0.890821 5.63368e-20)
(-0.0365927 -0.26798 -1.30829e-19)
(-0.192004 -0.336929 -6.54363e-20)
(-0.114963 -0.324151 -1.60678e-20)
(-0.0433771 -0.104048 -1.68189e-19)
(0.216952 0.492939 0)
(0.589103 1.20641 5.87408e-20)
(0.73514 1.54514 -5.36509e-20)
(0.770752 1.6217 1.07751e-19)
(0.747963 1.61759 -5.27861e-20)
(0.72041 1.57806 2.53333e-20)
(0.683267 1.54259 0)
(0.647692 1.50609 0)
(0.602906 1.47935 0)
(0.573007 1.49694 -8.52183e-20)
(0.64075 1.74696 7.98862e-20)
(0.879805 2.684 -9.46305e-20)
(1.01626 3.20079 -1.45172e-19)
(1.00334 3.11981 -7.63907e-20)
(0.719924 2.38737 1.30099e-19)
(0.19489 0.477532 -1.55755e-19)
(-0.133134 -0.144021 3.68315e-20)
(-0.160497 -0.306045 1.95827e-19)
(-0.141531 -0.281651 -1.50863e-20)
(0.0295407 -0.00422131 0)
(0.181011 0.456498 2.85266e-19)
(0.539271 1.195 -5.49301e-20)
(0.6888 1.55878 4.44723e-21)
(0.728001 1.64338 0)
(0.709493 1.64195 -2.8417e-20)
(0.685843 1.6033 1.79098e-20)
(0.654531 1.56863 0)
(0.624447 1.53144 -3.36913e-20)
(0.590007 1.50251 2.65838e-20)
(0.565626 1.52696 0)
(0.658575 1.79795 0)
(0.920437 2.74701 1.58776e-19)
(1.03978 3.20955 8.52442e-20)
(0.988403 3.1184 -5.26279e-20)
(0.604116 2.20037 9.92782e-21)
(-0.0608618 0.453305 -5.95052e-20)
(-0.378379 -0.0966813 0)
(-0.397916 -0.377075 9.31907e-20)
(-0.334752 -0.400065 1.00322e-19)
(-0.0351765 -0.0437038 -1.91306e-19)
(0.141731 0.40409 2.38313e-19)
(0.482044 1.16423 -5.43282e-20)
(0.635075 1.56224 6.0281e-20)
(0.680634 1.66798 -1.55078e-19)
(0.668065 1.66999 0)
(0.648944 1.63121 0)
(0.621846 1.5931 0)
(0.599279 1.55291 -2.727e-20)
(0.573342 1.52106 2.15056e-20)
(0.554225 1.54655 0)
(0.66211 1.81619 0)
(0.952 2.73999 -1.59871e-19)
(1.09546 3.22227 -6.13164e-21)
(1.02658 3.13728 -4.7556e-20)
(0.624298 2.20593 2.1013e-19)
(-0.072246 0.657578 0)
(-0.449884 -0.097611 -1.13244e-19)
(-0.565392 -0.756417 -1.84512e-20)
(-0.569075 -0.91422 5.10912e-19)
(-0.288159 -0.737467 -5.76438e-19)
(0.101038 0.335381 -2.19862e-19)
(0.419361 1.1177 6.6194e-20)
(0.578052 1.55525 1.56e-19)
(0.629072 1.67784 7.4371e-20)
(0.621647 1.68521 -6.07567e-20)
(0.607833 1.65023 -1.68768e-20)
(0.586249 1.61263 -3.92809e-21)
(0.57022 1.57149 0)
(0.555282 1.53498 0)
(0.544682 1.5552 0)
(0.661982 1.81474 9.5089e-20)
(0.997815 2.72121 1.38621e-19)
(1.18301 3.20113 3.80899e-20)
(1.18376 3.17682 -1.40321e-20)
(0.867032 2.37669 4.42929e-20)
(0.27498 0.782247 0)
(-0.238237 -0.178839 2.49359e-19)
(-0.565424 -0.966915 -1.34072e-18)
(-0.58197 -1.3927 2.87891e-18)
(-0.425273 -1.24637 -1.56978e-18)
(0.059119 0.248316 2.30152e-19)
(0.347168 1.03725 -1.89096e-19)
(0.511026 1.52706 0)
(0.572013 1.68748 4.20663e-20)
(0.570915 1.70351 2.21033e-20)
(0.563341 1.67152 2.38861e-20)
(0.546693 1.62876 3.67197e-21)
(0.536381 1.58516 0)
(0.532203 1.54282 0)
(0.529399 1.55172 1.34657e-19)
(0.644939 1.77637 8.2154e-21)
(1.01358 2.61147 -1.12151e-19)
(1.32142 3.12695 -8.40276e-20)
(1.44297 3.05837 1.58352e-19)
(1.36707 2.58392 -5.95654e-19)
(1.01118 1.54711 7.73894e-19)
(0.460594 0.450004 -6.02461e-19)
(0.022819 -0.490768 0)
(-0.378021 -1.55296 -1.06668e-21)
(-0.411428 -1.57524 9.9717e-19)
(0.0224307 0.162601 2.28924e-19)
(0.26889 0.933758 0)
(0.440928 1.4812 0)
(0.509487 1.6757 0)
(0.515956 1.70548 1.00017e-20)
(0.513485 1.68091 -3.22535e-20)
(0.501548 1.63984 3.88803e-21)
(0.497201 1.5923 0)
(0.500003 1.54174 0)
(0.50898 1.53771 -8.34401e-20)
(0.614008 1.70054 -4.6513e-20)
(0.969307 2.455 5.60183e-20)
(1.31211 2.96502 -3.90326e-20)
(1.42721 2.87793 -9.50203e-20)
(1.34766 2.55108 8.71561e-20)
(1.19095 1.83631 -3.08286e-19)
(0.754669 0.827001 2.33637e-19)
(0.393649 -0.124337 0)
(0.0471288 -0.827904 1.02632e-21)
(-0.14637 -1.15023 -5.92812e-19)
(0.000995396 0.092852 -2.00498e-19)
(0.179049 0.770694 6.874e-20)
(0.360265 1.39217 9.21301e-20)
(0.442104 1.65553 -1.92806e-20)
(0.455927 1.70841 -4.45547e-20)
(0.459419 1.69122 -3.81552e-21)
(0.451301 1.64518 -1.16618e-20)
(0.449095 1.59596 -7.80145e-21)
(0.456569 1.53487 0)
(0.471662 1.50775 -1.69602e-20)
(0.540158 1.60493 4.30368e-20)
(0.795997 2.17824 -7.80463e-20)
(1.17156 2.79099 0)
(1.23124 2.75265 8.19616e-20)
(1.22391 2.54265 0)
(1.12644 2.09122 8.72316e-20)
(0.830178 1.34369 1.07735e-19)
(0.50293 0.576484 0)
(0.194019 -0.13437 0)
(-0.0270624 -0.526886 -1.34139e-18)
(-0.0044189 0.0383748 1.41457e-19)
(0.100328 0.567678 -5.26877e-20)
(0.285344 1.27179 3.74503e-20)
(0.370049 1.60177 -5.29376e-20)
(0.391866 1.69108 1.8068e-20)
(0.397309 1.68739 -1.27794e-21)
(0.393847 1.64707 -4.52387e-21)
(0.390634 1.59441 -1.70185e-21)
(0.397811 1.52392 5.47398e-21)
(0.412992 1.47342 3.124e-20)
(0.433761 1.52152 6.32926e-21)
(0.565656 1.89642 0)
(0.903685 2.61728 4.60649e-20)
(0.942907 2.66523 0)
(0.929765 2.57485 0)
(0.867257 2.32185 0)
(0.702292 1.84302 8.99052e-19)
(0.462829 1.21494 -2.28436e-18)
(0.237826 0.653299 2.03185e-20)
(0.0628593 0.202189 1.6013e-18)
(0.00368801 -0.0150423 2.12385e-20)
(0.0352323 0.267829 1.99429e-20)
(0.205234 1.06641 -1.62482e-20)
(0.296627 1.52475 -8.74031e-21)
(0.322304 1.67041 7.06701e-21)
(0.331046 1.67818 1.19976e-21)
(0.329938 1.64728 -2.11199e-21)
(0.324935 1.58913 0)
(0.322271 1.51651 4.14066e-21)
(0.331112 1.44831 5.8365e-21)
(0.331183 1.46715 -3.33335e-20)
(0.347197 1.73379 0)
(0.612125 2.45767 1.03992e-20)
(0.636001 2.67733 -6.1544e-20)
(0.611096 2.66473 0)
(0.560224 2.55488 0)
(0.476141 2.27929 -5.18111e-20)
(0.316619 1.79405 0)
(0.162142 1.3046 -3.96269e-20)
(0.0510924 0.756954 0)
(0.0125196 -0.0727369 0)
(0.0123161 0.0828024 0)
(0.110896 0.76596 0)
(0.211776 1.37474 0)
(0.244823 1.61822 -1.18758e-34)
(0.256073 1.65944 4.96136e-36)
(0.259783 1.64203 0)
(0.258884 1.58598 0)
(0.248952 1.51727 0)
(0.255389 1.44119 0)
(0.259193 1.45233 0)
(0.215476 1.65793 0)
(0.396388 2.33582 0)
(0.443086 2.69611 0)
(0.398563 2.76078 0)
(0.362242 2.72907 0)
(0.306952 2.57109 0)
(0.208729 2.20978 0)
(0.0945432 1.75029 0)
(0.0173192 1.09308 0)
(0.00823914 -0.123024 0)
(0.00999157 -0.0106127 0)
(0.0425202 0.559018 0)
(0.127431 1.23728 0)
(0.160633 1.55673 0)
(0.180279 1.63642 0)
(0.188563 1.63058 0)
(0.195086 1.58426 0)
(0.189635 1.51835 0)
(0.193772 1.44575 0)
(0.206479 1.45779 0)
(0.14178 1.62827 0)
(0.259662 2.27331 0)
(0.316114 2.71266 0)
(0.274524 2.83288 0)
(0.236321 2.83681 0)
(0.202285 2.7429 0)
(0.137037 2.46145 0)
(0.0529611 2.03728 0)
(0.00418497 1.29458 0)
(0.00448888 -0.15205 0)
(0.00706001 -0.0371571 0)
(0.0032878 0.474234 0)
(0.0504386 1.15134 0)
(0.0788135 1.50443 0)
(0.103315 1.60841 0)
(0.120297 1.61378 0)
(0.134596 1.5768 0)
(0.139682 1.51684 0)
(0.138057 1.45528 0)
(0.159161 1.47111 0)
(0.0944172 1.61644 0)
(0.163212 2.23552 0)
(0.217789 2.73226 0)
(0.178741 2.89183 0)
(0.14525 2.92142 0)
(0.119345 2.85995 0)
(0.0755358 2.62484 0)
(0.0173434 2.19929 0)
(-0.00771403 1.36312 0)
(0.0010865 -0.161255 0)
(-0.00624115 -0.0154862 0)
(-0.028983 0.475832 0)
(-0.0116668 1.10049 0)
(0.00842889 1.46074 0)
(0.0374171 1.57759 0)
(0.0582987 1.59312 0)
(0.0814971 1.56375 0)
(0.0914725 1.5161 0)
(0.0909742 1.46143 0)
(0.114666 1.48158 0)
(0.0647618 1.61092 0)
(0.100048 2.20749 0)
(0.143359 2.74749 0)
(0.107898 2.93733 0)
(0.081378 2.98634 0)
(0.0646045 2.94426 0)
(0.031285 2.73906 0)
(-0.000216369 2.32016 0)
(-0.0145201 1.35165 0)
(-0.00287563 -0.133036 0)
(-0.0212505 0.0478777 0)
(-0.050384 0.511448 0)
(-0.0503214 1.08416 0)
(-0.0385239 1.41665 0)
(-0.0103721 1.53854 0)
(0.0112285 1.56611 0)
(0.03837 1.54693 0)
(0.0502786 1.51003 0)
(0.0560447 1.45772 0)
(0.0783948 1.48459 0)
(0.0428191 1.61056 0)
(0.0599346 2.18526 0)
(0.0882005 2.75264 0)
(0.0555523 2.97156 0)
(0.035961 3.0371 0)
(0.0201175 3.0079 0)
(-0.00136487 2.80806 0)
(-0.0279622 2.35983 0)
(-0.0160741 1.30501 0)
(-0.0057495 -0.0794356 0)
(-0.0295104 0.134007 0)
(-0.0640778 0.574015 0)
(-0.0724156 1.08315 0)
(-0.0638834 1.37553 0)
(-0.039464 1.49464 0)
(-0.0189433 1.53164 0)
(0.00609203 1.52508 0)
(0.0254263 1.49391 0)
(0.0291305 1.44834 0)
(0.0520634 1.48672 0)
(0.0227397 1.61162 0)
(0.0322977 2.17207 0)
(0.0462073 2.75785 0)
(0.0155287 2.9973 0)
(-0.00110228 3.07564 0)
(-0.0148917 3.04875 0)
(-0.0303049 2.84627 0)
(-0.0382805 2.35115 0)
(-0.0225176 1.20376 0)
(-0.00659882 -0.0122847 0)
(-0.0314825 0.229916 0)
(-0.0673198 0.636846 0)
(-0.0739338 1.08726 0)
(-0.0729741 1.34078 0)
(-0.0521928 1.45344 0)
(-0.0359562 1.49464 0)
(-0.0154683 1.49676 0)
(0.00940225 1.4751 0)
(0.00693084 1.44127 0)
(0.0277049 1.49087 0)
(0.00922644 1.61204 0)
(0.00799315 2.1756 0)
(0.0111571 2.76906 0)
(-0.0139298 3.01888 0)
(-0.0253874 3.09902 0)
(-0.038438 3.0709 0)
(-0.0499568 2.85714 0)
(-0.0478382 2.31823 0)
(-0.027177 1.06022 0)
(-0.00596847 0.0539374 0)
(-0.0280331 0.323566 0)
(-0.0608445 0.696068 0)
(-0.0700705 1.09437 0)
(-0.0698155 1.32101 0)
(-0.0534651 1.4251 0)
(-0.0425022 1.46583 0)
(-0.0272043 1.47117 0)
(-0.00604355 1.46095 0)
(-0.00991126 1.43586 0)
(0.00471491 1.4903 0)
(-0.00252001 1.62042 0)
(-0.0151916 2.18252 0)
(-0.0148787 2.78284 0)
(-0.034115 3.03681 0)
(-0.0416021 3.118 0)
(-0.0523193 3.08564 0)
(-0.0585573 2.85161 0)
(-0.0524505 2.25553 0)
(-0.0220844 0.914084 0)
(-0.00433675 0.109559 0)
(-0.0216051 0.40608 0)
(-0.0496832 0.750983 0)
(-0.059621 1.10663 0)
(-0.0594438 1.31193 0)
(-0.0485101 1.40931 0)
(-0.0417451 1.44878 0)
(-0.0318103 1.45599 0)
(-0.0185925 1.45231 0)
(-0.02193 1.43299 0)
(-0.0140694 1.48505 0)
(-0.0160133 1.63113 0)
(-0.0333883 2.19152 0)
(-0.0344831 2.79549 0)
(-0.0532945 3.0525 0)
(-0.0579053 3.13105 0)
(-0.065621 3.09529 0)
(-0.0658695 2.8355 0)
(-0.0508159 2.1739 0)
(-0.0152974 0.784346 0)
(-0.00292608 0.151082 0)
(-0.0154178 0.473034 0)
(-0.0388215 0.799749 0)
(-0.0476686 1.11679 0)
(-0.0459923 1.30819 0)
(-0.0395204 1.40209 0)
(-0.0345005 1.44153 0)
(-0.0314827 1.45059 0)
(-0.0237298 1.44857 0)
(-0.0290226 1.43292 0)
(-0.0290109 1.48037 0)
(-0.0274704 1.63708 0)
(-0.0432619 2.20822 0)
(-0.0487829 2.81072 0)
(-0.0673799 3.06694 0)
(-0.0667728 3.14292 0)
(-0.0699714 3.09288 0)
(-0.0676577 2.80666 0)
(-0.0461103 2.08066 0)
(-0.00919253 0.67475 0)
(-0.00206156 0.180635 0)
(-0.0107782 0.524885 0)
(-0.0295992 0.84235 0)
(-0.0387209 1.12393 0)
(-0.0360586 1.304 0)
(-0.0327469 1.39594 0)
(-0.0282197 1.43651 0)
(-0.0288354 1.44924 0)
(-0.0242141 1.44844 0)
(-0.0330225 1.43872 0)
(-0.0408755 1.47896 0)
(-0.0376628 1.63949 0)
(-0.0474602 2.2272 0)
(-0.0562606 2.82619 0)
(-0.0696709 3.07616 0)
(-0.0694415 3.14464 0)
(-0.0681643 3.0873 0)
(-0.0572189 2.77069 0)
(-0.0408822 1.99434 0)
(-0.00258354 0.588518 0)
(-0.0015256 0.201442 0)
(-0.00747867 0.563135 0)
(-0.021562 0.878158 0)
(-0.0312548 1.13213 0)
(-0.0294345 1.30203 0)
(-0.0269426 1.39322 0)
(-0.0222285 1.43491 0)
(-0.0259011 1.45108 0)
(-0.0233453 1.44941 0)
(-0.0365349 1.44814 0)
(-0.0504362 1.48117 0)
(-0.051762 1.64099 0)
(-0.0552746 2.2449 0)
(-0.0627302 2.83864 0)
(-0.0730355 3.08007 0)
(-0.0706866 3.14197 0)
(-0.0670607 3.07389 0)
(-0.0548645 2.72648 0)
(-0.032824 1.89626 0)
(0.00154521 0.526086 0)
(-0.00120932 0.216459 0)
(-0.00534697 0.590735 0)
(-0.0151951 0.908077 0)
(-0.0248206 1.14401 0)
(-0.0256811 1.29923 0)
(-0.0232825 1.38747 0)
(-0.018717 1.43119 0)
(-0.0202393 1.45413 0)
(-0.021722 1.45488 0)
(-0.0380823 1.46483 0)
(-0.0562953 1.48816 0)
(-0.0689289 1.64256 0)
(-0.0700282 2.25562 0)
(-0.0727734 2.84989 0)
(-0.0829374 3.07981 0)
(-0.0778283 3.13378 0)
(-0.0769366 3.04692 0)
(-0.0661816 2.66666 0)
(-0.0271514 1.77193 0)
(0.00107123 0.477802 0)
(-0.000981813 0.227259 0)
(-0.00368122 0.608976 0)
(-0.00983703 0.930055 0)
(-0.0167219 1.15707 0)
(-0.0192603 1.30099 0)
(-0.0138897 1.38452 0)
(-0.00986877 1.42991 0)
(-0.00569032 1.45806 0)
(-0.012756 1.4608 0)
(-0.0276326 1.47986 0)
(-0.0548 1.50306 0)
(-0.0832357 1.65148 0)
(-0.0818631 2.25529 0)
(-0.0802821 2.85848 0)
(-0.0881562 3.07784 0)
(-0.0789042 3.12732 0)
(-0.075968 3.02873 0)
(-0.0599754 2.5961 0)
(-0.0245763 1.6638 0)
(0.00327157 0.43647 0)
(-0.000797285 0.235046 0)
(-0.00231782 0.619899 0)
(-0.00561959 0.943927 0)
(-0.00936243 1.16618 0)
(-0.0117554 1.29713 0)
(-0.00252871 1.37196 0)
(0.00198667 1.41927 0)
(0.0196084 1.45445 0)
(0.0105674 1.47527 0)
(0.0073242 1.50217 0)
(-0.0315591 1.52545 0)
(-0.0830244 1.66289 0)
(-0.0847485 2.24927 0)
(-0.0780856 2.86202 0)
(-0.0869947 3.07455 0)
(-0.073052 3.11659 0)
(-0.0598404 3.00351 0)
(-0.0404014 2.53987 0)
(-0.0198862 1.59429 0)
(0.0105134 0.415131 0)
(-0.00041934 0.239045 0)
(-0.000533254 0.623266 0)
(-0.000909697 0.948187 0)
(-0.000330999 1.16714 0)
(0.00346705 1.29055 0)
(0.01941 1.35899 0)
(0.0303985 1.40346 0)
(0.0648478 1.44098 0)
(0.0635155 1.46981 0)
(0.0819921 1.51302 0)
(0.0264755 1.5768 0)
(-0.0714319 1.68929 0)
(-0.0856005 2.24906 0)
(-0.0793268 2.86608 0)
(-0.0908844 3.06542 0)
(-0.0780606 3.09538 0)
(-0.0641998 2.9577 0)
(-0.0479285 2.47058 0)
(-0.0134997 1.49472 0)
(0.0161885 0.41822 0)
(-0.000109788 0.239986 0)
(0.000701509 0.62164 0)
(0.00252104 0.945756 0)
(0.00677705 1.1575 0)
(0.0167148 1.2651 0)
(0.0386191 1.3226 0)
(0.0588045 1.36438 0)
(0.102173 1.4071 0)
(0.124494 1.46022 0)
(0.166025 1.5331 0)
(0.103227 1.6459 0)
(-0.0174455 1.7572 0)
(-0.0828343 2.25472 0)
(-0.0786439 2.87784 0)
(-0.105433 3.06384 0)
(-0.109185 3.07545 0)
(-0.108549 2.90114 0)
(-0.0833802 2.34436 0)
(-0.0210798 1.32051 0)
(0.0115866 0.421137 0)
(0.000882787 0.235296 0)
(0.0037031 0.609471 0)
(0.00879607 0.92982 0)
(0.0207316 1.13037 0)
(0.0396928 1.23261 0)
(0.0706063 1.28475 0)
(0.107625 1.31884 0)
(0.164282 1.35877 0)
(0.206841 1.4098 0)
(0.246048 1.53202 0)
(0.162998 1.72645 0)
(0.0316431 1.84916 0)
(-0.0775853 2.28214 0)
(-0.0862925 2.90445 0)
(-0.118502 3.07962 0)
(-0.121497 3.08497 0)
(-0.131017 2.87477 0)
(-0.105116 2.23284 0)
(-0.0313616 1.12572 0)
(-0.00497093 0.385502 0)
(0.00167399 0.22573 0)
(0.00563627 0.594054 0)
(0.011906 0.906746 0)
(0.0260644 1.09068 0)
(0.0497181 1.17392 0)
(0.0887277 1.20923 0)
(0.136692 1.23812 0)
(0.20076 1.28707 0)
(0.273566 1.37783 0)
(0.310615 1.5672 0)
(0.216111 1.82036 0)
(0.0764203 1.97287 0)
(-0.0734267 2.36219 0)
(-0.0891019 2.96988 0)
(-0.130996 3.12347 0)
(-0.135815 3.10862 0)
(-0.117785 2.84137 0)
(-0.101582 2.15001 0)
(-0.0163095 0.981494 0)
(-0.0129191 0.323075 0)
(0.00303679 0.206842 0)
(0.00935677 0.56743 0)
(0.0193489 0.87103 0)
(0.0408307 1.03906 0)
(0.0745631 1.11163 0)
(0.123443 1.14086 0)
(0.18508 1.1617 0)
(0.265123 1.20335 0)
(0.322738 1.30743 0)
(0.345064 1.58884 0)
(0.237581 1.92768 0)
(0.0632454 2.10769 0)
(-0.119211 2.45267 0)
(-0.109028 3.01246 0)
(-0.161548 3.13934 0)
(-0.15658 3.10492 0)
(-0.131836 2.77509 0)
(-0.0821355 1.99212 0)
(0.00942415 0.880184 0)
(-0.0109497 0.290158 0)
(0.0034884 0.184158 0)
(0.00987947 0.5433 0)
(0.0174424 0.834685 0)
(0.0371456 0.975355 0)
(0.0690023 1.02237 0)
(0.119901 1.03003 0)
(0.18204 1.04816 0)
(0.264189 1.11835 0)
(0.325201 1.28569 0)
(0.354118 1.64466 0)
(0.243737 2.06277 0)
(0.0358201 2.27511 0)
(-0.141015 2.54515 0)
(-0.147374 3.05256 0)
(-0.191882 3.1451 0)
(-0.195972 3.08043 0)
(-0.190668 2.64206 0)
(-0.0684048 1.63331 0)
(-0.00119335 0.801167 0)
(-0.00275216 0.276533 0)
(0.00425682 0.154486 0)
(0.011221 0.514098 0)
(0.0206627 0.794539 0)
(0.044084 0.915805 0)
(0.0782972 0.950283 0)
(0.130835 0.952018 0)
(0.190473 0.967655 0)
(0.26614 1.03408 0)
(0.309722 1.23487 0)
(0.328482 1.66641 0)
(0.228913 2.19358 0)
(0.030226 2.43164 0)
(-0.129815 2.64763 0)
(-0.188635 3.10417 0)
(-0.217101 3.17642 0)
(-0.207374 3.05249 0)
(-0.208203 2.52917 0)
(-0.0475302 1.35118 0)
(-0.0288307 0.722155 0)
(-0.00139341 0.2409 0)
(0.0033524 0.13084 0)
(0.00609056 0.499426 0)
(0.00658792 0.765004 0)
(0.0203077 0.858444 0)
(0.0409994 0.868322 0)
(0.0765228 0.853008 0)
(0.121524 0.864518 0)
(0.178162 0.959925 0)
(0.221867 1.21869 0)
(0.252143 1.72267 0)
(0.145403 2.33755 0)
(0.000483765 2.57956 0)
(-0.1643 2.79692 0)
(-0.233215 3.16368 0)
(-0.276095 3.21438 0)
(-0.242198 3.00489 0)
(-0.165742 2.3156 0)
(-0.010428 1.21177 0)
(-0.0280597 0.657768 0)
(0.000206316 0.196322 0)
(0.00255156 0.115326 0)
(0.00352554 0.50044 0)
(0.00013039 0.756448 0)
(0.00821147 0.834269 0)
(0.0191655 0.8388 0)
(0.0405409 0.824819 0)
(0.0623526 0.840666 0)
(0.0922069 0.941606 0)
(0.105275 1.21129 0)
(0.0948841 1.74969 0)
(0.040336 2.40399 0)
(-0.0500043 2.69217 0)
(-0.255499 2.97176 0)
(-0.304839 3.23728 0)
(-0.318557 3.20774 0)
(-0.312628 2.88069 0)
(-0.0976752 1.84468 0)
(-0.0158845 1.11445 0)
(-0.0132441 0.607427 0)
(-0.00239548 0.163282 0)
(-0.000588746 0.107429 0)
(-0.00922408 0.51278 0)
(-0.0258592 0.758799 0)
(-0.0371406 0.821545 0)
(-0.0544175 0.811334 0)
(-0.0648441 0.781338 0)
(-0.0858375 0.780103 0)
(-0.0984561 0.864879 0)
(-0.114192 1.17048 0)
(-0.123827 1.7717 0)
(-0.142889 2.49493 0)
(-0.246403 2.8657 0)
(-0.441184 3.11675 0)
(-0.448758 3.25072 0)
(-0.394758 3.15596 0)
(-0.283044 2.66061 0)
(-0.0309672 1.55354 0)
(-0.0240177 1.05549 0)
(-0.0063495 0.574141 0)
(-0.00297837 0.138584 0)
(-0.00426013 0.161209 0)
(-0.0212234 0.615446 0)
(-0.0500712 0.862897 0)
(-0.0792319 0.925494 0)
(-0.125395 0.922094 0)
(-0.177159 0.907138 0)
(-0.25509 0.925648 0)
(-0.351078 1.02507 0)
(-0.435487 1.29638 0)
(-0.473129 1.83774 0)
(-0.461802 2.52848 0)
(-0.482211 2.9271 0)
(-0.521505 3.09954 0)
(-0.467549 3.15933 0)
(-0.3889 2.86915 0)
(-0.163189 1.99421 0)
(-0.027493 1.35365 0)
(-0.0175295 1.00821 0)
(-0.00707488 0.559146 0)
(-0.00216411 0.12021 0)
(-0.251271 1.61132 8.83376e-23)
(0.404984 3.25119 1.89992e-19)
(0.0945834 3.47769 -1.03752e-19)
(0.204366 3.44301 0)
(0.166295 3.39397 0)
(0.161019 3.3452 -5.84677e-19)
(0.163568 3.31912 6.00837e-19)
(0.135875 3.27197 -6.08166e-19)
(0.118328 3.17363 1.07574e-20)
(0.105766 2.56601 7.82713e-19)
(-0.105022 2.35376 -2.79542e-23)
(0.13752 3.30543 1.71507e-19)
(0.0126497 3.44468 0)
(0.101756 3.39569 0)
(0.0778737 3.34843 1.74163e-20)
(0.083552 3.30932 1.18907e-18)
(0.0791681 3.27523 -6.47604e-19)
(0.0544236 3.23852 -1.04691e-20)
(0.0529626 3.07913 9.99314e-21)
(0.0012844 2.08239 0)
(-0.0278921 2.08884 3.46221e-19)
(0.0893268 3.14976 -3.62813e-19)
(0.0288683 3.35079 0)
(0.0765527 3.32768 5.51846e-19)
(0.0559132 3.304 -1.42926e-21)
(0.0570269 3.28159 -6.0762e-19)
(0.0483179 3.26658 -7.21733e-19)
(0.0329447 3.24454 -2.26551e-22)
(0.0420851 3.11724 1.03455e-20)
(-0.0163949 2.20943 0)
(-0.0402391 2.03034 -1.23913e-19)
(0.0297596 3.12435 0)
(-0.011283 3.31222 -2.87288e-19)
(0.0242677 3.30894 -2.53083e-19)
(0.0185201 3.28536 2.05346e-20)
(0.0248837 3.2619 -3.74887e-19)
(0.0292672 3.24533 3.41499e-19)
(0.0228123 3.23291 -1.18026e-20)
(0.0428907 3.12408 1.56941e-20)
(0.00761687 2.24899 4.00386e-19)
(-0.0469924 2.02938 -2.28964e-19)
(0.0150225 3.09348 0)
(-0.00542385 3.2688 6.05729e-19)
(0.0142235 3.26281 -3.31775e-19)
(0.0155248 3.24864 -7.174e-22)
(0.018599 3.23729 4.36806e-21)
(0.0219103 3.23336 -1.54027e-20)
(0.0227322 3.22349 -4.12304e-19)
(0.0435031 3.12668 1.13988e-20)
(-0.00307924 2.31136 -8.3261e-19)
(-0.0521594 2.08731 0)
(-0.00867648 3.0876 -3.19866e-19)
(-0.0275223 3.2444 1.63291e-20)
(-0.0134211 3.24764 -2.19659e-20)
(-0.00434627 3.2327 2.25476e-20)
(0.00405898 3.22005 3.73236e-19)
(0.0167893 3.21063 3.87709e-19)
(0.0214846 3.20527 8.05123e-19)
(0.042847 3.12376 4.4182e-19)
(0.0107826 2.35378 -1.65121e-20)
(-0.048392 2.14439 0)
(-0.0188005 3.08388 3.31121e-19)
(-0.0182028 3.21452 -3.44014e-19)
(-0.0108505 3.21299 -2.3298e-20)
(0.000332422 3.20254 4.80371e-20)
(0.00815297 3.19569 3.7354e-22)
(0.0165056 3.19566 -2.56443e-20)
(0.0221099 3.19068 -4.17998e-19)
(0.0425554 3.12108 -4.30279e-19)
(0.00383997 2.41947 -1.71675e-20)
(-0.0498077 2.22781 3.66796e-19)
(-0.028367 3.08514 -1.71088e-20)
(-0.031671 3.19443 1.17619e-20)
(-0.0232613 3.19583 0)
(-0.012945 3.18579 0)
(-0.00115373 3.17812 0)
(0.0138323 3.17142 0)
(0.0208283 3.16936 4.53981e-19)
(0.0411209 3.11259 -4.67309e-19)
(0.0154973 2.46378 4.64627e-19)
(-0.0447745 2.30908 2.80505e-20)
(-0.0325591 3.08652 3.86455e-19)
(-0.0204784 3.16988 0)
(-0.0145548 3.16549 -2.57006e-20)
(-0.00395224 3.15766 2.62875e-20)
(0.00544587 3.15306 0)
(0.0145974 3.15438 -1.41297e-20)
(0.0207865 3.15257 -4.4068e-19)
(0.0402594 3.10913 4.68781e-19)
(0.0103723 2.53295 0)
(-0.0449007 2.40191 1.46842e-20)
(-0.0364551 3.08551 -5.89808e-19)
(-0.0303323 3.14981 0)
(-0.0225791 3.14702 0)
(-0.0136092 3.13928 2.7752e-20)
(-0.00216746 3.13381 -2.32545e-19)
(0.0119748 3.12873 -2.92179e-20)
(0.0192566 3.1294 2.46797e-19)
(0.0384629 3.09614 0)
(0.0193319 2.58105 0)
(-0.0388395 2.49272 -6.08289e-19)
(-0.0380674 3.08342 2.06546e-19)
(-0.0202216 3.1244 0)
(-0.0130147 3.11618 0)
(-0.00353016 3.10946 0)
(0.00558533 3.10642 4.75936e-19)
(0.0140665 3.10901 0)
(0.0201751 3.11048 -2.63208e-19)
(0.0379387 3.09049 1.61749e-20)
(0.0148828 2.65377 2.71914e-19)
(-0.038552 2.58745 2.14941e-19)
(-0.040504 3.07428 -2.07205e-20)
(-0.030019 3.10104 2.46491e-19)
(-0.021328 3.095 2.39125e-19)
(-0.0124631 3.08849 0)
(-0.00083896 3.08437 -2.43162e-19)
(0.0128341 3.08106 0)
(0.0210974 3.08457 0)
(0.0384047 3.07218 0)
(0.0223789 2.70643 -2.73176e-19)
(-0.0343572 2.68012 -2.21807e-19)
(-0.042765 3.0635 2.28828e-19)
(-0.0230828 3.0721 -2.32274e-19)
(-0.0130883 3.06202 -3.6427e-19)
(-0.00286517 3.05687 0)
(0.00720119 3.05534 3.24412e-20)
(0.0164958 3.05899 -1.65745e-20)
(0.0248033 3.06298 1.22621e-19)
(0.0417503 3.06163 1.52345e-19)
(0.0207627 2.78039 -1.5667e-19)
(-0.035142 2.77082 2.27627e-19)
(-0.0469127 3.04348 -2.19978e-19)
(-0.0330269 3.04547 1.55485e-20)
(-0.0208842 3.04033 9.22153e-20)
(-0.0110546 3.03635 -1.30992e-19)
(0.000307035 3.03396 0)
(0.0141452 3.03175 1.40661e-19)
(0.0256864 3.03564 4.95075e-21)
(0.0445736 3.03661 -2.93578e-19)
(0.0287267 2.83263 -6.55103e-21)
(-0.0290769 2.85666 -6.33729e-20)
(-0.0436374 3.02301 1.56223e-20)
(-0.0228235 3.01807 -8.0913e-20)
(-0.0109991 3.01454 3.30124e-20)
(-0.00217633 3.01411 1.59575e-19)
(0.00628843 3.01346 -6.74473e-20)
(0.0141259 3.01449 -6.78227e-20)
(0.023344 3.01689 -7.05374e-20)
(0.0418757 3.02182 1.50139e-19)
(0.0247518 2.90029 7.40888e-20)
(-0.0178354 2.93889 5.09683e-20)
(-0.0262145 2.99932 2.251e-20)
(-0.0162791 3.0005 4.46326e-20)
(-0.00942405 3.00171 -9.13e-20)
(-0.00413123 3.00265 3.08606e-20)
(0.000644243 3.00218 6.28645e-20)
(0.00568673 3.00061 -6.54939e-20)
(0.0107252 2.99897 -6.84091e-20)
(0.0217983 2.99716 9.17429e-21)
(0.0165595 2.94916 6.5198e-20)
)
;

boundaryField
{
    wall-4
    {
        type            noSlip;
    }
    pressure-outlet-7
    {
        type            zeroGradient;
    }
    velocity-inlet-6
    {
        type            fixedValue;
        value           uniform (0 3 0);
    }
    velocity-inlet-5
    {
        type            fixedValue;
        value           uniform (1 0 0);
    }
    frontAndBackPlanes
    {
        type            empty;
    }
}


// ************************************************************************* //
