/*--------------------------------*- C++ -*----------------------------------*\
| =========                 |                                                 |
| \\      /  F ield         | OpenFOAM: The Open Source CFD Toolbox           |
|  \\    /   O peration     | Version:  v2012                                 |
|   \\  /    A nd           | Website:  www.openfoam.com                      |
|    \\/     M anipulation  |                                                 |
\*---------------------------------------------------------------------------*/
FoamFile
{
    version     2.0;
    format      ascii;
    class       volVectorField;
    location    "64";
    object      U;
}
// * * * * * * * * * * * * * * * * * * * * * * * * * * * * * * * * * * * * * //

dimensions      [0 1 -1 0 0 0 0];


internalField   nonuniform List<vector> 
2200
(
(0.878842 -0.0304106 0)
(1.00579 -0.0512779 0)
(1.00328 -0.0353906 0)
(1.00027 -0.0244282 0)
(0.99989 -0.0166468 0)
(1.00004 -0.0107205 0)
(1.00002 -0.00682535 0)
(0.999984 -0.00418981 0)
(0.99991 -0.00217852 0)
(1.00019 -0.00061272 0)
(1.00012 0.00113779 0)
(1.00033 0.00263865 0)
(1.00035 0.00453625 0)
(1.00026 0.00712397 0)
(1.00015 0.0108484 0)
(1.00007 0.0166684 0)
(1.00037 0.0243758 0)
(1.00347 0.0348539 0)
(1.00599 0.0513829 0)
(0.879056 0.0302937 0)
(0.712032 -0.0327628 0)
(0.996653 -0.063007 0)
(1.03334 -0.0561471 0)
(1.02491 -0.0464104 0)
(1.01587 -0.0360946 0)
(1.00963 -0.0263501 0)
(1.00591 -0.0181126 0)
(1.00379 -0.0113938 0)
(1.00268 -0.00601407 0)
(1.00214 -0.00157036 0)
(1.00187 0.00250732 0)
(1.00205 0.00701227 0)
(1.00325 0.0123149 0)
(1.00546 0.0189106 0)
(1.00933 0.0272227 0)
(1.01544 0.0369684 0)
(1.02455 0.0474767 0)
(1.03315 0.0580219 0)
(0.996708 0.0631388 0)
(0.711774 0.0330392 0)
(0.535567 -0.0238932 0)
(0.969932 -0.0569303 0)
(1.05645 -0.0547258 0)
(1.05228 -0.0487518 0)
(1.03629 -0.0404218 0)
(1.02448 -0.0322531 0)
(1.01593 -0.0239684 0)
(1.0104 -0.0160745 0)
(1.00713 -0.00878817 0)
(1.00552 -0.00210465 0)
(1.00579 0.00436171 0)
(1.00745 0.0107942 0)
(1.01052 0.0177841 0)
(1.01582 0.0254528 0)
(1.02415 0.0334176 0)
(1.03618 0.0413869 0)
(1.05226 0.049387 0)
(1.05632 0.0532415 0)
(0.969212 0.0576463 0)
(0.534397 0.0239384 0)
(0.392364 -0.0136446 0)
(0.911866 -0.0463775 0)
(1.05753 -0.0468747 0)
(1.06958 -0.0442776 0)
(1.05489 -0.0381395 0)
(1.03935 -0.031458 0)
(1.02756 -0.0246705 0)
(1.0191 -0.0174492 0)
(1.01378 -0.00994841 0)
(1.01121 -0.00242882 0)
(1.01074 0.00502661 0)
(1.01285 0.0125626 0)
(1.01807 0.0198719 0)
(1.02654 0.0267085 0)
(1.03845 0.0331351 0)
(1.05396 0.0396051 0)
(1.06817 0.0456818 0)
(1.05547 0.0483164 0)
(0.909889 0.047009 0)
(0.389912 0.01378 0)
(0.307769 -0.00451195 0)
(0.846796 -0.0323713 0)
(1.04943 -0.0399136 0)
(1.07951 -0.0381611 0)
(1.06825 -0.0335008 0)
(1.05172 -0.0278899 0)
(1.03836 -0.0224791 0)
(1.02812 -0.0164077 0)
(1.02098 -0.00950538 0)
(1.01696 -0.00182077 0)
(1.01703 0.00613976 0)
(1.02078 0.0133858 0)
(1.02752 0.0197371 0)
(1.03733 0.0254376 0)
(1.05022 0.0303505 0)
(1.06666 0.0356688 0)
(1.0777 0.040037 0)
(1.04729 0.0417581 0)
(0.842968 0.0329753 0)
(0.303712 0.00474045 0)
(0.264365 0.000101406 0)
(0.789106 -0.0200683 0)
(1.03348 -0.031452 0)
(1.08363 -0.0320211 0)
(1.07734 -0.0287319 0)
(1.06087 -0.0238264 0)
(1.04725 -0.0193374 0)
(1.03641 -0.0142421 0)
(1.02865 -0.00817114 0)
(1.02433 -0.0012346 0)
(1.02371 0.00610142 0)
(1.02706 0.0128367 0)
(1.03435 0.0186137 0)
(1.04502 0.0231322 0)
(1.05864 0.0271317 0)
(1.07489 0.0315523 0)
(1.08036 0.0342462 0)
(1.02922 0.0333542 0)
(0.782578 0.0207343 0)
(0.258697 0.000122343 0)
(0.240443 0.00107091 0)
(0.738507 -0.012269 0)
(1.01379 -0.0249575 0)
(1.08413 -0.0267118 0)
(1.08311 -0.0244105 0)
(1.0679 -0.0202615 0)
(1.05432 -0.0162415 0)
(1.04337 -0.0116826 0)
(1.03508 -0.00627142 0)
(1.02997 0.000207971 0)
(1.02966 0.00691685 0)
(1.03409 0.0128616 0)
(1.04159 0.0174187 0)
(1.05176 0.021387 0)
(1.06477 0.0247278 0)
(1.07946 0.0281717 0)
(1.07987 0.0297598 0)
(1.00751 0.0272729 0)
(0.728813 0.0131597 0)
(0.233036 -0.000831614 0)
(0.226157 0.000962191 0)
(0.695703 -0.00802112 0)
(0.993265 -0.0207055 0)
(1.08235 -0.0230719 0)
(1.08693 -0.0212196 0)
(1.07346 -0.0176544 0)
(1.06004 -0.0138205 0)
(1.0495 -0.00953756 0)
(1.04161 -0.00459888 0)
(1.03684 0.000990895 0)
(1.03594 0.00704341 0)
(1.03891 0.0122114 0)
(1.04574 0.0167369 0)
(1.0558 0.0200927 0)
(1.06921 0.0231024 0)
(1.08191 0.0258324 0)
(1.07564 0.0267829 0)
(0.983252 0.0234678 0)
(0.681716 0.00913112 0)
(0.216576 -0.000709962 0)
(0.216604 0.000623507 0)
(0.660337 -0.00565705 0)
(0.972734 -0.017584 0)
(1.0796 -0.0201393 0)
(1.09035 -0.0185503 0)
(1.07832 -0.0153896 0)
(1.06488 -0.0117565 0)
(1.05428 -0.00750843 0)
(1.04619 -0.00259707 0)
(1.04092 0.00290798 0)
(1.04008 0.00819185 0)
(1.04402 0.0130137 0)
(1.05082 0.0165391 0)
(1.06013 0.0198219 0)
(1.07255 0.0224926 0)
(1.08339 0.0246193 0)
(1.07089 0.0250749 0)
(0.959174 0.0210407 0)
(0.64159 0.0070795 0)
(0.204466 -0.00033445 0)
(0.209469 0.000300616 0)
(0.631898 -0.00419567 0)
(0.954035 -0.0149702 0)
(1.07665 -0.0178802 0)
(1.0935 -0.0165235 0)
(1.08304 -0.0135587 0)
(1.06968 -0.00989376 0)
(1.05935 -0.00585578 0)
(1.05171 -0.00123915 0)
(1.04688 0.0037156 0)
(1.04539 0.00886733 0)
(1.04737 0.013247 0)
(1.05307 0.0171372 0)
(1.06246 0.0198457 0)
(1.07546 0.0222242 0)
(1.08434 0.0239513 0)
(1.06376 0.0238938 0)
(0.934285 0.0191666 0)
(0.606583 0.00595258 0)
(0.193981 4.53256e-05 0)
(0.203644 8.53653e-05 0)
(0.608596 -0.00313635 0)
(0.936009 -0.0125263 0)
(1.07349 -0.0155316 0)
(1.0969 -0.0143601 0)
(1.08779 -0.0115578 0)
(1.07418 -0.00801552 0)
(1.06328 -0.00390088 0)
(1.05494 0.00085787 0)
(1.04937 0.00605644 0)
(1.04787 0.0108018 0)
(1.05095 0.0148474 0)
(1.05715 0.017734 0)
(1.06601 0.0204494 0)
(1.07792 0.0225762 0)
(1.08466 0.0237904 0)
(1.0571 0.0230777 0)
(0.910544 0.0176449 0)
(0.576297 0.00528895 0)
(0.184338 0.000323096 0)
(0.199156 1.30027e-05 0)
(0.590591 -0.00226638 0)
(0.920823 -0.0101705 0)
(1.07066 -0.013342 0)
(1.10027 -0.0122688 0)
(1.0927 -0.00954483 0)
(1.07912 -0.00592228 0)
(1.06832 -0.00200461 0)
(1.06028 0.0024898 0)
(1.05484 0.0072521 0)
(1.0524 0.0120579 0)
(1.05354 0.0160809 0)
(1.05857 0.0193224 0)
(1.06768 0.021354 0)
(1.08018 0.0230461 0)
(1.08437 0.0238884 0)
(1.04772 0.0226036 0)
(0.885685 0.0164572 0)
(0.548479 0.00493142 0)
(0.174823 0.000496433 0)
(0.195585 2.99237e-05 0)
(0.575861 -0.00154823 0)
(0.906256 -0.00808364 0)
(1.06785 -0.0109719 0)
(1.10386 -0.00984656 0)
(1.09772 -0.00706513 0)
(1.08399 -0.00347932 0)
(1.07244 0.000593531 0)
(1.06319 0.0052497 0)
(1.05669 0.0104188 0)
(1.05423 0.0150095 0)
(1.05642 0.0184626 0)
(1.06213 0.0206988 0)
(1.07077 0.0226406 0)
(1.08162 0.023956 0)
(1.08357 0.0243555 0)
(1.03881 0.0224419 0)
(0.861821 0.0156212 0)
(0.523316 0.00476916 0)
(0.165625 0.000582854 0)
(0.193536 6.38816e-05 0)
(0.565487 -0.000756511 0)
(0.895156 -0.00586526 0)
(1.06574 -0.00866436 0)
(1.10761 -0.00742105 0)
(1.10295 -0.00459424 0)
(1.0892 -0.000863499 0)
(1.07763 0.00311821 0)
(1.06864 0.00765992 0)
(1.06212 0.0124598 0)
(1.0583 0.0169737 0)
(1.05842 0.0205668 0)
(1.06279 0.0230274 0)
(1.07158 0.0242428 0)
(1.0827 0.0251082 0)
(1.08151 0.0250535 0)
(1.02656 0.0226017 0)
(0.836118 0.0151329 0)
(0.498655 0.00470944 0)
(0.156264 0.000620952 0)
(0.192703 0.000106563 0)
(0.558053 -0.000196424 0)
(0.884895 -0.00384338 0)
(1.06402 -0.00592069 0)
(1.11156 -0.00439659 0)
(1.1083 -0.00124412 0)
(1.09458 0.00266058 0)
(1.08232 0.00697039 0)
(1.07201 0.0117936 0)
(1.06376 0.0167776 0)
(1.05994 0.0209944 0)
(1.06104 0.0237732 0)
(1.06603 0.0252979 0)
(1.07416 0.0264601 0)
(1.08255 0.0268691 0)
(1.07898 0.0263292 0)
(1.01472 0.0232121 0)
(0.811085 0.0149664 0)
(0.475379 0.00476392 0)
(0.147107 0.00064265 0)
(0.193345 8.96056e-05 0)
(0.553945 0.000871794 0)
(0.878856 -0.0014879 0)
(1.06366 -0.00322982 0)
(1.11617 -0.0013365 0)
(1.11424 0.00196721 0)
(1.10031 0.00614162 0)
(1.08773 0.010466 0)
(1.07736 0.0151669 0)
(1.0693 0.0200415 0)
(1.06386 0.0243486 0)
(1.06235 0.0271313 0)
(1.06544 0.0285991 0)
(1.0736 0.0290506 0)
(1.08252 0.0291841 0)
(1.0742 0.0281595 0)
(0.999046 0.0241475 0)
(0.783602 0.0151612 0)
(0.451326 0.00491983 0)
(0.137509 0.00066081 0)
(0.195483 0.000253617 0)
(0.554262 0.00153927 0)
(0.874145 0.000623857 0)
(1.0644 -1.82149e-05 0)
(1.12132 0.00225449 0)
(1.12055 0.00601879 0)
(1.1066 0.0105773 0)
(1.09342 0.0156109 0)
(1.08188 0.0210081 0)
(1.07177 0.0262144 0)
(1.06555 0.0298464 0)
(1.06473 0.0318017 0)
(1.0684 0.0328509 0)
(1.07551 0.0331396 0)
(1.08067 0.0323858 0)
(1.06899 0.0306113 0)
(0.983431 0.0256714 0)
(0.756153 0.015727 0)
(0.427535 0.00520493 0)
(0.127793 0.000689168 0)
(0.19973 0.000674802 0)
(0.557019 0.00237701 0)
(0.874621 0.00340478 0)
(1.06707 0.00346938 0)
(1.12741 0.0064092 0)
(1.12762 0.0104913 0)
(1.11316 0.0155811 0)
(1.09915 0.0207845 0)
(1.08678 0.026088 0)
(1.07603 0.030995 0)
(1.06839 0.0351514 0)
(1.06499 0.0372246 0)
(1.06611 0.037626 0)
(1.07315 0.0367867 0)
(1.07904 0.0363027 0)
(1.0611 0.033677 0)
(0.963147 0.027574 0)
(0.725278 0.0166741 0)
(0.401739 0.00558213 0)
(0.117226 0.00071367 0)
(0.206215 0.0008793 0)
(0.563961 0.00349908 0)
(0.878519 0.00585457 0)
(1.07187 0.00761739 0)
(1.13437 0.0111382 0)
(1.13557 0.0158728 0)
(1.12082 0.0214106 0)
(1.10607 0.0274805 0)
(1.09264 0.0338782 0)
(1.08037 0.0398711 0)
(1.07079 0.0431883 0)
(1.06681 0.0439617 0)
(1.06833 0.04383 0)
(1.07385 0.0434963 0)
(1.07491 0.0412475 0)
(1.0521 0.0376786 0)
(0.942387 0.0303125 0)
(0.693309 0.0180186 0)
(0.375009 0.00608202 0)
(0.106166 0.00074922 0)
(0.214673 0.00106098 0)
(0.57513 0.00478941 0)
(0.886791 0.00907027 0)
(1.07956 0.0122983 0)
(1.14284 0.0169955 0)
(1.14447 0.0224508 0)
(1.12888 0.0290234 0)
(1.11297 0.0355983 0)
(1.09782 0.0419649 0)
(1.08297 0.0470337 0)
(1.07146 0.0504873 0)
(1.0658 0.0519326 0)
(1.06507 0.0512817 0)
(1.06944 0.048928 0)
(1.07108 0.0471674 0)
(1.03983 0.0424021 0)
(0.915518 0.0332708 0)
(0.656489 0.0196445 0)
(0.345126 0.00658978 0)
(0.09395 0.000763614 0)
(0.227183 0.00142177 0)
(0.59388 0.00672635 0)
(0.902232 0.0133625 0)
(1.09068 0.0184913 0)
(1.15309 0.0240056 0)
(1.15502 0.0304273 0)
(1.13845 0.0377005 0)
(1.12092 0.0451805 0)
(1.10382 0.0526298 0)
(1.08761 0.0592063 0)
(1.07436 0.0628326 0)
(1.0666 0.0619823 0)
(1.06514 0.0603963 0)
(1.06858 0.058322 0)
(1.06379 0.0543823 0)
(1.02538 0.0482172 0)
(0.88724 0.0374401 0)
(0.617304 0.021653 0)
(0.313348 0.0071679 0)
(0.0810975 0.000780177 0)
(0.242764 0.00195322 0)
(0.616715 0.00853373 0)
(0.922599 0.0178444 0)
(1.10606 0.0252552 0)
(1.16577 0.0327322 0)
(1.16705 0.040434 0)
(1.14862 0.049315 0)
(1.12914 0.0577522 0)
(1.10974 0.0655234 0)
(1.08995 0.0709047 0)
(1.07245 0.072426 0)
(1.0637 0.0722601 0)
(1.06087 0.0701175 0)
(1.06134 0.0663649 0)
(1.0568 0.0625149 0)
(1.00692 0.0549145 0)
(0.850626 0.0414359 0)
(0.571045 0.0236753 0)
(0.27744 0.00762354 0)
(0.0670421 0.000765397 0)
(0.265022 0.00282309 0)
(0.65042 0.0123944 0)
(0.952108 0.0249843 0)
(1.12605 0.035232 0)
(1.18114 0.0437289 0)
(1.18135 0.0534495 0)
(1.16057 0.0633076 0)
(1.13816 0.0726764 0)
(1.1152 0.0807862 0)
(1.09254 0.0866934 0)
(1.07451 0.0893918 0)
(1.06296 0.0871379 0)
(1.05807 0.0830322 0)
(1.05893 0.078642 0)
(1.04498 0.0724023 0)
(0.98419 0.0624334 0)
(0.811379 0.0467215 0)
(0.521842 0.0259588 0)
(0.239634 0.00799978 0)
(0.0526986 0.000745047 0)
(0.296243 0.00373183 0)
(0.69544 0.015459 0)
(0.990979 0.0328862 0)
(1.15269 0.0466904 0)
(1.20035 0.058308 0)
(1.19795 0.0700439 0)
(1.1735 0.0816967 0)
(1.14781 0.0918692 0)
(1.12197 0.100295 0)
(1.09594 0.105022 0)
(1.0722 0.104264 0)
(1.05796 0.100296 0)
(1.05224 0.0958798 0)
(1.04801 0.0899111 0)
(1.03321 0.0828759 0)
(0.956694 0.0711423 0)
(0.760955 0.0513438 0)
(0.462372 0.0276499 0)
(0.197141 0.00801854 0)
(0.0374425 0.000637892 0)
(0.332744 0.00709786 0)
(0.753382 0.0247829 0)
(1.04024 0.0465882 0)
(1.18512 0.0646805 0)
(1.22316 0.0776206 0)
(1.21637 0.0924995 0)
(1.18716 0.105109 0)
(1.15706 0.115496 0)
(1.12609 0.122748 0)
(1.09494 0.125669 0)
(1.06979 0.124062 0)
(1.05462 0.119448 0)
(1.04684 0.11258 0)
(1.04321 0.105284 0)
(1.01469 0.0957162 0)
(0.921323 0.0797481 0)
(0.705787 0.0569569 0)
(0.401457 0.0294783 0)
(0.154893 0.00787106 0)
(0.0235887 0.000584876 0)
(0.412947 0.0107314 0)
(0.841187 0.0357221 0)
(1.10679 0.0676598 0)
(1.22558 0.0904205 0)
(1.25015 0.10672 6.16507e-34)
(1.2363 0.123305 -2.78512e-34)
(1.20068 0.135808 0)
(1.1657 0.144905 0)
(1.13078 0.150551 0)
(1.09667 0.151261 0)
(1.06745 0.146573 0)
(1.0481 0.137751 0)
(1.038 0.129113 0)
(1.02678 0.119592 0)
(0.994473 0.10771 0)
(0.879928 0.0893116 0)
(0.636451 0.0605718 0)
(0.325382 0.0291014 0)
(0.105595 0.00729251 0)
(0.00831055 0.000756854 0)
(0.484114 0.0259104 4.50031e-20)
(0.943524 0.060062 -3.41084e-20)
(1.17765 0.102075 0)
(1.26725 0.129315 2.6557e-20)
(1.2788 0.144946 -2.15361e-20)
(1.25563 0.163519 2.93857e-34)
(1.21318 0.174146 0)
(1.17305 0.181118 1.57114e-20)
(1.13245 0.183922 -5.16309e-20)
(1.09209 0.181189 1.05535e-20)
(1.05845 0.172483 0)
(1.03873 0.162332 -2.68683e-20)
(1.02777 0.152052 -3.23297e-20)
(1.0164 0.141153 5.66233e-20)
(0.959703 0.125815 -4.47209e-20)
(0.811833 0.0986258 0)
(0.538431 0.0633968 -1.60783e-20)
(0.237072 0.0274861 0)
(0.0561198 0.00692476 -8.88502e-20)
(-0.00809647 0.00040238 1.04713e-19)
(0.520468 0.0538481 -5.94023e-21)
(1.00919 0.10253 1.006e-19)
(1.22923 0.152852 -5.21788e-21)
(1.30152 0.177289 -6.45585e-20)
(1.30379 0.1948 -4.55035e-20)
(1.27157 0.211565 7.40401e-20)
(1.22269 0.219398 0)
(1.17675 0.223687 0)
(1.1307 0.223863 8.20258e-20)
(1.08619 0.21825 0)
(1.05031 0.207788 9.67824e-20)
(1.02659 0.195346 2.883e-20)
(1.00968 0.181726 5.17977e-22)
(0.983177 0.166031 -6.14123e-20)
(0.91699 0.144772 0)
(0.745857 0.112606 0)
(0.459404 0.0662373 -2.61664e-19)
(0.177568 0.0254669 6.58016e-19)
(0.0236697 0.00490925 -3.88953e-19)
(-0.0198129 -0.00144631 -4.58076e-19)
(0.527606 0.0766957 -5.43881e-20)
(1.04455 0.159765 2.11652e-20)
(1.26502 0.213054 1.18618e-20)
(1.32816 0.236534 1.12257e-19)
(1.32343 0.252707 1.45978e-20)
(1.28388 0.264946 -1.92592e-19)
(1.22934 0.268719 6.58572e-20)
(1.17826 0.269447 0)
(1.12701 0.265826 -1.73213e-19)
(1.0771 0.256421 1.54309e-19)
(1.03567 0.24246 -2.61182e-19)
(1.00704 0.225332 1.22474e-19)
(0.989183 0.209469 -7.94216e-20)
(0.96509 0.194049 1.79069e-19)
(0.88296 0.169118 0)
(0.697886 0.125726 -6.52257e-20)
(0.411206 0.0706565 0)
(0.15589 0.0256848 3.58875e-19)
(0.0129459 0.00320122 -8.50332e-19)
(-0.0243809 -0.00336641 5.32344e-19)
(0.524445 0.108227 1.42116e-19)
(1.06816 0.217693 -6.31481e-20)
(1.28839 0.278902 -1.37802e-20)
(1.34577 0.301487 0)
(1.33591 0.315169 -8.33238e-20)
(1.29105 0.322284 1.02943e-19)
(1.23181 0.321245 -7.03539e-20)
(1.17568 0.317645 0)
(1.11938 0.310228 1.23025e-19)
(1.06508 0.297015 -1.08365e-19)
(1.01949 0.278024 2.25796e-19)
(0.99032 0.258215 0)
(0.968592 0.240851 -1.68719e-19)
(0.931751 0.220011 9.50968e-20)
(0.849299 0.188745 2.39245e-19)
(0.664482 0.141093 -2.10501e-19)
(0.391397 0.0792115 3.32379e-19)
(0.15205 0.0288236 -7.35192e-19)
(0.0116754 0.00248984 4.65055e-19)
(-0.0259394 -0.00527277 -5.81728e-19)
(0.510966 0.132247 -4.28605e-20)
(1.07223 0.270067 3.03465e-20)
(1.29798 0.343843 -4.60162e-20)
(1.3548 0.367169 9.46631e-20)
(1.34185 0.379056 -9.11131e-20)
(1.29343 0.380907 3.21751e-20)
(1.23059 0.375073 3.75641e-21)
(1.17069 0.367237 -1.38125e-19)
(1.11052 0.355099 -1.28595e-19)
(1.05227 0.33699 -2.32187e-19)
(1.00341 0.314408 -4.85401e-19)
(0.968339 0.292282 -1.49819e-19)
(0.944388 0.271536 2.2175e-21)
(0.914434 0.249581 -3.25385e-19)
(0.82479 0.217128 -5.17404e-21)
(0.641989 0.158712 3.06188e-19)
(0.38429 0.0900386 -9.1908e-20)
(0.156208 0.0349786 -5.32269e-20)
(0.0180684 0.0029702 0)
(-0.0238548 -0.00610271 1.23664e-18)
(0.495526 0.153607 0)
(1.07003 0.321429 -3.4122e-22)
(1.30144 0.40811 0)
(1.35731 0.431464 -1.29413e-20)
(1.34184 0.441684 8.69794e-20)
(1.29091 0.439278 -7.55992e-20)
(1.22528 0.429139 7.65195e-20)
(1.16226 0.416739 2.26941e-19)
(1.09894 0.400302 -7.15322e-20)
(1.03724 0.377894 1.14479e-19)
(0.983618 0.350707 2.60864e-19)
(0.947573 0.324828 3.267e-19)
(0.921992 0.303327 -1.96882e-19)
(0.880605 0.277327 3.52426e-19)
(0.796412 0.237702 -2.79327e-19)
(0.622144 0.179648 0)
(0.380005 0.104645 -6.97945e-19)
(0.165724 0.0435331 9.39442e-19)
(0.029 0.00636762 7.0112e-20)
(-0.0191456 -0.00599146 -1.30818e-18)
(0.478852 0.172968 -5.1156e-21)
(1.05824 0.367576 -2.45711e-20)
(1.29705 0.467842 4.32067e-20)
(1.3544 0.493292 -6.94221e-20)
(1.33713 0.503056 7.34004e-20)
(1.2845 0.496369 -7.25687e-20)
(1.217 0.481973 1.50808e-19)
(1.15174 0.46554 -6.75222e-20)
(1.08519 0.444842 -2.88647e-19)
(1.01888 0.41782 -3.12426e-22)
(0.962143 0.386902 -2.83891e-19)
(0.923511 0.359414 -3.5179e-19)
(0.895284 0.333411 2.17672e-19)
(0.861966 0.306915 -1.26802e-19)
(0.774144 0.267634 3.04089e-19)
(0.606817 0.199028 0)
(0.378666 0.120668 -4.34027e-19)
(0.175213 0.0534599 6.4106e-19)
(0.0400393 0.0111747 1.2123e-18)
(-0.0138499 -0.00515742 -1.42574e-18)
(0.465668 0.19117 -9.66729e-20)
(1.04851 0.413953 4.30276e-20)
(1.29083 0.526517 -2.55911e-20)
(1.34789 0.552623 7.12002e-20)
(1.329 0.56115 1.21886e-20)
(1.27508 0.551118 -1.41466e-19)
(1.20578 0.53346 -8.79495e-20)
(1.13803 0.513309 -8.72559e-20)
(1.06877 0.488892 -1.63552e-19)
(1.00065 0.458106 2.62993e-19)
(0.942534 0.422941 2.86553e-19)
(0.901945 0.391443 5.58159e-19)
(0.87157 0.364327 0)
(0.828244 0.335017 6.47831e-21)
(0.747746 0.287937 -8.36499e-19)
(0.590409 0.221315 1.96393e-19)
(0.376536 0.136853 9.4227e-19)
(0.183717 0.0646385 -2.78086e-19)
(0.0508433 0.0171267 5.76863e-19)
(-0.00831695 -0.00362695 -4.80642e-20)
(0.453478 0.207981 5.83032e-21)
(1.03327 0.454456 6.15882e-20)
(1.28014 0.580254 -5.45687e-21)
(1.33828 0.608986 6.8141e-20)
(1.31806 0.617495 -1.36014e-19)
(1.26302 0.60407 1.39725e-19)
(1.19243 0.582953 9.10074e-20)
(1.12336 0.559378 2.59898e-19)
(1.05236 0.531208 3.27253e-19)
(0.981164 0.496019 -3.04748e-19)
(0.919548 0.457321 0)
(0.875725 0.423563 -2.11708e-19)
(0.844993 0.392524 2.43066e-19)
(0.810256 0.361598 3.07234e-19)
(0.726866 0.317631 -1.77832e-19)
(0.575715 0.240338 -4.3223e-19)
(0.373572 0.153441 -1.28757e-19)
(0.190147 0.0759814 -2.00227e-21)
(0.0598059 0.0235073 0)
(-0.00340362 -0.00184152 0)
(0.445615 0.224616 -8.68454e-20)
(1.02257 0.496081 0)
(1.26947 0.633015 9.9639e-21)
(1.32674 0.662818 -1.70518e-20)
(1.30537 0.670067 1.5681e-19)
(1.24956 0.653948 -3.93636e-20)
(1.17793 0.630349 9.24591e-20)
(1.10741 0.603773 -1.75557e-19)
(1.03447 0.572553 2.48107e-19)
(0.961299 0.534282 -1.00998e-19)
(0.897932 0.492472 1.64491e-19)
(0.853749 0.454242 6.72162e-19)
(0.82107 0.422183 1.43389e-20)
(0.777315 0.388187 -3.20772e-19)
(0.701739 0.335223 5.9408e-19)
(0.558528 0.262222 3.51931e-21)
(0.368452 0.168821 1.37752e-19)
(0.1936 0.0873121 -6.56672e-19)
(0.0661092 0.0294765 6.76674e-19)
(0.000507992 -7.24003e-05 -7.97144e-19)
(0.437782 0.240867 2.42383e-23)
(1.00832 0.53206 0)
(1.25608 0.680634 0)
(1.31352 0.713534 2.69514e-21)
(1.29126 0.720824 -4.50689e-20)
(1.23475 0.701982 6.45181e-20)
(1.16242 0.675515 -1.70683e-19)
(1.09112 0.646113 0)
(1.01666 0.611988 -3.66236e-19)
(0.94071 0.570222 4.41998e-19)
(0.874295 0.524597 4.70622e-19)
(0.827423 0.483507 -2.46842e-19)
(0.794053 0.447955 -2.994e-19)
(0.759066 0.411616 7.02342e-19)
(0.680282 0.363127 -2.1133e-19)
(0.541587 0.27851 -2.51804e-19)
(0.360508 0.18329 -1.50547e-19)
(0.193362 0.0968107 -7.09793e-19)
(0.0695233 0.0345201 1.04054e-19)
(0.00333094 0.00142438 8.63296e-19)
(0.432852 0.258414 -4.1788e-20)
(0.99834 0.569644 -5.6403e-20)
(1.24349 0.727544 2.37553e-20)
(1.29957 0.761735 -2.04948e-22)
(1.27659 0.767724 -5.07743e-20)
(1.21968 0.746688 1.01209e-19)
(1.14674 0.718338 0)
(1.07428 0.686658 1.06591e-19)
(0.998105 0.650146 -8.40476e-20)
(0.920776 0.605933 7.38275e-19)
(0.852697 0.557555 -1.06237e-19)
(0.804987 0.513071 1.22325e-19)
(0.770236 0.475351 0)
(0.72627 0.435507 -3.8046e-19)
(0.6544 0.376201 4.6117e-19)
(0.522721 0.297252 0)
(0.350559 0.195222 -3.24132e-19)
(0.190484 0.104849 9.54127e-19)
(0.0701381 0.0384094 1.13415e-19)
(0.0049688 0.00245889 -1.06438e-18)
(0.429263 0.275573 -1.03734e-19)
(0.986128 0.602081 1.31925e-19)
(1.22924 0.769426 0)
(1.28501 0.806653 2.57112e-20)
(1.2614 0.81286 0)
(1.20391 0.789731 -1.34022e-19)
(1.13046 0.75904 0)
(1.0574 0.725043 0)
(0.979946 0.686291 -1.12241e-19)
(0.900001 0.639506 -7.02018e-19)
(0.828491 0.587914 -8.70561e-19)
(0.778014 0.539769 1.43501e-19)
(0.742501 0.497737 5.1856e-19)
(0.707698 0.454905 4.19517e-19)
(0.632429 0.400611 -1.48021e-18)
(0.504131 0.308278 -5.91752e-19)
(0.338903 0.205801 3.46961e-19)
(0.185152 0.110832 0)
(0.0688323 0.0407907 9.72859e-19)
(0.00558038 0.00314103 -1.1477e-18)
(0.427413 0.291134 1.22572e-19)
(0.977637 0.636058 -1.52231e-19)
(1.21629 0.810973 0)
(1.27038 0.849259 -1.1327e-20)
(1.24616 0.854306 -4.71889e-21)
(1.18841 0.829445 0)
(1.11458 0.797338 5.2819e-20)
(1.0406 0.76167 7.46085e-20)
(0.961733 0.721173 -2.10497e-19)
(0.880654 0.672641 9.28173e-20)
(0.807521 0.618347 0)
(0.75544 0.567287 5.94824e-19)
(0.718674 0.522957 6.00123e-21)
(0.674166 0.475568 2.26441e-19)
(0.606518 0.407568 2.68633e-19)
(0.484125 0.321926 0)
(0.326505 0.212638 -5.65085e-19)
(0.178236 0.115015 1.10694e-18)
(0.0664389 0.0420136 -1.17429e-18)
(0.00546928 0.00349349 2.47241e-18)
(0.425742 0.305972 0)
(0.966853 0.665009 0)
(1.20237 0.847575 -7.52401e-20)
(1.25572 0.888639 0)
(1.23091 0.894095 0)
(1.17264 0.867691 -1.07271e-19)
(1.09847 0.833726 5.4024e-20)
(1.02419 0.796206 1.78493e-20)
(0.944357 0.754071 -4.78973e-20)
(0.860626 0.703735 0)
(0.783549 0.647037 -1.33094e-19)
(0.727911 0.592765 -4.85271e-19)
(0.689086 0.541772 -5.85075e-19)
(0.654652 0.489926 -2.35479e-19)
(0.583934 0.427325 2.90902e-19)
(0.465083 0.325766 -6.85239e-19)
(0.314368 0.217257 1.21631e-18)
(0.17102 0.116245 1.56666e-21)
(0.0634576 0.0427473 -1.12355e-18)
(0.00526815 0.00387676 -1.66725e-19)
(0.42464 0.320122 0)
(0.959315 0.695862 -1.23112e-19)
(1.18997 0.884257 9.11669e-20)
(1.24132 0.926097 0)
(1.21593 0.930504 0)
(1.15753 0.902734 2.13288e-19)
(1.08327 0.86775 0)
(1.00834 0.829082 0)
(0.927171 0.78579 -4.62425e-19)
(0.842046 0.734367 1.2925e-19)
(0.763242 0.675563 -1.18007e-18)
(0.70512 0.618133 0)
(0.664795 0.56522 -6.37031e-19)
(0.619273 0.507224 1.01611e-20)
(0.556539 0.426244 -9.36779e-19)
(0.44499 0.332012 3.68478e-19)
(0.303217 0.216484 1.22422e-21)
(0.167598 0.114309 -1.26512e-18)
(0.0619733 0.0410386 6.04474e-19)
(0.00337169 0.00165891 1.78297e-19)
(0.423336 0.33407 0)
(0.949821 0.722037 -1.66988e-19)
(1.17692 0.916247 9.59917e-20)
(1.22726 0.960521 1.34001e-19)
(1.20133 0.965412 -6.27703e-21)
(1.14253 0.936516 2.10668e-20)
(1.0681 0.90011 -3.0584e-20)
(0.992977 0.860011 4.371e-19)
(0.910915 0.815539 4.94664e-19)
(0.823235 0.76291 9.83355e-19)
(0.740512 0.702858 9.80459e-19)
(0.677653 0.642788 1.72779e-19)
(0.632926 0.582293 9.16256e-19)
(0.597362 0.516736 5.6668e-19)
(0.531085 0.440256 6.7224e-19)
(0.425537 0.324868 -4.03142e-19)
(0.291738 0.209281 -4.64425e-19)
(0.168149 0.111322 5.45693e-19)
(0.0696261 0.0487815 -3.24971e-19)
(0.010732 0.0111323 5.7786e-19)
(0.422448 0.347522 2.33194e-19)
(0.943287 0.750166 2.61794e-19)
(1.1654 0.948766 5.50828e-20)
(1.21362 0.99344 1.55633e-20)
(1.18718 0.997302 -1.39339e-20)
(1.12839 0.9673 -5.88528e-20)
(1.05404 0.930195 2.91807e-20)
(0.978383 0.889364 -1.92241e-20)
(0.895016 0.844195 -5.76477e-19)
(0.80594 0.791185 -1.06761e-18)
(0.72111 0.729954 6.80545e-20)
(0.654873 0.666706 0)
(0.608023 0.605107 0)
(0.557811 0.532802 -2.95763e-19)
(0.498275 0.430005 -1.10265e-18)
(0.4035 0.319177 8.68482e-19)
(0.289592 0.191099 5.08677e-19)
(0.180001 0.0905032 0)
(0.0865731 0.0191602 1.04005e-18)
(0.00456146 -0.0156894 -6.1589e-19)
(0.421352 0.360586 -1.23753e-19)
(0.934932 0.773623 1.09149e-19)
(1.15329 0.976725 -1.31552e-19)
(1.20049 1.02348 -1.10598e-19)
(1.17364 1.02784 -2.07363e-20)
(1.11454 0.997005 -1.88475e-20)
(1.04008 0.958829 0)
(0.96427 0.916935 -5.49703e-19)
(0.88018 0.870978 6.97548e-20)
(0.788863 0.817231 0)
(0.700215 0.755737 0)
(0.628438 0.691501 1.1083e-19)
(0.573504 0.622307 1.49106e-19)
(0.531235 0.539197 -3.20004e-19)
(0.465885 0.440313 7.9133e-19)
(0.375193 0.29662 -9.46802e-19)
(0.272446 0.165976 -1.0914e-18)
(0.201381 0.078549 9.67189e-19)
(0.154551 0.0713214 -3.69684e-19)
(0.110615 0.0755854 2.15058e-19)
(0.420598 0.372788 1.53603e-19)
(0.929179 0.798975 0)
(1.14267 1.00556 0)
(1.18783 1.05237 -3.10675e-20)
(1.16055 1.05568 2.51509e-20)
(1.10154 1.02392 -1.99207e-20)
(1.02729 0.985289 1.33514e-19)
(0.951091 0.943013 5.62211e-19)
(0.865905 0.896774 1.04656e-18)
(0.773257 0.8432 -8.077e-20)
(0.68212 0.781641 1.67432e-19)
(0.606459 0.715217 -9.9274e-19)
(0.548694 0.646304 -9.92122e-19)
(0.48583 0.558148 -1.72154e-19)
(0.418342 0.42325 0)
(0.33914 0.286094 -4.6815e-21)
(0.253982 0.092545 6.02759e-19)
(0.245049 -0.0253536 -1.01162e-18)
(0.211595 -0.107572 7.68634e-19)
(0.0880344 -0.0992605 6.36095e-19)
(0.41942 0.384726 -3.38696e-19)
(0.921514 0.819678 -1.52322e-19)
(1.13138 1.02996 6.91255e-21)
(1.17563 1.07869 6.13407e-20)
(1.14801 1.08259 0)
(1.08871 1.05031 -4.82065e-20)
(1.01435 1.01096 -1.93944e-19)
(0.93806 0.968051 -2.26579e-21)
(0.852301 0.921481 -5.48289e-19)
(0.757563 0.867621 -7.93473e-20)
(0.662889 0.806668 7.37016e-20)
(0.581402 0.741959 8.72323e-19)
(0.510911 0.666739 9.67718e-19)
(0.45275 0.564663 1.68168e-19)
(0.377031 0.441462 8.58128e-19)
(0.275985 0.250885 0)
(0.149452 0.0745619 0)
(-0.00985039 0.17863 6.91518e-19)
(-0.0786981 0.629873 -2.73469e-20)
(0.00941158 1.54386 -8.58157e-19)
(0.418685 0.395872 1.86784e-19)
(0.916343 0.84267 4.3008e-19)
(1.1215 1.05591 -5.9521e-19)
(1.16375 1.10458 3.03497e-19)
(1.13565 1.10762 -1.09059e-20)
(1.07642 1.07475 1.56468e-21)
(1.00229 1.03538 0)
(0.925659 0.992653 -4.68081e-19)
(0.838859 0.946504 0)
(0.742804 0.893686 1.1149e-18)
(0.645137 0.834097 -9.03774e-20)
(0.55885 0.768603 1.01341e-19)
(0.486118 0.696884 1.11458e-18)
(0.397843 0.598222 -3.65491e-19)
(0.286473 0.42597 -4.35666e-19)
(0.184951 0.3012 0)
(0.0756095 0.464671 0)
(0.0245648 1.35769 0)
(0.0711808 2.47244 -3.92467e-19)
(0.0976743 2.91511 -2.42415e-19)
(0.417192 0.406553 0)
(0.909181 0.860862 0)
(1.11091 1.07734 2.16668e-19)
(1.15238 1.12801 -2.4709e-19)
(1.12392 1.13192 1.15031e-19)
(1.06439 1.09894 7.42012e-21)
(0.990122 1.05935 2.54573e-20)
(0.913409 1.01656 -1.98202e-20)
(0.826152 0.970747 7.79004e-20)
(0.728131 0.918468 -1.27958e-18)
(0.627115 0.860534 1.63558e-19)
(0.535197 0.800236 8.77082e-19)
(0.444731 0.725991 -1.10985e-18)
(0.360136 0.606633 -1.22625e-18)
(0.264534 0.483049 4.1191e-19)
(0.181295 0.627685 0)
(0.113888 1.58471 5.61313e-19)
(0.118572 2.70036 6.06452e-19)
(0.126001 3.09029 -6.77576e-19)
(0.118683 3.22331 7.22129e-19)
(0.416216 0.416951 0)
(0.904527 0.88158 3.76498e-19)
(1.1018 1.10072 -5.43061e-20)
(1.14135 1.15124 3.41704e-19)
(1.11241 1.15445 -1.20744e-19)
(1.05297 1.12118 0)
(0.97898 1.08193 0)
(0.901998 1.03979 0)
(0.813863 0.995051 4.35784e-19)
(0.714875 0.944746 5.87866e-20)
(0.610871 0.889497 0)
(0.513639 0.829148 -8.71654e-19)
(0.427116 0.760468 0)
(0.304508 0.65209 8.77351e-19)
(0.200539 0.701911 -5.94632e-19)
(0.145734 1.4658 -4.76538e-19)
(0.149655 2.68701 -1.09753e-18)
(0.173064 3.12614 -5.7673e-19)
(0.163663 3.26549 -7.75568e-19)
(0.150688 3.30569 5.66557e-19)
(0.414606 0.426318 -1.31048e-19)
(0.89777 0.897285 1.48826e-20)
(1.09191 1.11936 -6.02157e-20)
(1.1309 1.17202 -2.64943e-19)
(1.10162 1.17636 0)
(1.0419 1.14332 0)
(0.967737 1.1042 0)
(0.890739 1.06245 3.30436e-20)
(0.802367 1.01858 -5.51198e-19)
(0.701661 0.96954 0)
(0.594935 0.916872 0)
(0.495012 0.864851 0)
(0.383229 0.791936 0)
(0.308914 0.744295 6.44136e-19)
(0.266183 1.14189 1.58052e-18)
(0.239284 2.399 4.6422e-19)
(0.25613 3.08168 9.29064e-19)
(0.25078 3.27905 -7.11492e-19)
(0.202501 3.34445 2.60496e-19)
(0.170781 3.3576 0)
(0.413462 0.435551 1.34653e-19)
(0.893475 0.91647 -8.33485e-19)
(1.08337 1.14113 -2.24887e-19)
(1.12052 1.19349 -4.98796e-20)
(1.09076 1.19722 2.80542e-20)
(1.03117 1.16409 -1.11395e-19)
(0.957373 1.12558 -7.90921e-22)
(0.88022 1.08477 -3.6163e-19)
(0.791164 1.04246 0)
(0.689978 0.99615 -7.5365e-20)
(0.581249 0.947438 6.85604e-20)
(0.475947 0.894077 0)
(0.382125 0.834447 0)
(0.321164 0.935835 -8.07044e-19)
(0.266795 1.85249 1.00936e-19)
(0.26321 2.94475 -3.49037e-19)
(0.287967 3.28225 7.29562e-19)
(0.259409 3.38047 5.22925e-19)
(0.194884 3.40503 -7.0704e-19)
(0.170483 3.41517 3.48918e-19)
(0.411389 0.445041 2.63765e-19)
(0.886088 0.931404 8.10956e-19)
(1.073 1.15909 2.70572e-19)
(1.10989 1.2139 0)
(1.0799 1.219 0)
(1.0201 1.18619 8.63866e-20)
(0.9462 1.14787 5.3837e-20)
(0.869237 1.10762 3.21993e-19)
(0.780317 1.06639 2.1313e-20)
(0.677944 1.02176 9.59856e-19)
(0.56781 0.975977 -1.14429e-18)
(0.457405 0.928541 0)
(0.378852 0.912784 0)
(0.333477 1.31079 -5.50385e-19)
(0.329384 2.49515 -6.61042e-19)
(0.373941 3.19458 0)
(0.39896 3.36285 -7.3693e-19)
(0.328291 3.42572 5.08025e-20)
(0.259974 3.47123 3.3928e-19)
(0.237862 3.49668 -1.10344e-19)
(0.409608 0.45485 -5.01186e-19)
(0.881189 0.952646 -3.89029e-19)
(1.06339 1.18312 0)
(1.09828 1.23705 0)
(1.06787 1.24118 0)
(1.00841 1.20808 0)
(0.935183 1.17029 -6.49939e-20)
(0.858356 1.13091 2.80046e-19)
(0.769111 1.09132 0)
(0.667125 1.04975 -8.73639e-19)
(0.556679 1.00849 2.05355e-18)
(0.44664 0.968665 8.4204e-20)
(0.395681 1.03338 1.13495e-19)
(0.385216 1.74286 8.96605e-19)
(0.396058 2.90161 -4.82167e-19)
(0.435828 3.31418 0)
(0.418956 3.43569 2.07039e-19)
(0.333203 3.52475 9.11769e-20)
(0.259384 3.58886 1.49051e-19)
(0.183917 3.56832 -1.55259e-20)
(0.406619 0.465212 2.38116e-19)
(0.871825 0.968486 -3.96012e-19)
(1.051 1.20223 0)
(1.08602 1.25902 -7.30933e-20)
(1.05554 1.26468 2.52423e-19)
(0.996025 1.23175 0)
(0.922881 1.19392 0)
(0.846615 1.15502 -4.85252e-19)
(0.758083 1.11638 -5.56403e-20)
(0.65579 1.07646 8.56602e-19)
(0.542388 1.03745 -9.75525e-19)
(0.451222 1.01798 5.73493e-19)
(0.411865 1.22198 0)
(0.420112 2.18685 -4.75383e-19)
(0.462228 3.14292 3.11825e-19)
(0.527117 3.41619 1.95572e-19)
(0.518213 3.51169 0)
(0.455731 3.59368 -3.71744e-20)
(0.386837 3.63346 -4.10053e-19)
(0.306476 3.60556 -9.66047e-20)
(0.4039 0.475755 -4.73105e-19)
(0.865811 0.992749 5.66753e-19)
(1.03975 1.22955 3.939e-19)
(1.07253 1.28453 -9.80397e-20)
(1.04169 1.28865 -3.8521e-19)
(0.982798 1.25514 0)
(0.910762 1.21767 2.1751e-20)
(0.835025 1.17939 1.74745e-19)
(0.746662 1.14229 2.88252e-20)
(0.645744 1.10537 -7.40024e-19)
(0.533171 1.07281 -5.15554e-20)
(0.452298 1.07974 -6.46943e-19)
(0.44801 1.45484 7.10363e-19)
(0.492296 2.55211 1.56304e-19)
(0.558004 3.30307 -2.74969e-19)
(0.610507 3.46705 1.43622e-19)
(0.569701 3.51766 0)
(0.512576 3.52165 0)
(0.420091 3.48487 -6.80112e-19)
(0.193064 3.27524 1.2558e-18)
(0.399388 0.48667 2.26318e-19)
(0.85382 1.00948 5.57497e-19)
(1.02494 1.24972 -4.01543e-19)
(1.05841 1.30806 3.57383e-19)
(1.02771 1.3138 4.01041e-19)
(0.96902 1.28024 0)
(0.897363 1.24242 -1.45092e-20)
(0.82267 1.20449 1.38321e-19)
(0.735725 1.16808 0)
(0.635587 1.13243 0)
(0.528612 1.10494 0)
(0.46248 1.15829 0)
(0.488618 1.69636 -8.01799e-19)
(0.550038 2.86046 -2.08573e-19)
(0.626457 3.38897 0)
(0.669432 3.47913 -2.51903e-20)
(0.66735 3.48467 0)
(0.744656 3.32522 1.40446e-19)
(0.839942 2.95524 -1.77103e-18)
(0.447362 2.57297 1.85796e-18)
(0.395542 0.497022 -4.5849e-19)
(0.846196 1.03701 -3.57231e-19)
(1.01167 1.28082 -2.65854e-19)
(1.04272 1.33621 -3.34217e-19)
(1.01177 1.33972 -1.95127e-19)
(0.954102 1.30522 0)
(0.884115 1.26758 1.50224e-21)
(0.810436 1.22989 -3.98352e-20)
(0.724257 1.19476 -2.18798e-19)
(0.62676 1.16187 0)
(0.523315 1.14387 5.11227e-20)
(0.477695 1.25356 -5.81132e-20)
(0.534969 1.95203 0)
(0.624872 3.07996 2.71882e-19)
(0.716961 3.43008 0)
(0.747431 3.46591 -9.97689e-20)
(0.74973 3.37499 2.75035e-19)
(0.743727 2.99305 -1.3858e-19)
(0.498237 1.98218 2.72865e-19)
(-0.340924 0.492561 -6.62736e-19)
(0.387968 0.508087 -1.29689e-20)
(0.830472 1.05435 -1.82041e-19)
(0.993624 1.30198 3.66485e-19)
(1.02612 1.36169 -1.98576e-20)
(0.995567 1.36715 -6.13251e-20)
(0.938421 1.33252 0)
(0.869116 1.29431 7.68739e-20)
(0.797006 1.25711 -6.68239e-20)
(0.713025 1.22263 3.91754e-19)
(0.614442 1.19062 -4.94947e-19)
(0.526139 1.18266 -6.00495e-19)
(0.502633 1.37157 0)
(0.589649 2.25934 4.02482e-19)
(0.688384 3.2144 -5.64846e-20)
(0.762571 3.41109 2.80342e-20)
(0.768915 3.40008 0)
(0.699333 3.16867 -1.44664e-19)
(0.529654 2.39376 1.52506e-19)
(0.100565 0.620924 -1.80919e-19)
(-0.247839 -0.392025 -1.66465e-19)
(0.382705 0.5183 4.2972e-19)
(0.820468 1.08521 -1.78078e-19)
(0.977494 1.33765 2.57364e-19)
(1.00742 1.39334 1.98903e-19)
(0.976749 1.396 1.22915e-19)
(0.92109 1.36029 2.37533e-19)
(0.854121 1.32241 -1.67538e-19)
(0.783553 1.28526 1.60644e-21)
(0.700904 1.25205 -2.82841e-19)
(0.605463 1.22384 3.39367e-20)
(0.527681 1.23196 9.78403e-20)
(0.531098 1.51903 -3.95615e-19)
(0.640077 2.51974 1.07748e-19)
(0.749757 3.28529 -2.14132e-19)
(0.813479 3.38496 3.58905e-20)
(0.789039 3.30439 7.78935e-20)
(0.66075 2.85632 -2.06094e-19)
(0.403426 1.62054 1.3441e-19)
(0.0591672 0.0489011 0)
(-0.0795076 -0.157581 -2.915e-19)
(0.370659 0.526697 0)
(0.799624 1.10198 -6.7401e-19)
(0.955264 1.35916 2.3707e-20)
(0.987738 1.42077 -3.28237e-19)
(0.957799 1.4259 0)
(0.903147 1.3901 -1.75525e-19)
(0.83728 1.35148 1.65444e-19)
(0.768956 1.31517 -1.5028e-21)
(0.689508 1.28277 1.95333e-19)
(0.597654 1.25676 3.5325e-19)
(0.532373 1.28457 4.62128e-19)
(0.564806 1.67701 4.86503e-20)
(0.69744 2.76899 -2.94902e-19)
(0.800814 3.3165 1.38725e-20)
(0.834801 3.34325 6.57009e-21)
(0.757382 3.12324 7.57644e-20)
(0.524136 2.31105 8.78991e-20)
(0.116148 0.439602 -1.04175e-19)
(-0.137884 -0.244803 0)
(-0.115344 -0.206555 0)
(0.362211 0.537881 -4.13517e-19)
(0.785768 1.13566 6.6748e-19)
(0.935457 1.39923 0)
(0.965402 1.45579 0)
(0.935549 1.45752 0)
(0.883084 1.42059 0)
(0.820371 1.38254 -8.57547e-20)
(0.754229 1.34589 -1.61894e-20)
(0.677008 1.31466 -3.61795e-20)
(0.591221 1.29329 3.69366e-20)
(0.53882 1.34957 -3.78361e-19)
(0.600944 1.85941 2.78785e-19)
(0.747046 2.94995 0)
(0.839366 3.31265 3.647e-20)
(0.859207 3.27852 5.94614e-20)
(0.719895 2.85903 -2.29905e-20)
(0.390459 1.67647 1.03707e-19)
(0.0174793 -0.041148 5.984e-20)
(-0.15706 -0.201038 -2.43185e-19)
(-0.0570612 -0.137423 -2.84204e-19)
(0.345687 0.540088 2.0974e-19)
(0.758746 1.14799 3.12217e-19)
(0.90827 1.41957 -9.35444e-21)
(0.941988 1.48444 1.72247e-19)
(0.913212 1.48925 0)
(0.862558 1.4523 3.27678e-19)
(0.801467 1.41319 -6.85423e-20)
(0.738391 1.37777 1.98644e-20)
(0.664145 1.34734 -3.60127e-20)
(0.585467 1.33004 2.63899e-20)
(0.549848 1.42021 2.55718e-19)
(0.641835 2.06772 -1.26059e-19)
(0.7968 3.074 -1.10399e-19)
(0.874835 3.30711 2.2712e-21)
(0.855771 3.17823 -3.14622e-20)
(0.620556 2.50296 1.40728e-19)
(0.188336 0.705477 -7.8488e-20)
(-0.0843338 -0.269591 1.15963e-19)
(-0.128104 -0.221541 -3.55191e-19)
(-0.0602251 -0.122426 2.48473e-19)
(0.330279 0.548298 -1.96191e-19)
(0.737587 1.18075 0)
(0.884198 1.4628 -2.29517e-19)
(0.915167 1.52222 -3.31823e-19)
(0.886792 1.52295 0)
(0.839414 1.48497 -2.55564e-19)
(0.782285 1.44677 0)
(0.722021 1.41037 -1.2645e-19)
(0.64916 1.3808 -1.5439e-20)
(0.581609 1.37061 5.95468e-20)
(0.562349 1.50344 -1.20566e-19)
(0.683446 2.26889 6.99427e-20)
(0.83514 3.14115 1.74001e-19)
(0.900466 3.2743 1.16542e-20)
(0.837884 3.02574 -3.20828e-20)
(0.52561 2.06929 -4.82008e-20)
(0.0736661 0.116568 1.24006e-19)
(-0.183753 -0.250247 -1.37617e-19)
(-0.105557 -0.210125 4.57006e-22)
(-0.0534547 -0.0764577 -2.59931e-20)
(0.306932 0.543171 3.89411e-19)
(0.703851 1.18623 -2.98569e-19)
(0.851429 1.47932 2.43441e-19)
(0.886915 1.55068 1.59695e-19)
(0.86033 1.55538 2.83427e-20)
(0.815985 1.51747 1.5944e-19)
(0.760895 1.47772 0)
(0.704728 1.4429 -3.83888e-20)
(0.635467 1.41506 0)
(0.57687 1.41112 -5.56915e-20)
(0.577807 1.59102 1.20046e-19)
(0.723681 2.44938 -2.36686e-21)
(0.874603 3.18513 -5.64868e-20)
(0.919631 3.24144 3.76289e-20)
(0.801163 2.83942 -1.28193e-20)
(0.37173 1.50373 6.32654e-20)
(-0.049213 -0.13172 -1.88219e-19)
(-0.226949 -0.25164 -1.06613e-19)
(-0.124037 -0.248761 -4.03845e-20)
(-0.0747721 -0.0893467 1.93106e-19)
(0.284522 0.542259 4.23408e-21)
(0.6756 1.21512 1.52766e-19)
(0.821652 1.52227 0)
(0.854143 1.58943 2.99828e-19)
(0.829289 1.59001 -4.28402e-19)
(0.789435 1.55126 1.60766e-19)
(0.738948 1.51301 -1.07978e-19)
(0.686465 1.47636 1.06149e-19)
(0.620132 1.44954 -9.52825e-20)
(0.572322 1.45504 -9.41312e-22)
(0.592823 1.68379 2.11422e-20)
(0.765376 2.60391 4.44493e-20)
(0.898096 3.19302 3.51019e-20)
(0.924186 3.17827 -5.9289e-20)
(0.734392 2.58166 -5.85987e-20)
(0.2837 0.997001 1.11151e-19)
(-0.0458846 -0.25605 -1.08232e-19)
(-0.191361 -0.289347 7.65398e-20)
(-0.112368 -0.275655 2.00381e-21)
(-0.081391 -0.108979 -1.63235e-19)
(0.254104 0.523408 7.22601e-19)
(0.633186 1.20788 -1.51869e-19)
(0.781549 1.53035 -4.16555e-19)
(0.820095 1.6145 3.38142e-19)
(0.798678 1.6215 -1.87567e-19)
(0.762553 1.58287 3.10409e-19)
(0.714534 1.54252 1.69028e-19)
(0.667454 1.50781 0)
(0.607118 1.48353 1.09593e-19)
(0.565765 1.49754 -1.59066e-20)
(0.608486 1.77324 -1.03403e-20)
(0.798473 2.72544 -1.44045e-21)
(0.919001 3.19427 1.77597e-20)
(0.926382 3.12185 7.88612e-21)
(0.682778 2.38972 -8.30559e-20)
(0.172774 0.458035 -3.01358e-20)
(-0.0387349 -0.271397 1.03446e-19)
(-0.111993 -0.285234 4.72005e-20)
(-0.0855367 -0.242331 1.58323e-20)
(-0.0475874 -0.103375 1.33591e-19)
(0.223347 0.50392 0)
(0.595358 1.2242 1.41312e-19)
(0.744036 1.56853 -1.89255e-19)
(0.780657 1.65048 3.27515e-19)
(0.763474 1.65467 -4.07942e-19)
(0.731842 1.61604 1.69981e-19)
(0.68941 1.57805 0)
(0.646669 1.54075 0)
(0.592437 1.51616 0)
(0.558502 1.54203 2.30842e-20)
(0.620587 1.85787 -2.16289e-20)
(0.829165 2.81321 1.7791e-20)
(0.931414 3.19067 4.6426e-20)
(0.912591 3.03779 4.37479e-20)
(0.588443 2.11641 -7.73653e-20)
(0.0532429 0.116903 5.16029e-20)
(-0.127008 -0.284018 5.33201e-21)
(-0.102244 -0.287466 -1.05301e-19)
(-0.077034 -0.200632 1.27472e-20)
(-0.0228116 -0.0651813 0)
(0.185151 0.46003 6.60643e-19)
(0.541412 1.19199 -1.32138e-19)
(0.695251 1.56126 4.48434e-21)
(0.741456 1.66847 0)
(0.728429 1.6817 -1.96167e-19)
(0.701003 1.64478 1.8434e-20)
(0.661658 1.60393 0)
(0.625389 1.56904 5.26214e-20)
(0.578348 1.54679 -4.15239e-20)
(0.550308 1.58075 0)
(0.630593 1.932 0)
(0.844957 2.87582 -3.23185e-20)
(0.937844 3.18276 -5.567e-20)
(0.89509 2.97332 2.26164e-21)
(0.533723 1.89821 -2.02461e-20)
(-0.00597698 -0.00638291 2.74463e-20)
(-0.159229 -0.268241 0)
(-0.130094 -0.3088 -6.08085e-20)
(-0.0848479 -0.19639 -9.59951e-20)
(-0.0196469 -0.0592856 2.27912e-19)
(0.145671 0.407065 5.44501e-19)
(0.492042 1.18168 -1.26269e-19)
(0.648768 1.58607 1.79548e-19)
(0.695528 1.6965 -4.45659e-19)
(0.687869 1.70893 0)
(0.666548 1.6752 0)
(0.633291 1.63724 0)
(0.602083 1.59971 5.55167e-20)
(0.561765 1.57523 -4.38051e-20)
(0.540383 1.61757 0)
(0.63404 1.99576 0)
(0.858726 2.91185 9.55767e-20)
(0.936387 3.1818 -3.19408e-20)
(0.876508 2.89919 3.57699e-20)
(0.484655 1.71885 6.07638e-20)
(-0.00556907 -0.0507358 0)
(-0.17708 -0.298855 -1.53233e-20)
(-0.132667 -0.361461 -1.97798e-20)
(-0.0946795 -0.240477 1.84633e-19)
(-0.0160517 -0.0718201 -2.24488e-19)
(0.101785 0.322635 -5.0582e-19)
(0.423697 1.10159 1.31975e-19)
(0.590477 1.55038 3.76006e-19)
(0.651102 1.7016 2.57139e-19)
(0.648022 1.72737 -2.08151e-19)
(0.632068 1.69825 -1.3917e-19)
(0.602469 1.65738 9.59451e-20)
(0.578448 1.62275 0)
(0.545753 1.59974 0)
(0.52779 1.64279 0)
(0.629833 2.02767 -8.01798e-20)
(0.858972 2.9353 -9.21809e-20)
(0.93539 3.18627 3.11361e-20)
(0.857358 2.8987 -2.09434e-20)
(0.508075 1.66387 -3.1539e-21)
(0.0299173 0.0226629 0)
(-0.165113 -0.302716 2.63712e-20)
(-0.141285 -0.404086 -1.51184e-19)
(-0.0945437 -0.286766 3.48776e-19)
(-0.00860115 -0.0697121 -1.99906e-19)
(0.0517644 0.219045 5.34785e-19)
(0.3592 1.04118 -4.3934e-19)
(0.531661 1.54351 0)
(0.596808 1.71134 1.27218e-19)
(0.603286 1.74392 9.24956e-20)
(0.594716 1.72204 1.96194e-19)
(0.571264 1.68488 -8.96849e-20)
(0.552086 1.64771 0)
(0.526595 1.62189 0)
(0.512888 1.66331 -1.6133e-19)
(0.616653 2.0349 -2.05992e-21)
(0.859657 2.93855 8.10196e-20)
(0.923578 3.19133 4.54676e-20)
(0.852075 2.89487 5.02679e-20)
(0.487351 1.72991 -5.60161e-20)
(-0.0396947 0.235332 8.04603e-20)
(-0.215207 -0.243879 -6.03609e-20)
(-0.226993 -0.397859 0)
(-0.154223 -0.325306 -8.87403e-21)
(-0.0181561 -0.0073401 1.62858e-19)
(0.0128573 0.12907 5.46559e-19)
(0.264889 0.873014 0)
(0.461616 1.45279 0)
(0.547745 1.69185 0)
(0.55972 1.74868 7.81526e-20)
(0.557184 1.73622 -1.93951e-19)
(0.537964 1.69804 -8.82755e-20)
(0.525318 1.66326 0)
(0.506644 1.63761 0)
(0.495365 1.6734 9.9426e-20)
(0.594571 2.01164 3.31232e-20)
(0.839459 2.9073 -3.93427e-20)
(0.927119 3.19459 7.64095e-21)
(0.830601 2.99449 5.68897e-20)
(0.476134 1.82698 -9.94961e-20)
(-0.0651811 0.372019 1.73995e-19)
(-0.318831 -0.31162 -1.50939e-19)
(-0.330092 -0.708197 0)
(-0.32119 -0.811309 8.12882e-21)
(-0.119718 -0.489998 2.26788e-19)
(-0.00659381 0.0709695 -5.07265e-19)
(0.181437 0.727267 1.74649e-19)
(0.387705 1.37309 2.72785e-19)
(0.48495 1.66007 -1.34633e-20)
(0.513519 1.74741 -1.6809e-19)
(0.517261 1.74675 -1.10283e-19)
(0.504954 1.717 2.48202e-19)
(0.495307 1.67868 -4.74701e-21)
(0.483421 1.64899 0)
(0.476023 1.6771 2.75511e-20)
(0.566483 1.96178 -1.51093e-20)
(0.823221 2.84245 4.27453e-20)
(0.953704 3.18117 0)
(0.987964 3.0659 -3.84435e-20)
(0.803638 2.34421 0)
(0.36362 0.94134 -5.08088e-20)
(-0.0147238 -0.150817 -2.99275e-20)
(-0.273017 -0.839803 0)
(-0.297086 -1.12319 0)
(-0.176291 -1.01353 4.51634e-19)
(-0.00105841 0.00385633 4.09069e-19)
(0.0750554 0.346079 -1.53396e-19)
(0.323143 1.16794 1.22266e-19)
(0.436539 1.58711 -1.93486e-19)
(0.46771 1.72892 7.61866e-20)
(0.476741 1.74597 -2.6599e-20)
(0.470104 1.72737 1.71093e-20)
(0.462838 1.68776 -3.2582e-20)
(0.455849 1.65264 -2.16684e-20)
(0.451003 1.66758 -2.16788e-20)
(0.521698 1.88501 3.38113e-21)
(0.798947 2.68666 0)
(0.993971 3.09805 -2.83289e-21)
(1.0259 3.01319 0)
(1.02279 2.63792 0)
(0.821892 1.82654 0)
(0.523699 0.830143 -7.55334e-20)
(0.165653 -0.0307402 2.28976e-19)
(-0.000621504 -1.12416 -2.19334e-20)
(-0.131534 -1.24983 -9.51663e-20)
(0.00883499 -0.0457949 7.33038e-20)
(0.0149061 0.128077 6.87127e-20)
(0.205388 0.885746 -5.59829e-20)
(0.361409 1.45107 -4.28755e-20)
(0.42316 1.69036 3.46558e-20)
(0.435788 1.73897 2.48168e-20)
(0.432816 1.73239 1.77292e-20)
(0.426399 1.69414 0)
(0.423965 1.6515 -9.11541e-21)
(0.424203 1.6517 -5.73991e-21)
(0.457005 1.78566 1.58941e-20)
(0.664693 2.45451 0)
(0.908575 2.96031 1.22232e-20)
(0.948953 2.93641 -1.03941e-20)
(0.939913 2.69729 0)
(0.835807 2.1907 0)
(0.597736 1.34328 -5.90862e-21)
(0.378474 0.495473 0)
(0.193296 -0.193354 -6.18262e-21)
(0.0535847 -0.588312 0)
(-0.000765034 -0.06936 0)
(0.00307824 -0.0189574 0)
(0.0770496 0.378742 0)
(0.281994 1.21363 0)
(0.363314 1.60294 -8.68416e-34)
(0.391418 1.72554 6.68337e-34)
(0.391226 1.73254 0)
(0.385491 1.70676 0)
(0.379944 1.64791 0)
(0.383055 1.6314 0)
(0.391629 1.70685 0)
(0.500889 2.17833 0)
(0.743738 2.81945 0)
(0.778626 2.85592 0)
(0.76909 2.73535 0)
(0.714005 2.42311 0)
(0.563577 1.82699 0)
(0.369092 1.10952 0)
(0.1823 0.417618 0)
(0.042677 -0.0487595 0)
(-0.0050283 -0.0671405 0)
(0.0113239 -0.0953514 0)
(0.0234904 0.0939732 0)
(0.184782 0.870142 0)
(0.29981 1.46126 0)
(0.340371 1.67778 0)
(0.347347 1.72043 0)
(0.344953 1.7073 0)
(0.337128 1.64817 0)
(0.336658 1.61515 0)
(0.333098 1.6591 0)
(0.37607 2.00848 0)
(0.590119 2.70241 0)
(0.617164 2.82579 0)
(0.600221 2.77508 0)
(0.566874 2.57866 0)
(0.471068 2.1508 0)
(0.311362 1.51755 0)
(0.156833 0.891567 0)
(0.0398073 0.371271 0)
(-0.0028836 -0.0787839 0)
(0.00939856 -0.134302 0)
(0.00608126 -0.0251582 0)
(0.0903616 0.55223 0)
(0.2356 1.30529 0)
(0.288098 1.63834 0)
(0.296934 1.71525 0)
(0.295602 1.70902 0)
(0.287254 1.65341 0)
(0.283774 1.60719 0)
(0.276963 1.63502 0)
(0.274391 1.91212 0)
(0.450956 2.60207 0)
(0.469718 2.8264 0)
(0.449495 2.82041 0)
(0.419717 2.70995 0)
(0.358407 2.40765 0)
(0.235314 1.86272 0)
(0.114358 1.29477 0)
(0.0247511 0.713918 0)
(-0.00172991 -0.0810443 0)
(-0.00179657 -0.14316 0)
(-0.000891983 -0.0749706 0)
(0.0320493 0.299645 0)
(0.173449 1.128 0)
(0.232023 1.55843 0)
(0.248827 1.69677 0)
(0.247505 1.70632 0)
(0.237417 1.6608 0)
(0.23057 1.607 0)
(0.226612 1.62845 0)
(0.194872 1.86334 0)
(0.332988 2.53459 0)
(0.352127 2.8366 0)
(0.321557 2.87208 0)
(0.295272 2.8133 0)
(0.252251 2.59392 0)
(0.164272 2.13195 0)
(0.0718618 1.59106 0)
(0.0117322 0.934359 0)
(-0.00336337 -0.0614369 0)
(-0.00945181 -0.135856 0)
(0.00321451 -0.105909 0)
(0.00701447 0.148678 0)
(0.116976 1.0033 0)
(0.174356 1.50779 0)
(0.196947 1.68266 0)
(0.198463 1.7047 0)
(0.189524 1.66874 0)
(0.180543 1.61267 0)
(0.183445 1.63135 0)
(0.134506 1.83846 0)
(0.236826 2.4883 0)
(0.255579 2.84856 0)
(0.222896 2.9205 0)
(0.197555 2.89376 0)
(0.167675 2.72798 0)
(0.105064 2.32769 0)
(0.0405149 1.80857 0)
(0.00240424 1.07335 0)
(-0.0044612 -0.0358245 0)
(-0.00277825 -0.144965 0)
(0.0222042 -0.129234 0)
(0.0148557 0.0549046 0)
(0.0859838 0.835036 0)
(0.137142 1.43957 0)
(0.149498 1.66738 0)
(0.147507 1.7045 0)
(0.140711 1.67644 0)
(0.132406 1.62181 0)
(0.143884 1.63933 0)
(0.0892845 1.82773 0)
(0.161327 2.4628 0)
(0.177875 2.86281 0)
(0.146647 2.96373 0)
(0.126245 2.95591 0)
(0.103407 2.82524 0)
(0.0599161 2.46402 0)
(0.0142829 1.95078 0)
(-0.00566855 1.12778 0)
(0.00162335 -0.0390746 0)
(0.0283877 -0.211675 0)
(0.0622366 -0.188313 0)
(0.061976 0.0200954 0)
(0.0598082 0.709597 0)
(0.109437 1.3926 0)
(0.107805 1.65376 0)
(0.101365 1.70142 0)
(0.0968006 1.67927 0)
(0.088086 1.62935 0)
(0.107647 1.6474 0)
(0.0545878 1.82281 0)
(0.103772 2.44751 0)
(0.115536 2.87644 0)
(0.0892628 2.99924 0)
(0.07181 3.00496 0)
(0.0567929 2.8936 0)
(0.026166 2.55484 0)
(3.56615e-05 2.03492 0)
(-0.0100117 1.12011 0)
(0.0166516 -0.146468 0)
(0.0575416 -0.357143 0)
(0.088973 -0.271934 0)
(0.0813174 0.046458 0)
(0.0385038 0.715601 0)
(0.0639149 1.3778 0)
(0.0492677 1.64826 0)
(0.0490388 1.70058 0)
(0.0533273 1.67915 0)
(0.0479258 1.63265 0)
(0.0738322 1.65379 0)
(0.0295751 1.82179 0)
(0.0616994 2.44355 0)
(0.0665716 2.89025 0)
(0.0457081 3.02821 0)
(0.0331297 3.04269 0)
(0.0225717 2.94218 0)
(0.00286042 2.61364 0)
(-0.0157762 2.08293 0)
(-0.0127816 1.08856 0)
(0.0207885 -0.323386 0)
(0.0532102 -0.476687 0)
(0.071644 -0.310681 0)
(0.0350213 0.128398 0)
(-0.0249189 0.758152 0)
(-0.0220537 1.39158 0)
(-0.0260141 1.6531 0)
(-0.00682065 1.6977 0)
(0.0100454 1.6733 0)
(0.010988 1.63091 0)
(0.0428408 1.65674 0)
(0.00872326 1.82255 0)
(0.0315854 2.4397 0)
(0.0294528 2.89985 0)
(0.0131716 3.04904 0)
(0.00246286 3.07026 0)
(-0.00477282 2.97222 0)
(-0.0174949 2.64201 0)
(-0.0257552 2.08049 0)
(-0.014557 1.02099 0)
(0.0116746 -0.411635 0)
(0.0196797 -0.522599 0)
(-0.0108384 -0.198523 0)
(-0.0680077 0.293925 0)
(-0.129953 0.899874 0)
(-0.134147 1.42639 0)
(-0.114009 1.64165 0)
(-0.0726951 1.68309 0)
(-0.0342787 1.66104 0)
(-0.0223102 1.62162 0)
(0.0154143 1.65498 0)
(-0.00752303 1.82299 0)
(0.00817768 2.44185 0)
(0.00157749 2.90697 0)
(-0.00973143 3.06292 0)
(-0.0178863 3.08801 0)
(-0.023655 2.98892 0)
(-0.0304749 2.65439 0)
(-0.0311583 2.06318 0)
(-0.01631 0.93323 0)
(-0.00141286 -0.406239 0)
(-0.0362159 -0.400796 0)
(-0.0922412 -0.0656837 0)
(-0.145794 0.427599 0)
(-0.203872 0.998625 0)
(-0.199481 1.40827 0)
(-0.171693 1.59108 0)
(-0.121911 1.64374 0)
(-0.0714222 1.63311 0)
(-0.0516371 1.60291 0)
(-0.00725064 1.64775 0)
(-0.0220769 1.82404 0)
(-0.00947061 2.44277 0)
(-0.0186147 2.91223 0)
(-0.0261739 3.07228 0)
(-0.0327773 3.0984 0)
(-0.035364 2.99608 0)
(-0.0394695 2.64954 0)
(-0.0338471 2.02716 0)
(-0.0146067 0.843252 0)
(-0.013025 -0.297753 0)
(-0.0564139 -0.242075 0)
(-0.119759 0.0935673 0)
(-0.175523 0.547678 0)
(-0.223031 1.04251 0)
(-0.216142 1.36183 0)
(-0.190038 1.52344 0)
(-0.142889 1.58693 0)
(-0.0932362 1.59234 0)
(-0.0707248 1.57682 0)
(-0.0234255 1.63637 0)
(-0.0338685 1.82293 0)
(-0.0235985 2.44661 0)
(-0.0326871 2.91735 0)
(-0.0366214 3.07798 0)
(-0.0400213 3.10443 0)
(-0.041674 2.99561 0)
(-0.0420606 2.63409 0)
(-0.0330427 1.9718 0)
(-0.0111862 0.7561 0)
(-0.0136336 -0.16994 0)
(-0.0562177 -0.0619027 0)
(-0.118582 0.249144 0)
(-0.174 0.651899 0)
(-0.210183 1.06319 0)
(-0.201488 1.31887 0)
(-0.179307 1.46202 0)
(-0.140821 1.52946 0)
(-0.0996128 1.5479 0)
(-0.0781427 1.54799 0)
(-0.0314904 1.62086 0)
(-0.0420924 1.82262 0)
(-0.032946 2.44906 0)
(-0.0409953 2.92164 0)
(-0.0432029 3.0821 0)
(-0.0456351 3.10688 0)
(-0.0442162 2.99117 0)
(-0.041891 2.61892 0)
(-0.0299038 1.91791 0)
(-0.00743222 0.68281 0)
(-0.0105978 -0.0499637 0)
(-0.0462612 0.101449 0)
(-0.0996768 0.387774 0)
(-0.147473 0.743734 0)
(-0.177355 1.08671 0)
(-0.171131 1.29719 0)
(-0.154872 1.42103 0)
(-0.125868 1.48475 0)
(-0.093453 1.50887 0)
(-0.0765868 1.51977 0)
(-0.0343472 1.60416 0)
(-0.0466482 1.81816 0)
(-0.0384251 2.45395 0)
(-0.0455373 2.92443 0)
(-0.0464807 3.08267 0)
(-0.0464745 3.10539 0)
(-0.0440659 2.98096 0)
(-0.0396284 2.58875 0)
(-0.0257294 1.85466 0)
(-0.00427508 0.621955 0)
(-0.00752109 0.0434476 0)
(-0.0342545 0.23575 0)
(-0.0757639 0.50392 0)
(-0.113574 0.819762 0)
(-0.13838 1.11222 0)
(-0.136701 1.29106 0)
(-0.127893 1.39844 0)
(-0.107931 1.45612 0)
(-0.0819973 1.48093 0)
(-0.070153 1.4968 0)
(-0.0333071 1.58883 0)
(-0.045696 1.81697 0)
(-0.03985 2.45655 0)
(-0.0465535 2.92637 0)
(-0.0462245 3.08198 0)
(-0.0453556 3.1031 0)
(-0.0422237 2.97285 0)
(-0.0363603 2.56661 0)
(-0.0214341 1.80008 0)
(-0.00197935 0.576588 0)
(-0.00414196 0.105165 0)
(-0.0219874 0.334292 0)
(-0.0526222 0.595811 0)
(-0.0815935 0.884607 0)
(-0.102251 1.14065 0)
(-0.104193 1.29587 0)
(-0.10191 1.38975 0)
(-0.0898314 1.4413 0)
(-0.0697603 1.46437 0)
(-0.0629237 1.4814 0)
(-0.031047 1.57808 0)
(-0.0445873 1.81789 0)
(-0.0391537 2.46121 0)
(-0.0455511 2.92727 0)
(-0.0447867 3.0802 0)
(-0.0428226 3.09794 0)
(-0.0389134 2.95631 0)
(-0.0323734 2.53144 0)
(-0.0172594 1.73875 0)
(-0.000419137 0.539909 0)
(-0.00199675 0.143177 0)
(-0.0130074 0.40259 0)
(-0.0347828 0.662385 0)
(-0.0563953 0.932086 0)
(-0.0729993 1.16313 0)
(-0.0767667 1.3022 0)
(-0.0787378 1.38603 0)
(-0.0728819 1.43253 0)
(-0.0577813 1.45404 0)
(-0.0560624 1.4719 0)
(-0.0274339 1.57145 0)
(-0.0416331 1.81894 0)
(-0.0372946 2.46368 0)
(-0.0435113 2.92767 0)
(-0.0422148 3.07809 0)
(-0.0399596 3.09372 0)
(-0.0359488 2.94582 0)
(-0.0289057 2.50746 0)
(-0.013683 1.69031 0)
(0.000459218 0.515281 0)
(-0.000764166 0.164095 0)
(-0.00692689 0.448171 0)
(-0.0217773 0.713163 0)
(-0.0380233 0.972097 0)
(-0.0514164 1.18552 0)
(-0.0557553 1.31242 0)
(-0.0597478 1.38737 0)
(-0.0578512 1.42824 0)
(-0.0471034 1.44723 0)
(-0.0495654 1.4656 0)
(-0.0244735 1.56827 0)
(-0.0387528 1.82329 0)
(-0.0348639 2.46808 0)
(-0.0405355 2.92829 0)
(-0.0391925 3.07461 0)
(-0.0367072 3.0864 0)
(-0.03277 2.92757 0)
(-0.0257809 2.47138 0)
(-0.010834 1.63536 0)
(0.000907531 0.49434 0)
(-0.000146832 0.174007 0)
(-0.0031821 0.475259 0)
(-0.0128509 0.746709 0)
(-0.0247657 0.999315 0)
(-0.0355289 1.20134 0)
(-0.0400781 1.32062 0)
(-0.044679 1.38936 0)
(-0.0453583 1.42538 0)
(-0.0370213 1.44163 0)
(-0.0429545 1.46031 0)
(-0.0209812 1.56559 0)
(-0.0359292 1.82577 0)
(-0.0324584 2.47016 0)
(-0.0378594 2.92787 0)
(-0.0364275 3.07187 0)
(-0.0341168 3.0816 0)
(-0.0304635 2.91703 0)
(-0.023442 2.44937 0)
(-0.00866689 1.59614 0)
(0.000988372 0.481985 0)
(9.78098e-05 0.178074 0)
(-0.00107657 0.491981 0)
(-0.0071553 0.772423 0)
(-0.0160121 1.02338 0)
(-0.0245747 1.21776 0)
(-0.0289788 1.33122 0)
(-0.0336584 1.39472 0)
(-0.0358558 1.42612 0)
(-0.0291655 1.43904 0)
(-0.0366668 1.45705 0)
(-0.018058 1.56457 0)
(-0.0329777 1.83065 0)
(-0.030482 2.47358 0)
(-0.0353367 2.9281 0)
(-0.0339295 3.06835 0)
(-0.0316355 3.07429 0)
(-0.0280165 2.89918 0)
(-0.0213354 2.41468 0)
(-0.00719804 1.54852 0)
(0.000924311 0.468593 0)
(0.000158701 0.178447 0)
(-3.23346e-05 0.499739 0)
(-0.00358063 0.787471 0)
(-0.010164 1.03794 0)
(-0.0170632 1.22772 0)
(-0.0212656 1.33775 0)
(-0.0255551 1.39794 0)
(-0.0289772 1.42644 0)
(-0.0228442 1.43727 0)
(-0.0317859 1.45483 0)
(-0.0158744 1.56337 0)
(-0.0305998 1.83287 0)
(-0.028288 2.47466 0)
(-0.0329416 2.92746 0)
(-0.0317311 3.06591 0)
(-0.0297797 3.07005 0)
(-0.0265328 2.88977 0)
(-0.0199752 2.39543 0)
(-0.00611044 1.51796 0)
(0.000709999 0.461656 0)
(0.000200153 0.177891 0)
(0.000481763 0.504407 0)
(-0.0015589 0.800334 0)
(-0.00646151 1.05294 0)
(-0.0119753 1.23978 0)
(-0.0159262 1.34707 0)
(-0.019871 1.4038 0)
(-0.0241412 1.42888 0)
(-0.0186127 1.43724 0)
(-0.0284743 1.45446 0)
(-0.0139831 1.56355 0)
(-0.0288583 1.83805 0)
(-0.0270364 2.47799 0)
(-0.0312182 2.92798 0)
(-0.0300297 3.06326 0)
(-0.0282061 3.06385 0)
(-0.0249858 2.87317 0)
(-0.0186547 2.36221 0)
(-0.00548731 1.4758 0)
(0.000459354 0.450679 0)
(0.000210652 0.176222 0)
(0.000721885 0.505116 0)
(-0.000310177 0.806463 0)
(-0.00405097 1.06058 0)
(-0.00846137 1.24617 0)
(-0.0121744 1.35232 0)
(-0.0157245 1.40748 0)
(-0.0208773 1.43068 0)
(-0.0158077 1.43774 0)
(-0.0259095 1.45465 0)
(-0.0122787 1.56374 0)
(-0.0267388 1.84069 0)
(-0.0251997 2.47943 0)
(-0.0295206 2.92801 0)
(-0.0286057 3.06187 0)
(-0.0269484 3.06076 0)
(-0.0240271 2.865 0)
(-0.0175948 2.34528 0)
(-0.00482384 1.45262 0)
(0.000273475 0.445698 0)
(0.000204021 0.174758 0)
(0.000624027 0.505515 0)
(2.03098e-05 0.813401 0)
(-0.00306267 1.07067 0)
(-0.0066486 1.25537 0)
(-0.0101441 1.36035 0)
(-0.0131102 1.41341 0)
(-0.0185493 1.43401 0)
(-0.013992 1.43879 0)
(-0.0240841 1.45541 0)
(-0.0113194 1.56561 0)
(-0.0258066 1.84677 0)
(-0.0242825 2.48318 0)
(-0.0284577 2.92899 0)
(-0.0274073 3.06003 0)
(-0.0258417 3.05544 0)
(-0.0229663 2.84929 0)
(-0.0167632 2.31322 0)
(-0.00474325 1.41438 0)
(0.00013066 0.435357 0)
(0.00018175 0.17306 0)
(0.00047661 0.505032 0)
(0.000230921 0.815841 0)
(-0.00228024 1.07471 0)
(-0.00538017 1.25921 0)
(-0.00872806 1.36381 0)
(-0.0111583 1.41594 0)
(-0.0165807 1.43521 0)
(-0.0119735 1.43899 0)
(-0.0221065 1.45577 0)
(-0.00970685 1.56663 0)
(-0.0241579 1.84988 0)
(-0.022949 2.48517 0)
(-0.0273396 2.92956 0)
(-0.0267256 3.05957 0)
(-0.0254014 3.05304 0)
(-0.0227633 2.84167 0)
(-0.0162485 2.29773 0)
(-0.00411535 1.397 0)
(5.05578e-05 0.431697 0)
(-5.46136e-05 0.172828 0)
(3.83558e-05 0.50586 0)
(-0.000477393 0.821863 0)
(-0.00259832 1.08433 0)
(-0.00525024 1.26843 0)
(-0.00844467 1.37208 0)
(-0.0103833 1.42228 0)
(-0.0153846 1.43877 0)
(-0.0111959 1.44093 0)
(-0.0210327 1.45643 0)
(-0.00928478 1.56933 0)
(-0.0234665 1.85813 0)
(-0.0223194 2.49086 0)
(-0.02702 2.93164 0)
(-0.0260622 3.05815 0)
(-0.0249412 3.04686 0)
(-0.022098 2.82216 0)
(-0.0157775 2.25846 0)
(-0.00509172 1.3536 0)
(-0.00086893 0.417353 0)
(-0.23315 1.55676 1.26681e-22)
(0.392552 3.22783 1.47924e-20)
(0.0896352 3.46051 6.47739e-20)
(0.195613 3.4308 0)
(0.153321 3.38629 0)
(0.147116 3.34024 -3.71738e-19)
(0.149125 3.3136 3.79801e-19)
(0.122109 3.27305 -4.03831e-19)
(0.11121 3.1822 7.47229e-21)
(0.0925936 2.5695 5.554e-19)
(-0.105167 2.31348 1.10806e-23)
(0.128675 3.28359 1.65078e-19)
(0.00852651 3.43442 0)
(0.0946601 3.3882 0)
(0.0698481 3.34315 1.10214e-20)
(0.0748059 3.30656 7.70723e-19)
(0.0714059 3.27717 -4.29841e-19)
(0.0482666 3.24238 -7.21759e-21)
(0.0492652 3.08558 6.88329e-21)
(0.000634877 2.08825 0)
(-0.0280834 2.06686 1.7527e-19)
(0.0837801 3.13707 -1.86118e-19)
(0.0213808 3.34314 0)
(0.069721 3.32336 3.54727e-19)
(0.0493063 3.3025 -1.3295e-21)
(0.0501366 3.28149 -4.00846e-19)
(0.0447178 3.26624 -4.98578e-19)
(0.0293203 3.24644 -2.07468e-22)
(0.0403256 3.12019 7.09738e-21)
(-0.016884 2.21244 0)
(-0.041145 2.013 -4.37269e-20)
(0.0267445 3.11507 0)
(-0.0150185 3.30747 -1.87749e-19)
(0.0195352 3.30656 -1.53929e-19)
(0.0149346 3.28291 1.40399e-20)
(0.0208895 3.26129 -2.6015e-19)
(0.0260603 3.24686 2.31335e-19)
(0.020915 3.23385 -8.33079e-21)
(0.0416057 3.12607 1.09678e-20)
(0.00711713 2.25106 2.86398e-19)
(-0.0531408 2.02296 -1.44981e-19)
(0.0121036 3.08843 0)
(-0.00851195 3.26604 4.05572e-19)
(0.00977388 3.26178 -2.24079e-19)
(0.0133052 3.24809 -6.92421e-22)
(0.0160336 3.23795 -2.37474e-21)
(0.0211156 3.2332 -1.55731e-20)
(0.021586 3.2246 -2.96172e-19)
(0.042759 3.12808 8.13265e-21)
(-0.00313558 2.31252 -6.00268e-19)
(-0.0500094 2.08246 0)
(-0.0108084 3.08514 -2.23716e-19)
(-0.0289607 3.24218 1.88953e-20)
(-0.0157818 3.24661 -1.55706e-20)
(-0.00624917 3.23206 1.59432e-20)
(0.00295909 3.21956 2.6467e-19)
(0.0152034 3.21167 2.76933e-19)
(0.02079 3.2055 5.83076e-19)
(0.0426584 3.12413 3.23371e-19)
(0.0105452 2.35444 -1.67252e-20)
(-0.0513485 2.14072 0)
(-0.0202344 3.08153 2.31439e-19)
(-0.0194304 3.21362 -2.43026e-19)
(-0.0119152 3.21267 -1.68317e-20)
(-0.00063756 3.20249 3.48097e-20)
(0.00727381 3.19619 3.6279e-22)
(0.0166362 3.19525 -1.87288e-20)
(0.0217526 3.19126 -3.05032e-19)
(0.0422666 3.1218 -3.14352e-19)
(0.00383615 2.41992 -1.73095e-20)
(-0.0476575 2.22753 2.6753e-19)
(-0.0287923 3.0852 -1.24296e-20)
(-0.0322731 3.19375 8.57576e-21)
(-0.0238549 3.19524 0)
(-0.0136007 3.18544 0)
(-0.00136326 3.17764 0)
(0.0129697 3.17214 0)
(0.0206066 3.16932 3.40929e-19)
(0.0412139 3.11269 -3.51197e-19)
(0.0152923 2.46397 3.4711e-19)
(-0.0464496 2.30649 2.62409e-20)
(-0.0330459 3.08459 2.85398e-19)
(-0.0211931 3.16953 0)
(-0.014656 3.16538 -1.92209e-20)
(-0.00402947 3.15772 1.96567e-20)
(0.00518806 3.15349 0)
(0.0150645 3.1539 -1.06631e-20)
(0.020702 3.15294 -3.30887e-19)
(0.0401278 3.10935 3.52767e-19)
(0.0104175 2.53312 0)
(-0.0437017 2.40323 1.60406e-20)
(-0.0359014 3.08613 -4.37831e-19)
(-0.0300744 3.1497 0)
(-0.0225298 3.14681 0)
(-0.0137121 3.13906 2.11089e-20)
(-0.00206417 3.13337 -1.78229e-19)
(0.0114073 3.12931 -2.2278e-20)
(0.019151 3.12928 1.90033e-19)
(0.0386008 3.09616 0)
(0.0191897 2.58107 0)
(-0.0400873 2.4907 -4.63082e-19)
(-0.0385674 3.08228 1.56933e-19)
(-0.0206146 3.12431 0)
(-0.0128416 3.1163 0)
(-0.00334923 3.10963 0)
(0.00551502 3.10683 3.67267e-19)
(0.0145625 3.10856 0)
(0.020147 3.11073 -2.02747e-19)
(0.0378474 3.09052 1.25342e-20)
(0.0149519 2.65385 2.12433e-19)
(-0.0376938 2.58944 1.65294e-19)
(-0.0398327 3.07576 -1.60782e-20)
(-0.029631 3.10131 1.92774e-19)
(-0.0210746 3.095 1.87408e-19)
(-0.0124718 3.08835 0)
(-0.000742833 3.08397 -1.88812e-19)
(0.0123159 3.08155 0)
(0.0209801 3.08444 0)
(0.0385536 3.07215 0)
(0.0222738 2.70642 -2.1342e-19)
(-0.0351372 2.67849 -1.75277e-19)
(-0.0429718 3.0624 1.81008e-19)
(-0.0235554 3.07218 -1.81721e-19)
(-0.0130656 3.06222 -2.86616e-19)
(-0.0027962 3.05705 0)
(0.00708102 3.05569 2.5647e-20)
(0.0169081 3.05858 -1.30913e-20)
(0.0247738 3.06321 9.76697e-20)
(0.0417198 3.06163 1.21268e-19)
(0.0208576 2.78046 -1.24778e-19)
(-0.0343495 2.77294 1.79842e-19)
(-0.0461047 3.04525 -1.73432e-19)
(-0.0329149 3.04586 1.23682e-20)
(-0.0209249 3.04031 7.30245e-20)
(-0.0112213 3.03618 -1.04908e-19)
(0.000317641 3.03357 0)
(0.0137181 3.03218 1.12751e-19)
(0.0256212 3.03556 4.95014e-21)
(0.0446209 3.03658 -2.34778e-19)
(0.0286843 2.83262 -6.55248e-21)
(-0.0296002 2.85523 -5.14552e-20)
(-0.0442497 3.02154 1.25756e-20)
(-0.0231766 3.01778 -6.52773e-20)
(-0.0111698 3.01444 2.67203e-20)
(-0.00220229 3.01413 1.27835e-19)
(0.00627311 3.01344 -5.44015e-20)
(0.0145772 3.01415 -5.41192e-20)
(0.0233387 3.0171 -5.61682e-20)
(0.0418062 3.02184 1.20629e-19)
(0.0248474 2.90033 5.89399e-20)
(-0.0176256 2.94048 4.13626e-20)
(-0.0259953 3.00082 1.8287e-20)
(-0.01614 3.00083 3.59698e-20)
(-0.00939272 3.00162 -7.37169e-20)
(-0.00416991 3.00264 2.4914e-20)
(0.000693035 3.00215 5.06465e-20)
(0.00535923 3.00066 -5.28926e-20)
(0.0107441 2.99901 -5.522e-20)
(0.0217899 2.99713 7.48294e-21)
(0.0165202 2.94913 5.30708e-20)
)
;

boundaryField
{
    wall-4
    {
        type            noSlip;
    }
    pressure-outlet-7
    {
        type            zeroGradient;
    }
    velocity-inlet-6
    {
        type            fixedValue;
        value           uniform (0 3 0);
    }
    velocity-inlet-5
    {
        type            fixedValue;
        value           uniform (1 0 0);
    }
    frontAndBackPlanes
    {
        type            empty;
    }
}


// ************************************************************************* //
