/*--------------------------------*- C++ -*----------------------------------*\
| =========                 |                                                 |
| \\      /  F ield         | OpenFOAM: The Open Source CFD Toolbox           |
|  \\    /   O peration     | Version:  v2012                                 |
|   \\  /    A nd           | Website:  www.openfoam.com                      |
|    \\/     M anipulation  |                                                 |
\*---------------------------------------------------------------------------*/
FoamFile
{
    version     2.0;
    format      ascii;
    class       volVectorField;
    location    "19";
    object      U;
}
// * * * * * * * * * * * * * * * * * * * * * * * * * * * * * * * * * * * * * //

dimensions      [0 1 -1 0 0 0 0];


internalField   nonuniform List<vector> 
2200
(
(0.878678 -0.030387 0)
(1.00568 -0.051307 0)
(1.00289 -0.0353919 0)
(0.99996 -0.0245108 0)
(0.999847 -0.0168301 0)
(1.00012 -0.0109773 0)
(1.00014 -0.00700955 0)
(1.00011 -0.00418016 0)
(1.0001 -0.00215918 0)
(1.00016 -0.000685864 0)
(1.00009 0.000814293 0)
(1.00011 0.00233788 0)
(1.0001 0.00433142 0)
(1.00017 0.00719988 0)
(1.00016 0.011112 0)
(0.999881 0.0169514 0)
(1 0.0246 0)
(1.00294 0.0354623 0)
(1.00567 0.0513295 0)
(0.878666 0.0304107 0)
(0.712209 -0.0327112 0)
(0.996656 -0.062849 0)
(1.03357 -0.0560163 0)
(1.02488 -0.0460249 0)
(1.01548 -0.0355554 0)
(1.00942 -0.0258903 0)
(1.006 -0.0177974 0)
(1.00399 -0.0113173 0)
(1.0027 -0.00601318 0)
(1.00207 -0.00162057 0)
(1.00204 0.00230559 0)
(1.00265 0.00668773 0)
(1.00398 0.0119385 0)
(1.00592 0.0182619 0)
(1.00929 0.0263137 0)
(1.01536 0.0358815 0)
(1.02473 0.0462694 0)
(1.03335 0.0561985 0)
(0.996509 0.0630009 0)
(0.712017 0.0327388 0)
(0.536201 -0.0238705 0)
(0.970211 -0.0567339 0)
(1.05667 -0.0543647 0)
(1.05268 -0.0484266 0)
(1.03662 -0.0398719 0)
(1.0245 -0.0314163 0)
(1.01575 -0.0233275 0)
(1.01001 -0.0158774 0)
(1.00668 -0.00900691 0)
(1.0053 -0.00262279 0)
(1.00528 0.00375674 0)
(1.00664 0.010031 0)
(1.00982 0.0167534 0)
(1.01549 0.0240935 0)
(1.02422 0.031998 0)
(1.03631 0.0403739 0)
(1.05239 0.0488778 0)
(1.05645 0.0546127 0)
(0.969722 0.0569776 0)
(0.535538 0.0239352 0)
(0.393246 -0.0134558 0)
(0.912254 -0.0460921 0)
(1.05795 -0.0465979 0)
(1.07004 -0.044109 0)
(1.0554 -0.0380157 0)
(1.03936 -0.0313038 0)
(1.02743 -0.0245361 0)
(1.01907 -0.0172973 0)
(1.01387 -0.0100241 0)
(1.01142 -0.00283281 0)
(1.01133 0.00445154 0)
(1.01362 0.0114747 0)
(1.0187 0.0185349 0)
(1.02698 0.0255745 0)
(1.0389 0.0322815 0)
(1.05498 0.0388547 0)
(1.0695 0.0448099 0)
(1.05706 0.0472135 0)
(0.911096 0.0463823 0)
(0.391865 0.0135449 0)
(0.310549 -0.00428867 0)
(0.848691 -0.0315067 0)
(1.04979 -0.0387399 0)
(1.07912 -0.0370079 0)
(1.06821 -0.0328654 0)
(1.05177 -0.0276174 0)
(1.03814 -0.0224534 0)
(1.0277 -0.0165355 0)
(1.02082 -0.00987254 0)
(1.0174 -0.00257238 0)
(1.01719 0.00481534 0)
(1.02032 0.011989 0)
(1.02707 0.0184395 0)
(1.03745 0.0241831 0)
(1.05101 0.0290308 0)
(1.06731 0.033996 0)
(1.07808 0.0378708 0)
(1.04842 0.0394025 0)
(0.846538 0.0318345 0)
(0.308457 0.0043632 0)
(0.268928 0.00028624 0)
(0.793921 -0.0191028 0)
(1.03484 -0.029433 0)
(1.08308 -0.0297211 0)
(1.07648 -0.0266657 0)
(1.06064 -0.0223663 0)
(1.04709 -0.0183694 0)
(1.03595 -0.0137744 0)
(1.02792 -0.00841427 0)
(1.02335 -0.00190509 0)
(1.02314 0.00472065 0)
(1.02733 0.0110409 0)
(1.035 0.0161099 0)
(1.04588 0.0202943 0)
(1.05922 0.0239881 0)
(1.07504 0.0280453 0)
(1.08139 0.0308298 0)
(1.03264 0.0302547 0)
(0.790712 0.0194925 0)
(0.266128 -0.000213092 0)
(0.246608 0.0013437 0)
(0.746021 -0.0114426 0)
(1.01715 -0.0232824 0)
(1.08385 -0.0245724 0)
(1.08154 -0.0219994 0)
(1.06642 -0.0182174 0)
(1.05352 -0.0146529 0)
(1.04338 -0.0105586 0)
(1.03553 -0.00607815 0)
(1.03057 -0.000883722 0)
(1.03031 0.00450034 0)
(1.03472 0.00937578 0)
(1.04209 0.0134432 0)
(1.05185 0.0171838 0)
(1.06473 0.0204226 0)
(1.0796 0.02382 0)
(1.08149 0.0260948 0)
(1.01366 0.0243948 0)
(0.741012 0.0119224 0)
(0.242852 -0.00123119 0)
(0.23448 0.00116606 0)
(0.705985 -0.00650337 0)
(0.997789 -0.018252 0)
(1.08262 -0.0201959 0)
(1.08512 -0.0182269 0)
(1.07087 -0.0151866 0)
(1.05762 -0.0117897 0)
(1.04738 -0.0081965 0)
(1.03973 -0.00424974 0)
(1.03521 -3.17884e-05 0)
(1.03472 0.00461611 0)
(1.03838 0.00852346 0)
(1.04537 0.0120332 0)
(1.05551 0.0151043 0)
(1.06829 0.0179106 0)
(1.08227 0.0205056 0)
(1.07924 0.0220312 0)
(0.992877 0.0194847 0)
(0.699172 0.00702846 0)
(0.229701 -0.00101997 0)
(0.229297 0.000796338 0)
(0.678364 -0.0025053 0)
(0.980341 -0.0118236 0)
(1.07966 -0.0139559 0)
(1.08706 -0.0132193 0)
(1.07333 -0.0112639 0)
(1.05948 -0.00911195 0)
(1.04884 -0.00633175 0)
(1.04124 -0.00292167 0)
(1.03697 0.00080524 0)
(1.03629 0.00511336 0)
(1.03947 0.00846512 0)
(1.04642 0.0113066 0)
(1.05607 0.0133209 0)
(1.06984 0.014741 0)
(1.08314 0.0161407 0)
(1.07473 0.0162157 0)
(0.973174 0.0132936 0)
(0.669445 0.00316018 0)
(0.223147 -0.000642642 0)
(0.228634 0.000486305 0)
(0.663976 -8.99681e-05 0)
(0.966656 -0.00588421 0)
(1.07576 -0.00794573 0)
(1.08799 -0.00818767 0)
(1.07554 -0.00720159 0)
(1.06149 -0.00611334 0)
(1.05068 -0.00426828 0)
(1.04288 -0.00152909 0)
(1.03856 0.00181816 0)
(1.03777 0.00557893 0)
(1.04076 0.00830091 0)
(1.04744 0.0102477 0)
(1.05774 0.0110045 0)
(1.07129 0.0115082 0)
(1.08266 0.0115696 0)
(1.06917 0.0105156 0)
(0.957514 0.00761153 0)
(0.652619 0.000873845 0)
(0.220926 -0.000297522 0)
(0.229812 0.000221256 0)
(0.658271 0.000597712 0)
(0.958114 -0.00244373 0)
(1.07268 -0.00422543 0)
(1.08845 -0.00485893 0)
(1.07784 -0.00452473 0)
(1.06467 -0.00367539 0)
(1.05449 -0.00218531 0)
(1.0468 2.61861e-05 0)
(1.04213 0.00291032 0)
(1.04089 0.00597998 0)
(1.04342 0.00819271 0)
(1.04969 0.00948527 0)
(1.05907 0.0104747 0)
(1.07116 0.00988403 0)
(1.08126 0.00916258 0)
(1.06383 0.00761633 0)
(0.946265 0.00470364 0)
(0.64406 0.000410491 0)
(0.22012 7.89234e-06 0)
(0.23119 -7.39645e-06 0)
(0.657002 0.000713387 0)
(0.95372 -0.000845921 0)
(1.07029 -0.00263179 0)
(1.08828 -0.00338813 0)
(1.07882 -0.00330731 0)
(1.06709 -0.00275326 0)
(1.05782 -0.000952677 0)
(1.05087 0.00139483 0)
(1.04641 0.00442197 0)
(1.04482 0.0072692 0)
(1.04658 0.00943463 0)
(1.05159 0.0104419 0)
(1.05896 0.0107609 0)
(1.07028 0.00981217 0)
(1.0788 0.0087031 0)
(1.05871 0.00675381 0)
(0.937941 0.00377048 0)
(0.638677 0.000717546 0)
(0.219026 0.000165125 0)
(0.232575 0.000139406 0)
(0.657282 0.000887521 0)
(0.949859 0.000220759 0)
(1.06744 -0.00115319 0)
(1.08674 -0.00216094 0)
(1.07851 -0.00244003 0)
(1.06767 -0.00187251 0)
(1.059 -6.74316e-05 0)
(1.05246 0.00242446 0)
(1.04808 0.00577034 0)
(1.04619 0.00876907 0)
(1.04732 0.0111069 0)
(1.05141 0.011971 0)
(1.05816 0.0115962 0)
(1.06825 0.0106829 0)
(1.07447 0.00899468 0)
(1.05237 0.00640035 0)
(0.930021 0.00324972 0)
(0.633544 0.000843756 0)
(0.217015 0.000202701 0)
(0.234582 0.000323673 0)
(0.658606 0.00120293 0)
(0.947488 0.00157318 0)
(1.06443 0.000242299 0)
(1.08486 -0.000884346 0)
(1.07826 -0.00130822 0)
(1.06842 -0.000487059 0)
(1.06034 0.00142882 0)
(1.05393 0.00414169 0)
(1.04927 0.00761866 0)
(1.04696 0.0106017 0)
(1.04754 0.0128594 0)
(1.05083 0.0134982 0)
(1.05663 0.0131014 0)
(1.06487 0.0116123 0)
(1.06916 0.00903196 0)
(1.04529 0.00587007 0)
(0.922921 0.00269861 0)
(0.629415 0.000792548 0)
(0.215272 0.000189962 0)
(0.237847 0.000393923 0)
(0.662301 0.00154159 0)
(0.947688 0.00264764 0)
(1.06177 0.00193016 0)
(1.08338 0.00114983 0)
(1.07889 0.000698099 0)
(1.07076 0.00159033 0)
(1.06358 0.0035512 0)
(1.05735 0.00638318 0)
(1.0522 0.00982788 0)
(1.04903 0.0126997 0)
(1.04857 0.0145892 0)
(1.05063 0.0149513 0)
(1.05504 0.0143066 0)
(1.06098 0.0124717 0)
(1.06303 0.00962468 0)
(1.03753 0.0061936 0)
(0.915703 0.0029681 0)
(0.624822 0.00108817 0)
(0.213124 0.000266222 0)
(0.241086 0.000384353 0)
(0.66639 0.00180007 0)
(0.949037 0.00331047 0)
(1.06079 0.00323514 0)
(1.0827 0.00282098 0)
(1.07984 0.00289398 0)
(1.07332 0.00431048 0)
(1.067 0.00658604 0)
(1.061 0.00963666 0)
(1.05545 0.0130062 0)
(1.05138 0.0156519 0)
(1.04984 0.0169171 0)
(1.0505 0.0168329 0)
(1.05345 0.0154893 0)
(1.05715 0.0131993 0)
(1.05705 0.0100045 0)
(1.03014 0.00649309 0)
(0.909089 0.00341975 0)
(0.620209 0.00148351 0)
(0.210478 0.000350506 0)
(0.245885 0.000492211 0)
(0.674015 0.00233627 0)
(0.952452 0.004307 0)
(1.06135 0.00507078 0)
(1.083 0.00529833 0)
(1.08137 0.00594241 0)
(1.07601 0.00756769 0)
(1.07019 0.0100998 0)
(1.06418 0.0133609 0)
(1.05805 0.01668 0)
(1.05294 0.0190653 0)
(1.05011 0.0196637 0)
(1.04934 0.0189012 0)
(1.05051 0.0170208 0)
(1.05229 0.0143743 0)
(1.05042 0.011049 0)
(1.02255 0.00759141 0)
(0.901924 0.00439148 0)
(0.613867 0.00196878 0)
(0.206662 0.00044688 0)
(0.250554 0.000633334 0)
(0.680121 0.00273853 0)
(0.956522 0.00532218 0)
(1.06338 0.00674219 0)
(1.08473 0.00806776 0)
(1.08379 0.00963967 0)
(1.07903 0.01203 0)
(1.07333 0.0150137 0)
(1.06685 0.018385 0)
(1.05974 0.0215297 0)
(1.05328 0.0233668 0)
(1.04897 0.0231494 0)
(1.04689 0.0214701 0)
(1.04654 0.0188732 0)
(1.04682 0.0155267 0)
(1.04349 0.0118338 0)
(1.01455 0.00814945 0)
(0.893796 0.00495005 0)
(0.606532 0.00231593 0)
(0.202199 0.000522927 0)
(0.258282 0.000869969 0)
(0.692267 0.00380645 0)
(0.964971 0.00748381 0)
(1.06782 0.0100296 0)
(1.08816 0.011938 0)
(1.08756 0.014249 0)
(1.08302 0.0172164 0)
(1.07717 0.0206442 0)
(1.07001 0.0242899 0)
(1.06167 0.0272696 0)
(1.05358 0.0284278 0)
(1.04763 0.0272734 0)
(1.04409 0.0245476 0)
(1.04223 0.0211702 0)
(1.04111 0.0173427 0)
(1.03658 0.0135122 0)
(1.00692 0.0098422 0)
(0.885715 0.00628631 0)
(0.597884 0.0029015 0)
(0.196651 0.000630827 0)
(0.2663 0.00114772 0)
(0.703459 0.00452948 0)
(0.973879 0.00898492 0)
(1.07435 0.0124075 0)
(1.09389 0.0158669 0)
(1.09304 0.0195217 0)
(1.08822 0.0235446 0)
(1.08161 0.0278586 0)
(1.07324 0.0319396 0)
(1.06312 0.0348338 0)
(1.05295 0.0352225 0)
(1.045 0.0329894 0)
(1.03979 0.0292494 0)
(1.03644 0.0249251 0)
(1.03404 0.0203467 0)
(1.02836 0.0157758 0)
(0.997237 0.0113312 0)
(0.874299 0.00732855 0)
(0.586452 0.00345439 0)
(0.189893 0.000765261 0)
(0.279235 0.00152762 0)
(0.722428 0.00655061 0)
(0.987969 0.0125194 0)
(1.08373 0.0173258 0)
(1.10143 0.0213243 0)
(1.10015 0.0260634 0)
(1.0945 0.0311835 0)
(1.08672 0.0363673 0)
(1.0766 0.0409083 0)
(1.06425 0.0436746 0)
(1.05168 0.0431862 0)
(1.04165 0.0396634 0)
(1.03482 0.0346423 0)
(1.03018 0.029168 0)
(1.02668 0.023738 0)
(1.02005 0.0188072 0)
(0.988052 0.0141941 0)
(0.863858 0.00945236 0)
(0.574336 0.00438834 0)
(0.181869 0.000923514 0)
(0.293803 0.00212212 0)
(0.743212 0.00767854 0)
(1.00431 0.0152749 0)
(1.09592 0.021462 0)
(1.11207 0.0276212 0)
(1.10946 0.0342708 0)
(1.10235 0.0408271 0)
(1.09261 0.0471698 0)
(1.08006 0.0524079 0)
(1.06489 0.0550059 0)
(1.0494 0.0535529 0)
(1.0369 0.0486773 0)
(1.02809 0.0423605 0)
(1.02189 0.0356854 0)
(1.01725 0.0292226 0)
(1.00939 0.0228953 0)
(0.974852 0.0168306 0)
(0.846444 0.0110482 0)
(0.556159 0.00513463 0)
(0.171521 0.00110072 0)
(0.315513 0.00302865 0)
(0.772121 0.0117557 0)
(1.02679 0.021253 0)
(1.11239 0.029505 0)
(1.12559 0.0367832 0)
(1.12121 0.04504 0)
(1.11182 0.0532384 0)
(1.09926 0.0608205 0)
(1.08351 0.0664846 0)
(1.06475 0.0686421 0)
(1.04586 0.0659263 0)
(1.0307 0.0593314 0)
(1.01995 0.0512743 0)
(1.01232 0.0428836 0)
(1.00643 0.0349228 0)
(0.997425 0.0278147 0)
(0.961531 0.0210548 0)
(0.831739 0.0141444 0)
(0.539083 0.00651593 0)
(0.160212 0.00126572 0)
(0.345631 0.00418021 0)
(0.81191 0.0143879 0)
(1.05568 0.0279408 0)
(1.13306 0.0387033 0)
(1.14316 0.0485028 0)
(1.13558 0.0598639 0)
(1.12286 0.0697566 0)
(1.1066 0.0783679 0)
(1.08687 0.0841591 0)
(1.06406 0.0854943 0)
(1.04144 0.0810394 0)
(1.02331 0.0724106 0)
(1.01025 0.0625151 0)
(1.00087 0.0526946 0)
(0.99363 0.0433773 0)
(0.98276 0.0344492 0)
(0.942675 0.025819 0)
(0.804613 0.016898 0)
(0.510006 0.00747351 0)
(0.144628 0.00144459 0)
(0.38187 0.00821509 0)
(0.859112 0.0240966 0)
(1.09223 0.0399702 0)
(1.15924 0.0536729 0)
(1.16494 0.0668744 0)
(1.15255 0.0802622 0)
(1.13529 0.0912759 0)
(1.11423 0.10042 0)
(1.08963 0.105675 0)
(1.06199 0.105438 0)
(1.03498 0.0988217 0)
(1.01359 0.087953 0)
(0.998243 0.0758994 0)
(0.987062 0.0638484 0)
(0.978207 0.0525744 0)
(0.965452 0.0420613 0)
(0.922311 0.0317011 0)
(0.782849 0.0212469 0)
(0.486768 0.00972313 0)
(0.130572 0.0014667 0)
(0.466334 0.0117795 0)
(0.935842 0.0339644 0)
(1.14081 0.0595041 0)
(1.19179 0.0767534 0)
(1.19078 0.0940666 6.91404e-35)
(1.17145 0.108629 -4.74267e-35)
(1.14806 0.120354 0)
(1.12121 0.128823 0)
(1.09117 0.132384 0)
(1.05843 0.129752 0)
(1.02726 0.120137 0)
(1.00264 0.106205 0)
(0.984608 0.0916898 0)
(0.971294 0.0778812 0)
(0.960488 0.0649084 0)
(0.944844 0.0527351 0)
(0.895554 0.0404507 0)
(0.741759 0.0267413 0)
(0.437066 0.0105957 0)
(0.105473 0.00129153 0)
(0.531541 0.0269939 -7.84268e-21)
(1.02325 0.0585856 5.2773e-21)
(1.19446 0.09193 0)
(1.22771 0.112864 7.07238e-22)
(1.21723 0.132878 -5.73128e-22)
(1.18992 0.146998 5.0037e-35)
(1.16 0.157592 0)
(1.12692 0.164158 4.7031e-21)
(1.09076 0.16539 -1.68908e-20)
(1.05197 0.159774 3.73905e-21)
(1.0153 0.146792 0)
(0.986285 0.130227 -1.23384e-20)
(0.965146 0.113578 -1.54623e-20)
(0.949059 0.0975516 2.71966e-20)
(0.93518 0.0826636 -2.18846e-20)
(0.914632 0.0680045 0)
(0.855154 0.0521683 -8.43757e-21)
(0.688209 0.0350641 0)
(0.39072 0.0171558 -4.56174e-20)
(0.0880944 0.00234688 5.41051e-20)
(0.55748 0.0543899 -6.19254e-23)
(1.07294 0.103111 -4.63566e-20)
(1.2374 0.143937 1.21706e-20)
(1.26055 0.162015 1.80101e-20)
(1.24086 0.18094 -4.54458e-22)
(1.20629 0.192905 1.47582e-21)
(1.16982 0.20157 0)
(1.13015 0.206208 0)
(1.08749 0.205251 2.63916e-20)
(1.0426 0.197094 0)
(1.00062 0.181782 4.22665e-20)
(0.967025 0.16292 1.32372e-20)
(0.940806 0.144257 3.6717e-22)
(0.920072 0.127083 -3.05479e-20)
(0.902179 0.111242 0)
(0.878069 0.0968475 0)
(0.817394 0.0794613 -1.42891e-19)
(0.658675 0.0595089 3.59101e-19)
(0.379187 0.0303504 -2.13447e-19)
(0.0890864 0.00868065 -2.54077e-19)
(0.559763 0.0816403 8.04836e-20)
(1.10077 0.161634 -2.35546e-20)
(1.26921 0.2074 -6.23689e-21)
(1.28681 0.222097 -3.45055e-20)
(1.2597 0.237189 1.36444e-20)
(1.219 0.24512 1.39558e-21)
(1.17627 0.250619 3.58102e-21)
(1.13035 0.252306 0)
(1.08171 0.248336 -5.45158e-20)
(1.03072 0.237096 6.12312e-20)
(0.98221 0.21867 -1.15566e-19)
(0.942774 0.197751 5.64425e-20)
(0.913693 0.178804 -4.1869e-20)
(0.890734 0.161646 9.16059e-20)
(0.869929 0.146088 0)
(0.844032 0.131429 -3.61131e-20)
(0.786061 0.115429 0)
(0.640963 0.0881947 2.06489e-19)
(0.381588 0.0520733 -4.90121e-19)
(0.102462 0.014667 3.07715e-19)
(0.546624 0.113241 -3.78846e-19)
(1.11415 0.221365 1.51384e-19)
(1.28842 0.275791 2.4353e-20)
(1.30437 0.287256 0)
(1.27231 0.298182 1.8983e-20)
(1.22694 0.301507 -2.06483e-20)
(1.17892 0.303151 -3.67041e-21)
(1.12774 0.30099 0)
(1.0739 0.293261 3.84261e-20)
(1.01762 0.278409 -4.1991e-20)
(0.965213 0.257299 1.01478e-19)
(0.923491 0.23521 0)
(0.88965 0.214804 -8.80937e-20)
(0.862301 0.197555 4.8509e-20)
(0.839989 0.182387 1.32242e-19)
(0.814244 0.167919 -1.16319e-19)
(0.760556 0.150588 1.93058e-19)
(0.629131 0.120052 -4.29356e-19)
(0.390515 0.0744305 2.72754e-19)
(0.113938 0.0229113 -3.42527e-19)
(0.528094 0.137524 2.33148e-19)
(1.11454 0.276804 -1.71789e-19)
(1.29761 0.34362 7.60887e-20)
(1.31369 0.352789 -1.04796e-19)
(1.27816 0.360485 7.07763e-20)
(1.22959 0.359566 -1.18958e-20)
(1.17766 0.357237 3.70357e-21)
(1.12243 0.350957 -2.39976e-20)
(1.06415 0.339413 -3.80901e-20)
(1.00303 0.321202 -9.01071e-20)
(0.945309 0.297388 -2.18933e-19)
(0.897977 0.272315 -7.39399e-20)
(0.863719 0.251358 2.78823e-21)
(0.837566 0.233364 -1.74765e-19)
(0.814979 0.218381 -6.30842e-21)
(0.790047 0.203138 1.70672e-19)
(0.741127 0.185366 -5.30967e-20)
(0.620805 0.151772 -3.11724e-20)
(0.395253 0.0970446 0)
(0.120453 0.0305832 7.32809e-19)
(0.508353 0.159406 0)
(1.10567 0.328225 5.3081e-20)
(1.29923 0.408004 0)
(1.3168 0.416612 -1.21453e-20)
(1.27868 0.42231 -8.58749e-20)
(1.22782 0.417462 1.88976e-20)
(1.17296 0.411353 2.39164e-22)
(1.11436 0.401138 4.35924e-20)
(1.05218 0.38585 -2.30212e-20)
(0.98698 0.36397 3.93291e-20)
(0.926384 0.335896 1.18075e-19)
(0.879165 0.309608 1.6379e-19)
(0.842584 0.286988 -1.02363e-19)
(0.813663 0.267796 1.89383e-19)
(0.791215 0.251565 -1.52208e-19)
(0.768257 0.237568 0)
(0.723528 0.218462 -4.06982e-19)
(0.611818 0.182929 5.47115e-19)
(0.395369 0.117327 4.14658e-20)
(0.122412 0.0375107 -7.7524e-19)
(0.491779 0.180111 -5.66399e-21)
(1.09506 0.377594 -1.40026e-19)
(1.29562 0.469358 -4.1946e-19)
(1.31448 0.477873 2.31641e-19)
(1.27428 0.482174 -5.11084e-20)
(1.22204 0.473924 2.8059e-20)
(1.1651 0.464453 -1.24273e-20)
(1.10399 0.450639 -2.35554e-21)
(1.03892 0.431718 -7.96502e-20)
(0.970954 0.405955 9.2932e-22)
(0.908215 0.375471 -1.28513e-19)
(0.858306 0.345772 -1.74371e-19)
(0.821876 0.321012 1.15477e-19)
(0.794637 0.300778 -6.80978e-20)
(0.771431 0.284562 1.6573e-19)
(0.747573 0.269115 0)
(0.704714 0.248328 -2.5218e-19)
(0.598409 0.209864 3.73069e-19)
(0.388585 0.135635 7.14968e-19)
(0.120642 0.0423614 -8.40049e-19)
(0.476697 0.198475 -6.88461e-19)
(1.08064 0.423334 3.47775e-19)
(1.28821 0.52741 2.70292e-19)
(1.3084 0.536286 -2.51156e-19)
(1.26662 0.539401 1.1184e-20)
(1.21347 0.528144 7.47917e-20)
(1.15494 0.515798 1.90499e-22)
(1.09186 0.498718 -1.5989e-20)
(1.02445 0.476386 -4.95479e-20)
(0.953946 0.447078 8.73484e-20)
(0.887959 0.412341 1.2089e-19)
(0.836107 0.379189 2.7323e-19)
(0.798039 0.352784 0)
(0.768568 0.330761 5.4501e-21)
(0.746739 0.312423 -4.61171e-19)
(0.726419 0.298377 1.05874e-19)
(0.688349 0.277172 5.41599e-19)
(0.585822 0.23343 -1.58768e-19)
(0.377546 0.150323 3.39035e-19)
(0.116515 0.0460892 -2.80917e-20)
(0.46686 0.217117 6.36356e-21)
(1.0676 0.467558 3.21772e-19)
(1.27829 0.58296 2.05066e-19)
(1.29943 0.5919 -4.47323e-19)
(1.25631 0.593576 2.85802e-19)
(1.20262 0.579632 -9.18978e-20)
(1.1429 0.564907 -3.69524e-21)
(1.07832 0.545021 3.20984e-20)
(1.00891 0.519679 8.645e-20)
(0.935942 0.487253 -1.13292e-19)
(0.868202 0.449232 0)
(0.816607 0.414609 -1.08113e-19)
(0.779229 0.385397 1.24123e-19)
(0.752205 0.362292 1.67834e-19)
(0.728286 0.34259 -9.62484e-20)
(0.704631 0.324392 -2.43603e-19)
(0.664963 0.300113 -7.40972e-20)
(0.565879 0.252538 -1.21935e-21)
(0.364615 0.161451 0)
(0.110846 0.0491688 0)
(0.457864 0.232992 -3.3998e-19)
(1.0537 0.508684 0)
(1.26666 0.635211 2.34869e-19)
(1.28877 0.644929 -1.08117e-19)
(1.24465 0.645034 -2.9743e-19)
(1.19047 0.628439 8.20072e-20)
(1.12967 0.611607 -9.91272e-21)
(1.06379 0.589258 -1.30734e-20)
(0.992748 0.56133 5.271e-20)
(0.917943 0.525605 -4.74859e-20)
(0.848079 0.484097 6.77052e-20)
(0.792175 0.444171 3.37487e-19)
(0.750849 0.411431 1.33155e-20)
(0.719838 0.384589 -1.71147e-19)
(0.700781 0.363165 3.31578e-19)
(0.683309 0.347339 4.4572e-21)
(0.648902 0.321733 7.92757e-20)
(0.550914 0.270777 -3.86137e-19)
(0.350443 0.170613 3.91638e-19)
(0.104486 0.0510699 -4.67604e-19)
(0.451473 0.252662 3.302e-23)
(1.04114 0.548211 0)
(1.25419 0.684281 0)
(1.27689 0.69504 1.00992e-19)
(1.23186 0.693682 1.16439e-19)
(1.17731 0.674648 -6.86718e-20)
(1.11555 0.655895 4.58413e-20)
(1.04854 0.631357 0)
(0.975927 0.601173 -8.73148e-20)
(0.898565 0.56284 1.65785e-19)
(0.825332 0.518553 2.07755e-19)
(0.769923 0.476388 -1.27485e-19)
(0.73292 0.442007 -1.60245e-19)
(0.70745 0.414634 3.79278e-19)
(0.682976 0.391995 -1.17269e-19)
(0.659698 0.367727 -1.42571e-19)
(0.621718 0.340739 -8.73812e-20)
(0.527062 0.283322 -4.19045e-19)
(0.33478 0.177369 5.86839e-20)
(0.0972428 0.0520015 5.08262e-19)
(0.447864 0.271553 -1.35822e-19)
(1.02942 0.585295 -2.14308e-19)
(1.24116 0.730157 2.37558e-20)
(1.26439 0.74242 1.24215e-22)
(1.21871 0.739879 3.85974e-20)
(1.16377 0.718511 -1.82932e-19)
(1.1011 0.697901 0)
(1.03301 0.671378 1.20264e-20)
(0.958809 0.639232 -9.48308e-21)
(0.879542 0.598505 2.60256e-19)
(0.804585 0.550539 -5.29731e-20)
(0.746986 0.504155 5.80703e-20)
(0.703731 0.464653 0)
(0.671012 0.432355 -2.07234e-19)
(0.652717 0.404596 2.58876e-19)
(0.63701 0.387259 0)
(0.604865 0.354825 -1.91675e-19)
(0.508801 0.296058 5.60379e-19)
(0.318131 0.182058 6.6815e-20)
(0.0895202 0.0517549 -6.30088e-19)
(0.445748 0.288613 -3.01384e-19)
(1.01881 0.620479 3.86387e-19)
(1.22797 0.773015 0)
(1.25125 0.786742 2.51357e-19)
(1.20502 0.783286 0)
(1.14992 0.760036 1.71763e-19)
(1.08652 0.737777 0)
(1.01743 0.709463 0)
(0.941839 0.675579 -3.0895e-20)
(0.860579 0.633008 -2.54262e-19)
(0.783344 0.58318 -3.86211e-19)
(0.722742 0.534564 7.38541e-20)
(0.68173 0.492563 2.76938e-19)
(0.657152 0.458163 2.33545e-19)
(0.635031 0.431972 -8.30762e-19)
(0.612426 0.402331 -3.44172e-19)
(0.575047 0.370358 1.99988e-19)
(0.482777 0.303607 0)
(0.300059 0.184421 5.78585e-19)
(0.0810243 0.0504579 -6.83999e-19)
(0.444131 0.304362 3.32483e-19)
(1.00834 0.653186 -4.24614e-19)
(1.21473 0.812816 0)
(1.2381 0.828214 -1.01522e-20)
(1.19149 0.824133 -1.03418e-19)
(1.13623 0.7993 0)
(1.07224 0.775599 -1.4845e-20)
(1.00239 0.745722 1.89812e-20)
(0.92578 0.710356 -3.66929e-20)
(0.842791 0.666054 2.42763e-20)
(0.76264 0.613174 0)
(0.699281 0.560472 2.94181e-19)
(0.654683 0.515307 3.86674e-21)
(0.619357 0.47593 1.26944e-19)
(0.600692 0.441707 1.53211e-19)
(0.587073 0.416739 0)
(0.556156 0.377738 -3.38662e-19)
(0.46253 0.309933 6.6379e-19)
(0.281368 0.184527 -7.07447e-19)
(0.0726773 0.0479873 1.48614e-18)
(0.442671 0.319354 0)
(0.998767 0.684765 0)
(1.20174 0.850226 -2.32916e-19)
(1.22472 0.866891 0)
(1.17774 0.862182 0)
(1.12255 0.836159 2.46408e-19)
(1.05828 0.811331 -1.8721e-20)
(0.987845 0.780139 1.67884e-20)
(0.909974 0.743482 -1.51693e-21)
(0.824401 0.697928 0)
(0.74107 0.644138 -6.21972e-20)
(0.675791 0.590027 -2.44118e-19)
(0.628614 0.539295 -3.07452e-19)
(0.602829 0.496849 -1.28108e-19)
(0.580898 0.462158 1.68909e-19)
(0.560047 0.426526 -4.01448e-19)
(0.524965 0.389944 7.33566e-19)
(0.433858 0.312144 7.67371e-21)
(0.261774 0.182288 -6.84788e-19)
(0.0642245 0.0447705 -1.01678e-19)
(0.441115 0.333951 0)
(0.989177 0.714125 -3.30528e-19)
(1.18901 0.884965 2.60171e-19)
(1.21173 0.903048 0)
(1.16448 0.89779 0)
(1.10932 0.870718 -5.44434e-19)
(1.04473 0.844951 0)
(0.973751 0.812698 0)
(0.89482 0.775087 -5.82851e-20)
(0.807712 0.728706 4.85048e-20)
(0.722074 0.67305 -4.91606e-19)
(0.652185 0.614319 0)
(0.602704 0.561802 -3.33881e-19)
(0.562631 0.513807 1.16958e-20)
(0.543632 0.469239 -5.39788e-19)
(0.532038 0.43807 2.17714e-19)
(0.50347 0.386408 4.08271e-21)
(0.413787 0.310711 -7.85788e-19)
(0.243824 0.178086 3.72669e-19)
(0.0579731 0.0414552 1.08784e-19)
(0.439634 0.34806 0)
(0.980684 0.742714 -3.89807e-19)
(1.17672 0.917882 2.76597e-19)
(1.19879 0.936887 5.81395e-19)
(1.15124 0.930915 1.18199e-19)
(1.09623 0.902966 -8.24544e-20)
(1.0315 0.876447 5.14733e-20)
(0.960136 0.843372 -1.03059e-19)
(0.880287 0.804968 6.23483e-20)
(0.791449 0.757876 2.90021e-19)
(0.703133 0.701399 4.07635e-19)
(0.629741 0.64272 7.89764e-20)
(0.574137 0.587152 4.85158e-19)
(0.543907 0.534822 3.16216e-19)
(0.52031 0.490667 3.89963e-19)
(0.500242 0.438181 -2.44341e-19)
(0.469016 0.393376 -2.90439e-19)
(0.384279 0.306154 3.4221e-19)
(0.22318 0.169117 -2.02324e-19)
(0.0531814 0.039247 3.55863e-19)
(0.43808 0.361661 5.13991e-19)
(0.972057 0.768889 6.18967e-19)
(1.16473 0.948376 1.51697e-19)
(1.18642 0.968576 1.59701e-20)
(1.1387 0.961982 -4.10231e-19)
(1.08373 0.93313 1.57675e-19)
(1.0188 0.905916 -5.87635e-20)
(0.947105 0.872188 -2.11351e-20)
(0.866527 0.833184 -5.05639e-20)
(0.775807 0.785772 -3.25058e-19)
(0.683202 0.728984 2.40734e-20)
(0.603838 0.669175 0)
(0.547493 0.611263 0)
(0.499633 0.553486 -1.60436e-19)
(0.474836 0.493932 -6.41531e-19)
(0.464747 0.445731 5.30236e-19)
(0.443872 0.373378 3.25352e-19)
(0.370957 0.285717 0)
(0.224269 0.148121 6.45509e-19)
(0.0479194 0.021665 -3.86404e-19)
(0.43667 0.374469 -2.74588e-19)
(0.964425 0.794345 2.36959e-19)
(1.15323 0.977291 -3.38614e-19)
(1.17426 0.998217 -3.65059e-19)
(1.12634 0.990915 -1.61718e-19)
(1.07154 0.961317 3.79018e-20)
(1.00655 0.9335 0)
(0.934653 0.89925 1.48677e-19)
(0.8534 0.859911 1.01532e-20)
(0.761307 0.812584 0)
(0.667942 0.75671 0)
(0.587173 0.697686 5.54273e-20)
(0.519019 0.636503 8.57312e-20)
(0.479047 0.575316 -1.72897e-19)
(0.447272 0.517641 4.64053e-19)
(0.422424 0.441232 -5.83693e-19)
(0.397114 0.370136 -7.00695e-19)
(0.34608 0.263272 6.2259e-19)
(0.245737 0.159573 -2.33023e-19)
(0.12839 0.0973339 1.33534e-19)
(0.434986 0.386472 3.16803e-19)
(0.956479 0.817308 0)
(1.14203 1.00392 0)
(1.1627 1.02591 -1.23019e-19)
(1.11477 1.01807 9.95675e-20)
(1.0601 0.987709 -2.05674e-20)
(0.995069 0.959359 -2.23675e-19)
(0.923012 0.924646 -2.27978e-19)
(0.841273 0.88507 3.96025e-20)
(0.74795 0.837777 -2.6412e-20)
(0.650608 0.781786 6.4388e-20)
(0.562901 0.721491 -4.53557e-19)
(0.496088 0.662249 -5.0252e-19)
(0.431799 0.600383 -9.21521e-20)
(0.390782 0.523894 0)
(0.368768 0.455654 -1.32676e-20)
(0.351514 0.324656 3.84918e-19)
(0.313746 0.169892 -6.5367e-19)
(0.278481 0.0029684 4.8373e-19)
(0.0845257 -0.0800938 3.86201e-19)
(0.433425 0.397776 -6.90598e-19)
(0.949361 0.839753 -2.97448e-19)
(1.13126 1.02929 6.09586e-21)
(1.15131 1.05193 1.56426e-19)
(1.10329 1.04358 0)
(1.04888 1.01273 4.67762e-19)
(0.983879 0.984 2.78798e-19)
(0.911771 0.949064 -4.57009e-20)
(0.829403 0.909564 -6.28431e-21)
(0.734598 0.863071 -2.47196e-20)
(0.635115 0.809195 2.29599e-20)
(0.544591 0.752824 4.01094e-19)
(0.463719 0.691327 4.91374e-19)
(0.410426 0.624055 8.85912e-20)
(0.362042 0.561976 4.91532e-19)
(0.305609 0.455813 0)
(0.212903 0.32789 0)
(0.0609732 0.309011 4.84735e-19)
(-0.0599876 0.631788 -3.32971e-20)
(-0.00105243 1.48544 -6.2424e-19)
(0.431387 0.408471 3.75674e-19)
(0.941913 0.859994 8.92034e-19)
(1.12071 1.0528 -1.34104e-18)
(1.14042 1.07656 8.08616e-19)
(1.09242 1.06797 -9.47907e-20)
(1.03816 1.03675 6.0997e-19)
(0.973169 1.00788 0)
(0.900869 0.972951 2.35457e-19)
(0.818114 0.933734 0)
(0.722385 0.887658 2.23325e-19)
(0.621531 0.833714 -3.67957e-20)
(0.528355 0.776876 4.12573e-20)
(0.449297 0.724294 5.42728e-19)
(0.360825 0.667113 -2.01501e-19)
(0.276004 0.585982 -2.58134e-19)
(0.20935 0.521934 0)
(0.111563 0.607462 0)
(0.045548 1.22391 0)
(0.0819878 2.41361 -2.72886e-19)
(0.114125 2.88657 -1.69181e-19)
(0.429469 0.418837 0)
(0.935285 0.87987 0)
(1.11062 1.0753 4.79756e-19)
(1.12972 1.09974 -6.74056e-19)
(1.08165 1.09092 4.63215e-19)
(1.02766 1.05962 -5.59117e-19)
(0.962733 1.03079 -3.23169e-20)
(0.890508 0.996063 2.51623e-20)
(0.807389 0.95749 4.48319e-21)
(0.71042 0.913176 -2.53548e-19)
(0.604773 0.863992 5.52947e-20)
(0.503498 0.814765 3.73851e-19)
(0.409877 0.758657 -5.34483e-19)
(0.339896 0.694971 -6.2825e-19)
(0.276685 0.650978 2.19819e-19)
(0.212362 0.766187 0)
(0.15234 1.47176 3.17905e-19)
(0.151984 2.65982 3.58574e-19)
(0.155714 3.07677 -4.01296e-19)
(0.14669 3.2176 4.46452e-19)
(0.427168 0.428133 0)
(0.928317 0.897532 7.24591e-19)
(1.10078 1.09602 -1.24314e-19)
(1.11958 1.12161 8.47963e-19)
(1.07155 1.1128 -4.86215e-19)
(1.0177 1.08144 0)
(0.952804 1.05276 0)
(0.880493 1.01847 0)
(0.797057 0.980802 -8.63177e-20)
(0.699363 0.937727 1.15256e-21)
(0.59493 0.888332 0)
(0.496255 0.838612 -3.64332e-19)
(0.409414 0.798239 0)
(0.300218 0.754034 4.46595e-19)
(0.21998 0.833585 -2.88879e-19)
(0.177842 1.42986 -2.4307e-19)
(0.187252 2.65071 -5.99966e-19)
(0.206538 3.12471 -2.98181e-19)
(0.195515 3.27391 -3.38954e-19)
(0.180225 3.31558 2.99039e-19)
(0.425083 0.436961 -2.44787e-19)
(0.922156 0.914991 1.47759e-20)
(1.09143 1.11597 -1.33924e-19)
(1.10967 1.14223 -6.78677e-19)
(1.06154 1.13339 0)
(1.00795 1.10222 0)
(0.943159 1.07391 0)
(0.871034 1.04018 -1.63235e-20)
(0.787631 1.00349 9.9421e-20)
(0.689578 0.962598 0)
(0.580743 0.919386 0)
(0.475539 0.8794 0)
(0.368603 0.840526 0)
(0.30972 0.837106 2.90084e-19)
(0.293017 1.1777 7.60169e-19)
(0.28559 2.31334 2.38053e-19)
(0.296911 3.07846 4.29418e-19)
(0.288274 3.29457 -2.682e-19)
(0.236235 3.36445 9.91185e-20)
(0.201539 3.37741 0)
(0.422621 0.445016 2.48032e-19)
(0.915382 0.930679 -1.56225e-18)
(1.08206 1.13474 -4.42246e-19)
(1.1001 1.16224 -1.08031e-19)
(1.05202 1.15358 1.24085e-19)
(0.998596 1.12253 -8.76558e-19)
(0.933882 1.09456 5.95112e-20)
(0.86186 1.06146 4.15107e-19)
(0.778244 1.02609 0)
(0.679561 0.987352 -1.41961e-20)
(0.572845 0.944888 1.29141e-20)
(0.467553 0.904998 0)
(0.384029 0.879934 0)
(0.332865 1.00349 -3.59724e-19)
(0.307749 1.81322 -5.23279e-21)
(0.302978 2.9177 -1.22259e-19)
(0.320767 3.29757 1.93075e-19)
(0.293566 3.40404 5.76072e-20)
(0.224476 3.43141 1.14471e-19)
(0.197694 3.43999 -5.8961e-20)
(0.420076 0.453335 4.77805e-19)
(0.908825 0.947854 1.49405e-18)
(1.07236 1.15455 5.43803e-19)
(1.08993 1.18265 0)
(1.04183 1.17398 0)
(0.98875 1.14312 6.71551e-19)
(0.924254 1.11556 -4.16339e-19)
(0.852532 1.08316 -3.81492e-19)
(0.769414 1.04896 -1.53278e-20)
(0.671488 1.01233 1.666e-20)
(0.561714 0.975372 -2.4712e-19)
(0.456898 0.945039 0)
(0.378058 0.955961 0)
(0.354968 1.32944 -1.95313e-19)
(0.370823 2.41114 -2.5603e-19)
(0.413011 3.1977 0)
(0.441174 3.39058 9.15796e-20)
(0.370517 3.4584 2.20587e-19)
(0.292637 3.50332 -4.87584e-19)
(0.266251 3.52938 2.83008e-19)
(0.416589 0.461615 -9.05413e-19)
(0.900698 0.964339 -7.10749e-19)
(1.06163 1.17457 0)
(1.07919 1.20393 0)
(1.03131 1.19537 0)
(0.978535 1.16448 0)
(0.91436 1.13712 4.44792e-19)
(0.843269 1.10516 -4.90505e-19)
(0.760429 1.07212 0)
(0.662131 1.03835 -9.39493e-21)
(0.555955 1.00514 4.01522e-19)
(0.45205 0.980617 2.15543e-20)
(0.398701 1.06226 3.73587e-20)
(0.415696 1.70037 2.83296e-19)
(0.44662 2.86262 -7.15038e-20)
(0.48127 3.33264 0)
(0.462874 3.46881 -7.94699e-20)
(0.36956 3.55882 1.04721e-19)
(0.279922 3.63285 3.61433e-19)
(0.202317 3.61459 -3.1701e-19)
(0.412954 0.470442 4.29127e-19)
(0.892587 0.98338 -6.98383e-19)
(1.05013 1.19647 0)
(1.06733 1.22612 -1.73452e-19)
(1.0196 1.21734 6.58654e-19)
(0.967378 1.18638 0)
(0.903713 1.1592 0)
(0.833098 1.12777 9.16825e-19)
(0.751056 1.09597 1.60299e-20)
(0.655014 1.0636 -1.01381e-19)
(0.546262 1.03253 -1.66074e-19)
(0.45946 1.02335 1.34567e-19)
(0.427662 1.22724 0)
(0.464694 2.0981 -1.30262e-19)
(0.513233 3.12597 1.13379e-19)
(0.572638 3.44282 -4.99172e-20)
(0.569078 3.55226 0)
(0.49335 3.65649 -2.07201e-19)
(0.414752 3.70337 -7.8884e-19)
(0.328835 3.67483 -1.99211e-19)
(0.407924 0.478803 -8.32947e-19)
(0.882348 1.00116 9.93786e-19)
(1.03734 1.21835 7.39095e-19)
(1.05478 1.24919 -1.91539e-19)
(1.00745 1.24033 -1.00466e-18)
(0.95577 1.2091 0)
(0.892743 1.1819 3.84962e-19)
(0.823363 1.15071 -3.74725e-19)
(0.742522 1.11948 -3.83342e-20)
(0.646716 1.08984 8.62393e-20)
(0.540399 1.06802 7.26219e-22)
(0.462726 1.08823 -1.49783e-19)
(0.466399 1.41626 1.27813e-19)
(0.541854 2.47433 -2.01909e-20)
(0.614433 3.3013 1.35254e-19)
(0.672483 3.50794 -3.71074e-19)
(0.629379 3.57749 0)
(0.56026 3.59504 0)
(0.451697 3.56768 -9.12001e-19)
(0.199441 3.36853 1.81537e-18)
(0.402585 0.48798 3.94908e-19)
(0.87212 1.0222 9.58492e-19)
(1.02362 1.24253 -7.27902e-19)
(1.04095 1.27321 7.14419e-19)
(0.993977 1.2638 9.93035e-19)
(0.943178 1.23219 0)
(0.881085 1.20481 -4.18674e-19)
(0.812599 1.17372 -5.21363e-19)
(0.732734 1.14368 0)
(0.639749 1.11562 0)
(0.540369 1.09426 0)
(0.480939 1.13912 0)
(0.524702 1.6444 -1.30944e-19)
(0.613873 2.76031 6.63695e-20)
(0.692742 3.40738 0)
(0.738498 3.53308 2.27166e-19)
(0.734442 3.54749 0)
(0.803471 3.40432 3.62742e-19)
(0.896775 3.05106 -2.65586e-18)
(0.472477 2.70085 2.59931e-18)
(0.395384 0.495824 -7.70801e-19)
(0.859093 1.04107 -6.07647e-19)
(1.00825 1.26637 -4.68509e-19)
(1.02624 1.29818 -6.68197e-19)
(0.979903 1.28843 -4.7148e-19)
(0.92998 1.25623 0)
(0.868886 1.22854 -9.36296e-20)
(0.802047 1.19759 3.84423e-20)
(0.724378 1.16792 2.81637e-19)
(0.634033 1.14085 0)
(0.537262 1.13092 5.25742e-22)
(0.496571 1.23917 -5.97331e-22)
(0.574147 1.85557 0)
(0.692682 3.01231 -6.0736e-20)
(0.790657 3.46339 0)
(0.834961 3.52146 -3.78219e-19)
(0.837078 3.44608 9.65106e-19)
(0.825199 3.08886 -3.57073e-19)
(0.578193 2.11199 5.50437e-19)
(-0.36106 0.56997 -1.35639e-18)
(0.387739 0.504655 -1.25831e-20)
(0.845718 1.06379 -2.98727e-19)
(0.99156 1.29312 6.51374e-19)
(1.00976 1.32453 -1.86695e-20)
(0.964036 1.314 -1.24936e-19)
(0.915377 1.2812 0)
(0.855721 1.25317 4.25649e-19)
(0.790681 1.22195 4.34347e-19)
(0.714853 1.19283 -5.43925e-19)
(0.625078 1.16816 3.06076e-19)
(0.541175 1.16398 1.36278e-19)
(0.526014 1.31907 0)
(0.643142 2.11133 -1.0784e-19)
(0.777777 3.1796 1.07822e-19)
(0.860535 3.45374 2.32518e-19)
(0.8651 3.46203 0)
(0.7963 3.26595 -4.76404e-19)
(0.62451 2.50887 5.77361e-19)
(0.161395 0.824353 -6.86727e-19)
(-0.268749 -0.452317 -6.21418e-19)
(0.377548 0.511332 6.97892e-19)
(0.828707 1.08319 -2.86904e-19)
(0.972709 1.3191 4.33813e-19)
(0.992082 1.35199 3.42101e-19)
(0.947218 1.34105 2.41462e-19)
(0.899858 1.30756 6.32802e-19)
(0.84163 1.27897 -8.17882e-19)
(0.778321 1.24779 -5.27809e-19)
(0.704773 1.2201 5.8456e-19)
(0.617881 1.19702 7.36479e-20)
(0.546834 1.20461 4.98772e-20)
(0.558331 1.44861 1.07849e-19)
(0.705591 2.3743 -1.42667e-19)
(0.840181 3.26659 2.2018e-19)
(0.911061 3.42575 -3.44392e-19)
(0.905063 3.37653 3.45786e-19)
(0.777935 2.96845 -8.50036e-19)
(0.504781 1.85906 5.21068e-19)
(0.0801925 0.115639 0)
(-0.0835786 -0.199043 -9.78383e-19)
(0.366199 0.518748 0)
(0.810637 1.10626 -1.07931e-18)
(0.952331 1.34818 2.34368e-20)
(0.972267 1.38086 -5.99332e-19)
(0.928304 1.36896 0)
(0.882725 1.3347 -4.52234e-19)
(0.826456 1.30578 6.94415e-19)
(0.766273 1.27451 4.9375e-19)
(0.696644 1.24634 -6.08437e-19)
(0.615089 1.22544 -3.04593e-19)
(0.554991 1.24795 -1.7916e-19)
(0.601634 1.57353 4.33238e-20)
(0.779774 2.6036 1.54691e-19)
(0.91606 3.32035 1.63573e-19)
(0.970254 3.39135 -3.64907e-19)
(0.891801 3.22788 5.65199e-19)
(0.64697 2.53632 3.92998e-19)
(0.196527 0.717382 -4.65127e-19)
(-0.123996 -0.250081 0)
(-0.122953 -0.217595 0)
(0.351215 0.522841 -6.4473e-19)
(0.787842 1.12419 1.04599e-18)
(0.929329 1.37554 0)
(0.950909 1.41056 0)
(0.907961 1.39813 0)
(0.86441 1.3631 0)
(0.810338 1.33331 -2.96043e-19)
(0.752424 1.30107 -1.45764e-20)
(0.685679 1.2741 -7.63299e-20)
(0.608368 1.25779 -4.01067e-20)
(0.559411 1.29868 3.53525e-19)
(0.642142 1.70879 -1.49254e-19)
(0.839964 2.79823 0)
(0.96105 3.32073 3.97842e-20)
(0.985448 3.33413 6.04549e-19)
(0.868158 3.01878 -2.39774e-19)
(0.531324 1.95846 3.88552e-19)
(0.0368949 0.0717637 2.29474e-19)
(-0.19499 -0.253088 -1.04476e-18)
(-0.0684304 -0.15279 -1.2447e-18)
(0.334919 0.527085 3.15876e-19)
(0.763963 1.14596 4.87478e-19)
(0.904672 1.40584 -9.62396e-21)
(0.926846 1.44145 2.88681e-19)
(0.885105 1.42782 0)
(0.844163 1.39171 7.21554e-19)
(0.792432 1.36144 -1.97507e-19)
(0.738186 1.32942 7.1661e-20)
(0.675234 1.30283 -2.9541e-20)
(0.606823 1.28811 -4.45323e-20)
(0.577132 1.34952 -2.24703e-19)
(0.692636 1.85946 1.87611e-19)
(0.915271 2.95242 1.93396e-19)
(1.02408 3.32186 1.33113e-19)
(1.03919 3.26413 -3.75259e-19)
(0.822556 2.74961 8.46071e-19)
(0.335533 1.27019 -4.95511e-19)
(-0.0916293 -0.2156 6.22904e-19)
(-0.23775 -0.267272 -1.84544e-18)
(-0.0780178 -0.172006 1.29451e-18)
(0.314739 0.526412 -2.95468e-19)
(0.735369 1.16104 0)
(0.876485 1.43285 -3.62838e-19)
(0.900238 1.47246 -5.48573e-19)
(0.860011 1.45829 0)
(0.822285 1.42131 -5.49364e-19)
(0.773657 1.39018 0)
(0.72334 1.35676 -4.09468e-19)
(0.665171 1.32851 2.2298e-19)
(0.606148 1.31761 -4.44055e-19)
(0.58935 1.40553 3.10344e-19)
(0.744251 2.00338 -7.12154e-20)
(0.968456 3.03795 -5.0342e-19)
(1.05854 3.29528 2.68861e-19)
(1.01839 3.15562 -3.44893e-19)
(0.736442 2.40927 -2.62023e-19)
(0.234254 0.626415 6.5326e-19)
(-0.121579 -0.307977 -7.71558e-19)
(-0.1954 -0.302827 -2.56907e-21)
(-0.0859534 -0.183077 -1.34307e-19)
(0.293174 0.524471 5.73021e-19)
(0.704861 1.17881 -4.49484e-19)
(0.845869 1.46173 3.66498e-19)
(0.870211 1.50396 2.60461e-19)
(0.832325 1.48872 2.58106e-20)
(0.798326 1.45037 2.92274e-19)
(0.752391 1.41817 0)
(0.705752 1.38324 -2.87925e-20)
(0.6508 1.35613 0)
(0.599431 1.35094 4.15321e-19)
(0.605181 1.4643 -2.84021e-19)
(0.796982 2.15285 4.34468e-20)
(1.03045 3.10373 4.87544e-19)
(1.11157 3.28361 2.94485e-19)
(1.06191 3.03303 -1.59659e-19)
(0.706319 2.13215 2.63104e-19)
(0.154623 0.159478 -8.47455e-19)
(-0.135116 -0.276037 -5.24878e-19)
(-0.148144 -0.299818 -2.08003e-19)
(-0.0579113 -0.143252 9.64344e-19)
(0.267152 0.514648 4.12292e-21)
(0.668326 1.18699 2.2308e-19)
(0.810074 1.48526 0)
(0.836641 1.53379 4.85204e-19)
(0.801837 1.51931 -7.32447e-19)
(0.77178 1.47969 2.82839e-19)
(0.729202 1.44631 -2.03492e-19)
(0.68822 1.41113 3.50748e-19)
(0.639659 1.38242 -3.44499e-19)
(0.597763 1.37957 5.2923e-20)
(0.620571 1.51522 -3.39842e-19)
(0.850647 2.23699 -4.5351e-19)
(1.08757 3.12763 4.4013e-20)
(1.14186 3.26314 -5.73301e-19)
(0.992569 2.91195 -3.06905e-19)
(0.553838 1.69561 5.89426e-19)
(-0.0947498 0.0564882 -4.66446e-19)
(-0.219106 -0.164355 2.38583e-19)
(-0.189306 -0.228506 -4.35582e-21)
(-0.0294825 -0.0599126 -8.38893e-19)
(0.239178 0.50097 1.04035e-18)
(0.628256 1.19564 -2.16898e-19)
(0.770997 1.51016 -6.26923e-19)
(0.799513 1.56325 5.0883e-19)
(0.769075 1.54906 -3.29082e-19)
(0.742366 1.50775 5.32684e-19)
(0.703447 1.47277 3.51484e-19)
(0.667402 1.43538 0)
(0.627283 1.40373 4.00458e-19)
(0.595313 1.40259 -6.12682e-20)
(0.634015 1.56337 8.7817e-20)
(0.899833 2.31438 4.5194e-19)
(1.14573 3.14314 8.08173e-20)
(1.17323 3.25638 2.51157e-20)
(0.954367 2.83126 -5.44112e-19)
(0.324587 1.40302 -3.06255e-19)
(-0.331367 0.14034 6.53898e-19)
(-0.478172 -0.314307 3.68731e-19)
(-0.44243 -0.441628 8.84805e-20)
(-0.176371 -0.307778 9.20441e-19)
(0.206752 0.476316 0)
(0.581072 1.19023 2.0213e-19)
(0.725279 1.52615 -2.86498e-19)
(0.758327 1.58928 4.85525e-19)
(0.732582 1.57708 -6.62854e-19)
(0.709033 1.53482 2.68579e-19)
(0.674581 1.49789 0)
(0.644766 1.45906 0)
(0.610261 1.42458 0)
(0.587222 1.41927 1.08347e-19)
(0.642986 1.60312 -1.01644e-19)
(0.94327 2.3346 6.78016e-20)
(1.22984 3.12646 3.54744e-19)
(1.25429 3.24278 4.42704e-19)
(1.01461 2.81365 -7.87933e-19)
(0.384358 1.41161 6.33648e-19)
(-0.297102 0.156215 4.11331e-21)
(-0.654562 -0.628594 -1.35293e-18)
(-0.688942 -0.995771 1.83248e-19)
(-0.463561 -0.9439 0)
(0.173066 0.445494 9.37966e-19)
(0.52976 1.18237 -1.89023e-19)
(0.676293 1.54293 4.05513e-21)
(0.7131 1.61457 0)
(0.691902 1.6035 -3.10984e-19)
(0.67139 1.55871 1.75817e-20)
(0.643126 1.52008 0)
(0.619379 1.47995 1.08501e-19)
(0.591324 1.44495 -8.56095e-20)
(0.578851 1.42841 0)
(0.625867 1.61495 0)
(0.986545 2.29596 -1.93542e-19)
(1.31861 3.10379 -3.65362e-19)
(1.42605 3.20563 1.39824e-19)
(1.25836 2.85358 -2.57274e-19)
(0.745387 1.53839 4.4728e-19)
(0.0817918 0.331666 0)
(-0.431476 -0.716359 -1.1122e-18)
(-0.687297 -1.27917 -1.47762e-18)
(-0.566326 -1.3704 3.59082e-18)
(0.136131 0.400275 7.72387e-19)
(0.470604 1.15248 -1.79526e-19)
(0.619051 1.5431 2.62213e-19)
(0.661642 1.63203 -6.46597e-19)
(0.646357 1.62481 0)
(0.630118 1.58154 0)
(0.607008 1.54042 0)
(0.589381 1.49826 1.03503e-19)
(0.56891 1.4598 -8.16625e-20)
(0.569836 1.43336 0)
(0.614696 1.59553 0)
(0.993983 2.22756 2.88194e-19)
(1.42882 2.9937 -1.86431e-19)
(1.63075 3.07345 1.91826e-19)
(1.595 2.74429 5.88545e-19)
(1.31283 1.90238 0)
(0.720943 0.730947 -1.34928e-19)
(0.125081 -0.303268 -3.05063e-19)
(-0.322827 -1.22982 1.99506e-18)
(-0.534304 -1.54658 -2.42109e-18)
(0.0999859 0.349071 -7.18794e-19)
(0.407011 1.11697 1.84954e-19)
(0.557512 1.54337 5.36596e-19)
(0.604556 1.64797 3.78066e-19)
(0.595126 1.64349 -3.05706e-19)
(0.583969 1.59971 -2.11336e-19)
(0.567604 1.55628 1.49996e-19)
(0.556631 1.5083 0)
(0.542345 1.46914 0)
(0.55877 1.42867 0)
(0.599549 1.55823 -1.49428e-19)
(0.948151 2.04451 -2.42792e-19)
(1.41473 2.88145 1.34707e-19)
(1.63549 2.88312 -1.03066e-19)
(1.5797 2.64591 -1.57495e-19)
(1.42335 2.02798 0)
(0.946749 1.0265 8.09881e-20)
(0.445999 0.0595875 -1.10185e-19)
(-0.0158006 -0.823607 8.83141e-20)
(-0.220729 -1.07264 -2.61104e-20)
(0.0654566 0.284844 7.63039e-19)
(0.334603 1.04856 -6.2702e-19)
(0.48653 1.51491 0)
(0.540576 1.64916 1.84814e-19)
(0.538489 1.65229 1.35428e-19)
(0.533099 1.6117 2.95495e-19)
(0.521648 1.56646 -1.40221e-19)
(0.516566 1.51679 0)
(0.504805 1.47253 0)
(0.536719 1.41314 -2.34459e-19)
(0.5427 1.50586 3.91503e-20)
(0.840113 1.83482 1.05357e-19)
(1.25895 2.66745 7.72454e-20)
(1.4613 2.70166 -1.3706e-19)
(1.44833 2.55921 2.79743e-19)
(1.34398 2.15779 -7.20527e-19)
(1.03082 1.44971 5.41076e-19)
(0.617704 0.626958 0)
(0.209325 -0.0823991 6.30001e-20)
(-0.0716025 -0.502637 -1.89346e-18)
(0.0366981 0.220472 7.89967e-19)
(0.260771 0.973037 0)
(0.409916 1.48464 0)
(0.468774 1.64617 0)
(0.47402 1.65617 1.1424e-19)
(0.475673 1.62027 -2.8557e-19)
(0.469263 1.57243 -1.28937e-19)
(0.471948 1.52138 0)
(0.459598 1.47068 0)
(0.481376 1.40724 1.40796e-19)
(0.45646 1.43388 5.17667e-20)
(0.62754 1.67125 -4.08681e-20)
(1.01108 2.4742 -7.82982e-20)
(1.17191 2.63182 -1.91373e-19)
(1.15824 2.5658 2.95837e-19)
(1.09341 2.32234 -5.83761e-19)
(0.910748 1.82931 5.91567e-19)
(0.600373 1.1847 0)
(0.295045 0.587916 -5.88091e-20)
(0.0707577 0.124576 -1.3645e-18)
(0.0152363 0.150051 -7.57361e-19)
(0.182236 0.853346 2.61562e-19)
(0.327432 1.41231 4.00449e-19)
(0.391015 1.61932 -2.32814e-20)
(0.403297 1.64671 -2.42575e-19)
(0.412966 1.61939 -1.59294e-19)
(0.4138 1.56941 3.60584e-19)
(0.4215 1.51847 -7.90787e-21)
(0.407055 1.47396 0)
(0.406351 1.42542 3.95917e-20)
(0.384046 1.40866 -4.00335e-21)
(0.382583 1.56881 3.13836e-20)
(0.696552 2.34572 0)
(0.860687 2.64211 6.86572e-20)
(0.842359 2.63358 0)
(0.80198 2.51669 1.16949e-19)
(0.701613 2.21691 7.63544e-20)
(0.492229 1.70695 0)
(0.28237 1.16607 0)
(0.111933 0.604678 -1.23739e-18)
(0.00458468 0.0900981 6.24836e-19)
(0.111241 0.727977 -2.34498e-19)
(0.241444 1.32784 1.81243e-19)
(0.306396 1.57891 -2.84186e-19)
(0.331743 1.62241 1.10032e-19)
(0.344351 1.60752 -3.7622e-20)
(0.358549 1.55895 2.42961e-20)
(0.368981 1.51952 -4.75346e-20)
(0.356939 1.47856 -3.00348e-20)
(0.364888 1.44995 -2.23158e-20)
(0.343637 1.43501 5.66823e-21)
(0.265917 1.55367 0)
(0.399593 2.19767 6.06147e-21)
(0.581816 2.65374 0)
(0.551248 2.7386 0)
(0.516062 2.70459 0)
(0.460978 2.52146 4.96123e-19)
(0.334573 2.11508 -1.32981e-18)
(0.204156 1.60394 -9.88116e-23)
(0.090766 0.902911 9.54041e-19)
(-0.000267562 0.0252262 1.09913e-19)
(0.0508693 0.565424 1.02675e-19)
(0.150893 1.19488 -8.36927e-20)
(0.213188 1.50329 -6.14235e-20)
(0.250342 1.58209 4.9663e-20)
(0.273429 1.57855 3.53455e-20)
(0.299898 1.53758 2.52363e-20)
(0.323417 1.51115 0)
(0.331168 1.46331 -1.24646e-20)
(0.36478 1.45803 -7.85572e-21)
(0.344509 1.47945 1.41185e-20)
(0.26301 1.57945 0)
(0.241389 2.09222 4.37089e-21)
(0.382354 2.65676 -1.17223e-20)
(0.326899 2.83507 0)
(0.28602 2.84684 0)
(0.253032 2.73292 -2.58137e-20)
(0.180343 2.39368 0)
(0.0976006 1.86112 -2.12931e-20)
(0.0358274 1.0607 0)
(0.000590667 -0.0255808 0)
(0.0142779 0.432364 0)
(0.0629747 1.04426 0)
(0.115636 1.38635 0)
(0.161387 1.50554 -1.20606e-33)
(0.201534 1.52219 9.2124e-34)
(0.243548 1.49715 0)
(0.293037 1.47591 0)
(0.334286 1.43029 0)
(0.392703 1.44821 0)
(0.403735 1.52787 0)
(0.294429 1.63425 0)
(0.198147 2.0901 0)
(0.258353 2.65946 0)
(0.190926 2.89832 0)
(0.154006 2.93665 0)
(0.142749 2.83905 0)
(0.0815288 2.57003 0)
(0.0319283 2.07297 0)
(-0.00589894 1.16518 0)
(7.25877e-05 -0.0366694 0)
(-0.0077177 0.402408 0)
(0.00670315 0.959013 0)
(0.043965 1.28138 0)
(0.0908922 1.40917 0)
(0.146218 1.439 0)
(0.20485 1.42523 0)
(0.284317 1.40113 0)
(0.356141 1.35563 0)
(0.461631 1.40507 0)
(0.468332 1.56799 0)
(0.3754 1.76053 0)
(0.181624 2.1387 0)
(0.17641 2.70314 0)
(0.118881 2.95201 0)
(0.0947056 2.9807 0)
(0.0748751 2.90634 0)
(0.0180274 2.69304 0)
(-0.00300568 2.16955 0)
(-0.0108995 1.16735 0)
(-0.00487985 -0.00735952 0)
(-0.0126031 0.416267 0)
(-0.0163417 0.915002 0)
(0.00730874 1.19817 0)
(0.0496198 1.30686 0)
(0.110021 1.33554 0)
(0.179022 1.32201 0)
(0.278403 1.29153 0)
(0.365781 1.25837 0)
(0.505859 1.34394 0)
(0.49834 1.59756 0)
(0.467521 1.93164 0)
(0.202248 2.26065 0)
(0.145047 2.7771 0)
(0.0907379 3.00611 0)
(0.0496595 3.03738 0)
(0.00434169 3.03521 0)
(-0.042215 2.7579 0)
(-0.0230254 2.17165 0)
(-0.0168264 1.13625 0)
(-0.00378992 0.0210568 0)
(-0.0127601 0.444867 0)
(-0.0227808 0.902257 0)
(-0.00600055 1.13111 0)
(0.0269465 1.21266 0)
(0.0847234 1.22818 0)
(0.151897 1.20913 0)
(0.251127 1.17246 0)
(0.341672 1.15216 0)
(0.49172 1.26852 0)
(0.494737 1.61121 0)
(0.501296 2.08655 0)
(0.246682 2.44017 0)
(0.131457 2.88344 0)
(0.0519063 3.09627 0)
(-0.0232629 3.17776 0)
(-0.0902325 3.14903 0)
(-0.0878894 2.74042 0)
(-0.0484313 2.12748 0)
(-0.0299267 1.02281 0)
(-0.00199234 0.0484745 0)
(-0.0126868 0.48494 0)
(-0.0225803 0.902228 0)
(-0.0121054 1.08271 0)
(0.0108864 1.13633 0)
(0.0553003 1.13661 0)
(0.108783 1.11011 0)
(0.188654 1.06625 0)
(0.266421 1.04909 0)
(0.390798 1.18799 0)
(0.419824 1.62365 0)
(0.416877 2.22097 0)
(0.161596 2.63992 0)
(0.0163299 3.06667 0)
(-0.0986291 3.2695 0)
(-0.167613 3.33937 0)
(-0.194509 3.1422 0)
(-0.130194 2.65336 0)
(-0.0760144 1.99857 0)
(-0.026099 0.823657 0)
(-0.00151651 0.0736177 0)
(-0.0137757 0.525557 0)
(-0.0239251 0.906726 0)
(-0.021441 1.05671 0)
(-0.00941568 1.08632 0)
(0.0141891 1.07428 0)
(0.0433176 1.04147 0)
(0.0874439 0.993632 0)
(0.12413 0.97522 0)
(0.182139 1.14421 0)
(0.14396 1.66569 0)
(0.128396 2.39274 0)
(-0.148233 2.8976 0)
(-0.240522 3.26995 0)
(-0.324373 3.38971 0)
(-0.328802 3.35046 0)
(-0.25582 3.02561 0)
(-0.153638 2.4245 0)
(-0.0758458 1.76223 0)
(-0.0154792 0.651277 0)
(-0.00176652 0.101271 0)
(-0.0157588 0.571894 0)
(-0.0300979 0.925167 0)
(-0.0346694 1.05301 0)
(-0.0376017 1.07062 0)
(-0.0359328 1.05098 0)
(-0.0359925 1.01621 0)
(-0.0365612 0.971218 0)
(-0.0588581 0.964487 0)
(-0.0981191 1.17078 0)
(-0.228885 1.74303 0)
(-0.265069 2.55609 0)
(-0.478011 3.05925 0)
(-0.471688 3.32001 0)
(-0.481771 3.36725 0)
(-0.405984 3.21681 0)
(-0.247699 2.70454 0)
(-0.131059 2.17617 0)
(-0.0594331 1.53217 0)
(-0.00915039 0.512533 0)
(-0.00222417 0.132851 0)
(-0.0171543 0.626243 0)
(-0.0372304 0.965332 0)
(-0.049003 1.07173 0)
(-0.0683682 1.09021 0)
(-0.0881736 1.0712 0)
(-0.116528 1.04029 0)
(-0.159541 1.00373 0)
(-0.236493 1.01751 0)
(-0.353208 1.25326 0)
(-0.529667 1.85633 0)
(-0.578561 2.63889 0)
(-0.665171 3.06883 0)
(-0.589399 3.24801 0)
(-0.51177 3.25599 0)
(-0.35895 2.90101 0)
(-0.177496 2.35111 0)
(-0.0930016 1.96341 0)
(-0.0377491 1.35373 0)
(-0.0043371 0.415831 0)
(-0.0026818 0.168284 0)
(-0.0182277 0.687289 0)
(-0.0420401 1.02215 0)
(-0.0631091 1.12608 0)
(-0.0970163 1.14516 0)
(-0.132062 1.12886 0)
(-0.183082 1.10707 0)
(-0.257193 1.08497 0)
(-0.370963 1.11699 0)
(-0.523079 1.36355 0)
(-0.69542 1.97175 0)
(-0.718548 2.6459 0)
(-0.729547 2.97935 0)
(-0.578425 3.11829 0)
(-0.435712 2.99606 0)
(-0.211543 2.53952 0)
(-0.100173 2.11966 0)
(-0.0522003 1.81338 0)
(-0.0174834 1.24201 0)
(-0.000577288 0.362355 0)
(-0.00285148 0.206243 0)
(-0.0182448 0.752645 0)
(-0.0440997 1.09192 0)
(-0.070934 1.19956 0)
(-0.113002 1.22106 0)
(-0.159061 1.21184 0)
(-0.22389 1.20233 0)
(-0.314817 1.19725 0)
(-0.445524 1.24297 0)
(-0.605442 1.47759 0)
(-0.732375 2.06015 0)
(-0.730215 2.62484 0)
(-0.683077 2.85712 0)
(-0.454904 2.8591 0)
(-0.281302 2.61553 0)
(-0.088918 2.2887 0)
(-0.0416214 1.99466 0)
(-0.0198042 1.73394 0)
(-0.00383549 1.18687 0)
(0.00162483 0.344916 0)
(-0.00271654 0.243739 0)
(-0.0167788 0.817431 0)
(-0.0426214 1.16811 0)
(-0.0715809 1.28265 0)
(-0.116503 1.3091 0)
(-0.167363 1.30756 0)
(-0.236699 1.31003 0)
(-0.330515 1.32114 0)
(-0.460045 1.37711 0)
(-0.610423 1.58481 0)
(-0.70252 2.09244 0)
(-0.675149 2.55879 0)
(-0.511791 2.66073 0)
(-0.299886 2.58802 0)
(-0.151417 2.3469 0)
(-0.0300391 2.1376 0)
(-0.0111661 1.94117 0)
(-0.00416401 1.70428 0)
(0.00207393 1.16655 0)
(0.00245415 0.347216 0)
(-0.00239892 0.27766 0)
(-0.0142255 0.876985 0)
(-0.0381373 1.24364 0)
(-0.0664243 1.36753 0)
(-0.109845 1.39935 0)
(-0.159715 1.40409 0)
(-0.225821 1.41567 0)
(-0.311573 1.43911 0)
(-0.424832 1.50134 0)
(-0.546414 1.67896 0)
(-0.609849 2.07941 0)
(-0.509108 2.41804 0)
(-0.336729 2.46086 0)
(-0.169384 2.37336 0)
(-0.0683019 2.18537 0)
(-0.00660057 2.05709 0)
(0.000991698 1.92363 0)
(0.00107027 1.69726 0)
(0.00375808 1.16165 0)
(0.00238435 0.357961 0)
(-0.0020233 0.306232 0)
(-0.0114959 0.928522 0)
(-0.0323046 1.31288 0)
(-0.0581551 1.44738 0)
(-0.0972088 1.484 0)
(-0.142213 1.49294 0)
(-0.20024 1.50934 0)
(-0.272343 1.53918 0)
(-0.362106 1.60135 0)
(-0.451988 1.74773 0)
(-0.474171 2.04128 0)
(-0.365018 2.28761 0)
(-0.213085 2.29998 0)
(-0.0930132 2.22461 0)
(-0.0292782 2.09766 0)
(-0.000656272 2.01871 0)
(0.00285031 1.92001 0)
(0.00133746 1.69645 0)
(0.00360251 1.16065 0)
(0.00189543 0.369403 0)
(-0.0016346 0.329438 0)
(-0.00921891 0.971528 0)
(-0.0265676 1.37245 0)
(-0.04911 1.5178 0)
(-0.0823017 1.55819 0)
(-0.120753 1.56969 0)
(-0.168819 1.58714 0)
(-0.226332 1.61787 0)
(-0.293659 1.67429 0)
(-0.356693 1.78926 0)
(-0.361903 1.99676 0)
(-0.264549 2.17513 0)
(-0.142495 2.1777 0)
(-0.0603418 2.12597 0)
(-0.0186135 2.04893 0)
(-0.00358027 1.99911 0)
(6.67028e-05 1.91849 0)
(-0.000192448 1.69473 0)
(0.00261989 1.1594 0)
(0.00135869 0.37863 0)
(-0.00122839 0.34801 0)
(-0.00734496 1.00684 0)
(-0.0214854 1.42162 0)
(-0.0405005 1.57695 0)
(-0.0676395 1.62012 0)
(-0.0995449 1.63324 0)
(-0.138077 1.6496 0)
(-0.182587 1.67795 0)
(-0.231608 1.72588 0)
(-0.274316 1.81368 0)
(-0.273822 1.957 0)
(-0.197198 2.08306 0)
(-0.105597 2.0876 0)
(-0.0497744 2.05879 0)
(-0.0199443 2.01633 0)
(-0.00880631 1.98413 0)
(-0.00363584 1.91329 0)
(-0.00174087 1.68947 0)
(0.00159322 1.15647 0)
(0.000927647 0.384934 0)
(-0.000832493 0.362361 0)
(-0.00556207 1.0351 0)
(-0.0169039 1.46138 0)
(-0.032408 1.62536 0)
(-0.054041 1.67068 0)
(-0.0798858 1.68455 0)
(-0.110222 1.6989 0)
(-0.144184 1.72356 0)
(-0.179473 1.76259 0)
(-0.207973 1.82871 0)
(-0.205639 1.92716 0)
(-0.150391 2.01438 0)
(-0.0848597 2.02319 0)
(-0.046083 2.01087 0)
(-0.0230316 1.9897 0)
(-0.0125174 1.96831 0)
(-0.00597731 1.9037 0)
(-0.00255528 1.68121 0)
(0.000895813 1.15223 0)
(0.000630093 0.388817 0)
(-0.000519745 0.372849 0)
(-0.00392203 1.05733 0)
(-0.0129559 1.49326 0)
(-0.0254674 1.66406 0)
(-0.0425404 1.71092 0)
(-0.0631447 1.72474 0)
(-0.0868022 1.73681 0)
(-0.112676 1.75754 0)
(-0.138246 1.7887 0)
(-0.157459 1.83844 0)
(-0.154566 1.90674 0)
(-0.116611 1.96672 0)
(-0.0711259 1.97814 0)
(-0.0432162 1.97573 0)
(-0.0245935 1.96654 0)
(-0.0142045 1.9517 0)
(-0.00699919 1.89157 0)
(-0.00279379 1.67155 0)
(0.000475398 1.14741 0)
(0.00042176 0.391104 0)
(-0.000322512 0.380023 0)
(-0.00263998 1.07423 0)
(-0.00975228 1.51889 0)
(-0.0197695 1.69519 0)
(-0.0330257 1.74304 0)
(-0.0491132 1.75612 0)
(-0.0672057 1.76585 0)
(-0.0867804 1.78256 0)
(-0.105476 1.80699 0)
(-0.118765 1.84447 0)
(-0.116075 1.89267 0)
(-0.0904592 1.93433 0)
(-0.0594215 1.94619 0)
(-0.0388407 1.94879 0)
(-0.0237517 1.94579 0)
(-0.0140137 1.93487 0)
(-0.00696577 1.87836 0)
(-0.00266309 1.66175 0)
(0.000213635 1.14281 0)
(0.000271271 0.392432 0)
(-0.000228074 0.384938 0)
(-0.00182239 1.08706 0)
(-0.00748469 1.539 0)
(-0.0156781 1.71907 0)
(-0.0259573 1.7674 0)
(-0.0385522 1.77956 0)
(-0.0522562 1.78736 0)
(-0.0671333 1.80051 0)
(-0.0808804 1.8196 0)
(-0.0903314 1.84805 0)
(-0.0881152 1.88293 0)
(-0.0707587 1.91257 0)
(-0.0494909 1.92371 0)
(-0.0339964 1.92841 0)
(-0.0217894 1.92843 0)
(-0.0130311 1.91984 0)
(-0.00655885 1.86616 0)
(-0.00246351 1.6529 0)
(2.10974e-05 1.13861 0)
(0.000164247 0.393072 0)
(-0.000169338 0.38835 0)
(-0.00125912 1.09678 0)
(-0.00567194 1.55562 0)
(-0.0123317 1.73871 0)
(-0.0201146 1.78709 0)
(-0.0298771 1.79819 0)
(-0.0400087 1.80438 0)
(-0.0512671 1.81441 0)
(-0.0613025 1.82907 0)
(-0.0681037 1.85044 0)
(-0.0664337 1.87586 0)
(-0.0546118 1.89717 0)
(-0.0399798 1.9068 0)
(-0.0283456 1.91184 0)
(-0.0187034 1.91309 0)
(-0.0112509 1.90588 0)
(-0.00570422 1.85459 0)
(-0.0021017 1.64476 0)
(-7.30727e-05 1.13488 0)
(9.79037e-05 0.393298 0)
(-0.000122102 0.390758 0)
(-0.000864669 1.10395 0)
(-0.00433528 1.56828 0)
(-0.00995688 1.75311 0)
(-0.0159201 1.80117 0)
(-0.0237238 1.81143 0)
(-0.0312374 1.81653 0)
(-0.040102 1.82436 0)
(-0.0475227 1.83588 0)
(-0.0526181 1.85226 0)
(-0.0513188 1.87126 0)
(-0.0430115 1.887 0)
(-0.0325878 1.89514 0)
(-0.0236134 1.89986 0)
(-0.0159215 1.9015 0)
(-0.00961528 1.89506 0)
(-0.00492335 1.84549 0)
(-0.00178747 1.63839 0)
(-0.000107373 1.13189 0)
(6.87177e-05 0.393303 0)
(-8.40037e-05 0.392417 0)
(-0.000542228 1.10956 0)
(-0.00312634 1.57962 0)
(-0.00769127 1.7662 0)
(-0.0121053 1.81354 0)
(-0.0181552 1.82281 0)
(-0.023524 1.82686 0)
(-0.0303656 1.83274 0)
(-0.0357557 1.84152 0)
(-0.0395782 1.85375 0)
(-0.038607 1.8677 0)
(-0.0327891 1.87912 0)
(-0.025391 1.88553 0)
(-0.0186349 1.88943 0)
(-0.0127361 1.89089 0)
(-0.00768226 1.88485 0)
(-0.00393799 1.83676 0)
(-0.00138708 1.63235 0)
(-9.16206e-05 1.12916 0)
(4.67832e-05 0.393196 0)
(-5.97208e-05 0.393444 0)
(-0.000363678 1.11316 0)
(-0.00236052 1.58711 0)
(-0.00631745 1.77451 0)
(-0.00974979 1.82115 0)
(-0.0147755 1.8298 0)
(-0.0187561 1.8332 0)
(-0.0244458 1.83796 0)
(-0.0285021 1.84504 0)
(-0.031612 1.85476 0)
(-0.0307766 1.86563 0)
(-0.0264331 1.87441 0)
(-0.0208123 1.87965 0)
(-0.0154138 1.88291 0)
(-0.0106637 1.88413 0)
(-0.00643846 1.8783 0)
(-0.00333235 1.83114 0)
(-0.00117469 1.6285 0)
(-0.000107356 1.12742 0)
(2.95709e-05 0.39312 0)
(-4.75198e-05 0.394283 0)
(-0.000241512 1.1166 0)
(-0.0016529 1.59522 0)
(-0.00471995 1.78401 0)
(-0.00723108 1.82954 0)
(-0.0110078 1.83739 0)
(-0.0137732 1.83997 0)
(-0.0180486 1.84347 0)
(-0.0208926 1.84857 0)
(-0.0232172 1.85563 0)
(-0.0225665 1.8634 0)
(-0.0195205 1.86962 0)
(-0.0155252 1.87344 0)
(-0.0115647 1.87582 0)
(-0.00806505 1.87659 0)
(-0.00488496 1.87086 0)
(-0.00254977 1.82469 0)
(-0.000907959 1.62405 0)
(-9.92947e-05 1.12537 0)
(1.55299e-05 0.392891 0)
(-4.4173e-05 0.394667 0)
(-0.000202727 1.11801 0)
(-0.00134137 1.59864 0)
(-0.004075 1.78791 0)
(-0.00617144 1.83292 0)
(-0.00953316 1.84045 0)
(-0.0117559 1.84269 0)
(-0.0155317 1.84575 0)
(-0.0178021 1.85009 0)
(-0.0198345 1.85606 0)
(-0.019192 1.86254 0)
(-0.0166973 1.86766 0)
(-0.0133744 1.8709 0)
(-0.0099962 1.87292 0)
(-0.00701502 1.87351 0)
(-0.00425059 1.86784 0)
(-0.00224043 1.82208 0)
(-0.000816272 1.62225 0)
(-0.000116191 1.12454 0)
(-1.04049e-06 0.392808 0)
(-4.34199e-05 0.395403 0)
(-0.000199422 1.12075 0)
(-0.000962979 1.60525 0)
(-0.00284868 1.79582 0)
(-0.00431948 1.8398 0)
(-0.00660238 1.84658 0)
(-0.0080964 1.8481 0)
(-0.0106566 1.85018 0)
(-0.0121073 1.85287 0)
(-0.0134782 1.85676 0)
(-0.0129752 1.86081 0)
(-0.0113503 1.86401 0)
(-0.00915612 1.866 0)
(-0.00689694 1.86722 0)
(-0.00489319 1.86736 0)
(-0.00302106 1.86171 0)
(-0.00164068 1.81675 0)
(-0.000655742 1.61851 0)
(-0.000142849 1.12269 0)
(-1.99681e-05 0.392375 0)
(-0.275104 1.67539 1.86348e-22)
(0.420333 3.27421 -1.93616e-19)
(0.10034 3.49572 2.94729e-19)
(0.214112 3.45614 0)
(0.180144 3.40211 0)
(0.174805 3.35023 -1.78338e-19)
(0.177314 3.32415 2.3568e-19)
(0.149227 3.27183 -2.47564e-19)
(0.127034 3.16543 5.05673e-21)
(0.120034 2.56667 4.00477e-19)
(-0.102867 2.40121 6.08427e-23)
(0.148731 3.32841 1.78099e-19)
(0.017241 3.45434 0)
(0.110128 3.40259 0)
(0.0862244 3.35391 5.29405e-21)
(0.092201 3.31219 4.04264e-19)
(0.087308 3.27421 -2.47288e-19)
(0.0610298 3.23525 -4.80424e-21)
(0.0573618 3.07272 4.58377e-21)
(0.00283079 2.07526 0)
(-0.026551 2.11257 -1.77176e-21)
(0.0955389 3.1631 2.10765e-21)
(0.0364447 3.35914 0)
(0.0841295 3.33338 1.80345e-19)
(0.062552 3.30634 -1.53306e-21)
(0.0635487 3.28239 -2.24359e-19)
(0.0526652 3.26698 -3.18019e-19)
(0.0368237 3.24299 -2.507e-22)
(0.0442665 3.11423 4.76409e-21)
(-0.0159227 2.20618 0)
(-0.0384856 2.0483 5.12016e-20)
(0.0325505 3.13468 0)
(-0.00812218 3.31778 -9.75541e-20)
(0.0292747 3.31105 -6.12812e-20)
(0.0220006 3.28742 8.50435e-21)
(0.0287361 3.26271 -1.66045e-19)
(0.0326472 3.24429 1.42478e-19)
(0.0250067 3.23188 -5.51109e-21)
(0.0443204 3.12205 7.43963e-21)
(0.00825499 2.24685 1.95693e-19)
(-0.0449718 2.04099 -5.16036e-20)
(0.0186394 3.09864 0)
(-0.00278686 3.27205 2.27956e-19)
(0.0187166 3.26408 -1.31271e-19)
(0.0175923 3.24929 -7.42975e-22)
(0.0212369 3.23705 -8.12076e-21)
(0.023121 3.2334 -1.53199e-20)
(0.0237694 3.22261 -2.02966e-19)
(0.0443577 3.1252 5.52926e-21)
(-0.00310509 2.31008 -4.14511e-19)
(-0.0523873 2.09004 0)
(-0.00697229 3.09042 -1.42422e-19)
(-0.0264277 3.24684 2.30185e-20)
(-0.0111939 3.24877 -1.01685e-20)
(-0.00264605 3.23343 1.0481e-20)
(0.00521665 3.22043 1.76238e-19)
(0.0182476 3.20983 1.87621e-19)
(0.0223185 3.20483 4.04278e-19)
(0.0430397 3.12329 2.28023e-19)
(0.0110982 2.35309 -1.62809e-20)
(-0.0477659 2.14981 0)
(-0.0177222 3.0858 1.47316e-19)
(-0.0173052 3.21553 -1.57139e-19)
(-0.00981206 3.21333 -1.14997e-20)
(0.00123726 3.20262 2.3943e-20)
(0.00902929 3.19535 3.85008e-22)
(0.0165721 3.19588 -1.3106e-20)
(0.0222987 3.19029 -2.13792e-19)
(0.0429405 3.12038 -2.22222e-19)
(0.00374636 2.41902 -1.70228e-20)
(-0.0501455 2.22714 1.84576e-19)
(-0.0277326 3.0858 -8.55747e-21)
(-0.0312556 3.19513 5.93001e-21)
(-0.0227412 3.19634 0)
(-0.0123199 3.18607 0)
(-0.00089825 3.17843 0)
(0.0145769 3.1709 0)
(0.021224 3.16924 2.49053e-19)
(0.0410943 3.11262 -2.5822e-19)
(0.0157066 2.46359 2.51865e-19)
(-0.044374 2.31193 2.55434e-20)
(-0.032385 3.08736 2.08725e-19)
(-0.0201113 3.17008 0)
(-0.0143236 3.16563 -1.39011e-20)
(-0.00375266 3.15764 1.42215e-20)
(0.00580402 3.15279 0)
(0.0143569 3.15471 -7.84189e-21)
(0.0207003 3.15236 -2.41664e-19)
(0.0404459 3.1087 2.5914e-19)
(0.0102546 2.53269 0)
(-0.0451807 2.40045 1.76893e-20)
(-0.036242 3.08547 -3.2293e-19)
(-0.0302076 3.1501 0)
(-0.0224066 3.14721 0)
(-0.0133822 3.13946 1.56889e-20)
(-0.00218648 3.13411 -1.33948e-19)
(0.0123949 3.12833 -1.66218e-20)
(0.0194339 3.12937 1.43786e-19)
(0.0383539 3.09629 0)
(0.0194683 2.58105 0)
(-0.0385425 2.4947 -3.43916e-19)
(-0.0381741 3.08391 1.1624e-19)
(-0.0200583 3.12441 0)
(-0.0129753 3.11618 0)
(-0.00355214 3.10938 0)
(0.00575191 3.10614 2.78689e-19)
(0.0137551 3.1093 0)
(0.0200391 3.11035 -1.53488e-19)
(0.0380858 3.0902 9.5672e-21)
(0.0147344 2.65364 1.63958e-19)
(-0.0387588 2.58589 1.24677e-19)
(-0.0404202 3.07389 -1.22935e-20)
(-0.0300477 3.10113 1.49044e-19)
(-0.0213567 3.09508 1.45269e-19)
(-0.0123908 3.08859 0)
(-0.000931383 3.08462 -1.44512e-19)
(0.0131902 3.08073 0)
(0.0212633 3.08457 0)
(0.0383167 3.07236 0)
(0.0225003 2.70643 -1.6472e-19)
(-0.0341122 2.68164 -1.37411e-19)
(-0.0429409 3.06396 1.42124e-19)
(-0.023019 3.07206 -1.40593e-19)
(-0.0131164 3.06199 -2.23379e-19)
(-0.00292712 3.05679 0)
(0.00731986 3.05514 2.01057e-20)
(0.0161884 3.05928 -1.02492e-20)
(0.0246243 3.06287 7.72713e-20)
(0.0418375 3.06137 9.58455e-20)
(0.020627 2.78031 -9.87806e-20)
(-0.0352848 2.76941 1.40953e-19)
(-0.0468473 3.04295 -1.36411e-19)
(-0.0330471 3.0455 9.83619e-21)
(-0.020909 3.04039 5.73245e-20)
(-0.0109689 3.03646 -8.35976e-20)
(0.000228516 3.03418 0)
(0.0143893 3.03146 8.99972e-20)
(0.0258465 3.03563 4.94984e-21)
(0.0444785 3.0368 -1.86837e-19)
(0.0288311 2.83263 -6.54891e-21)
(-0.0288534 2.85789 -4.17307e-20)
(-0.0437852 3.02351 1.00888e-20)
(-0.0227675 3.01805 -5.25141e-20)
(-0.0110292 3.0145 2.1524e-20)
(-0.00223119 3.01404 1.02096e-19)
(0.00629572 3.01349 -4.36115e-20)
(0.0138255 3.01473 -4.27293e-20)
(0.0231732 3.01679 -4.45671e-20)
(0.0419604 3.0216 9.65684e-20)
(0.0246348 2.90024 4.65927e-20)
(-0.0179398 2.93773 3.35268e-20)
(-0.0261633 2.99875 1.48513e-20)
(-0.0162347 3.00048 2.89248e-20)
(-0.00938206 3.00168 -5.92668e-20)
(-0.00408487 3.00262 2.01002e-20)
(0.000626715 3.00219 4.06796e-20)
(0.00587923 3.0006 -4.24169e-20)
(0.0108345 2.99895 -4.45486e-20)
(0.0217512 2.99736 6.1033e-21)
(0.0166446 2.94919 4.31794e-20)
)
;

boundaryField
{
    wall-4
    {
        type            noSlip;
    }
    pressure-outlet-7
    {
        type            zeroGradient;
    }
    velocity-inlet-6
    {
        type            fixedValue;
        value           uniform (0 3 0);
    }
    velocity-inlet-5
    {
        type            fixedValue;
        value           uniform (1 0 0);
    }
    frontAndBackPlanes
    {
        type            empty;
    }
}


// ************************************************************************* //
