/*--------------------------------*- C++ -*----------------------------------*\
| =========                 |                                                 |
| \\      /  F ield         | OpenFOAM: The Open Source CFD Toolbox           |
|  \\    /   O peration     | Version:  v2012                                 |
|   \\  /    A nd           | Website:  www.openfoam.com                      |
|    \\/     M anipulation  |                                                 |
\*---------------------------------------------------------------------------*/
FoamFile
{
    version     2.0;
    format      ascii;
    class       volVectorField;
    location    "52";
    object      U;
}
// * * * * * * * * * * * * * * * * * * * * * * * * * * * * * * * * * * * * * //

dimensions      [0 1 -1 0 0 0 0];


internalField   nonuniform List<vector> 
2200
(
(0.878836 -0.0304142 0)
(1.00578 -0.0512837 0)
(1.00328 -0.0354037 0)
(1.00024 -0.0244563 0)
(0.999822 -0.0166916 0)
(1 -0.0107588 0)
(1.00003 -0.00687494 0)
(1.00003 -0.00422031 0)
(1.00001 -0.0022389 0)
(1.00018 -0.000718505 0)
(1 0.00104136 0)
(0.999869 0.00255845 0)
(1.00001 0.00450363 0)
(1.00003 0.00707312 0)
(1.00009 0.0108598 0)
(1.00006 0.016694 0)
(1.00037 0.024411 0)
(1.00349 0.0349276 0)
(1.00596 0.0513749 0)
(0.879024 0.0303118 0)
(0.712001 -0.0327635 0)
(0.996631 -0.0630165 0)
(1.0333 -0.0561636 0)
(1.02487 -0.0464044 0)
(1.0159 -0.0360886 0)
(1.00968 -0.026366 0)
(1.00591 -0.0181334 0)
(1.00374 -0.0114444 0)
(1.00255 -0.00605931 0)
(1.00208 -0.00153414 0)
(1.0022 0.00261724 0)
(1.00267 0.00706325 0)
(1.00363 0.0123576 0)
(1.00572 0.0189656 0)
(1.00942 0.0272165 0)
(1.01543 0.0369022 0)
(1.02453 0.0473642 0)
(1.03309 0.0578462 0)
(0.996678 0.0631407 0)
(0.711769 0.0330156 0)
(0.535531 -0.023894 0)
(0.969889 -0.0569469 0)
(1.05643 -0.0547239 0)
(1.0523 -0.0488126 0)
(1.03624 -0.0404906 0)
(1.0244 -0.0322948 0)
(1.0159 -0.024027 0)
(1.01042 -0.0161465 0)
(1.00722 -0.00887561 0)
(1.00564 -0.00226112 0)
(1.00539 0.00403914 0)
(1.00685 0.0105591 0)
(1.01017 0.0175913 0)
(1.01565 0.0252579 0)
(1.0241 0.0333072 0)
(1.03619 0.0413383 0)
(1.05226 0.0493793 0)
(1.05634 0.0533762 0)
(0.969218 0.0576197 0)
(0.534436 0.0239296 0)
(0.392236 -0.0136608 0)
(0.911724 -0.0464049 0)
(1.05746 -0.0469861 0)
(1.06939 -0.044277 0)
(1.05485 -0.0381696 0)
(1.03937 -0.0315144 0)
(1.02751 -0.024712 0)
(1.01901 -0.0174926 0)
(1.01364 -0.0100278 0)
(1.01104 -0.0024476 0)
(1.01103 0.00508189 0)
(1.01344 0.0125179 0)
(1.01842 0.0197351 0)
(1.02679 0.0266683 0)
(1.03855 0.0330441 0)
(1.05392 0.0395003 0)
(1.06815 0.0455778 0)
(1.05557 0.048277 0)
(0.909942 0.0469731 0)
(0.390004 0.0137752 0)
(0.307619 -0.00450873 0)
(0.846713 -0.0323808 0)
(1.04953 -0.0399291 0)
(1.07961 -0.0382228 0)
(1.06822 -0.03356 0)
(1.05164 -0.0279698 0)
(1.0383 -0.0225769 0)
(1.02808 -0.0165381 0)
(1.02104 -0.00961114 0)
(1.01716 -0.00201649 0)
(1.01682 0.00581076 0)
(1.0203 0.0130781 0)
(1.02732 0.0196237 0)
(1.03727 0.0252628 0)
(1.05035 0.0302539 0)
(1.06684 0.0355744 0)
(1.0779 0.0399043 0)
(1.04746 0.0416256 0)
(0.843176 0.0329142 0)
(0.303931 0.00472036 0)
(0.264135 9.46234e-05 0)
(0.788742 -0.0201031 0)
(1.03302 -0.0315096 0)
(1.08336 -0.0321473 0)
(1.07724 -0.0288955 0)
(1.06084 -0.0240028 0)
(1.04723 -0.0195432 0)
(1.03636 -0.0144151 0)
(1.02852 -0.00841827 0)
(1.02405 -0.00141912 0)
(1.02373 0.00596371 0)
(1.02758 0.0128344 0)
(1.03469 0.0184633 0)
(1.04524 0.0230799 0)
(1.05865 0.026997 0)
(1.07488 0.0314092 0)
(1.08036 0.0341723 0)
(1.02923 0.0332485 0)
(0.782865 0.0207154 0)
(0.259006 0.000109338 0)
(0.240204 0.00106728 0)
(0.738295 -0.0123111 0)
(1.01377 -0.0250153 0)
(1.08411 -0.0267911 0)
(1.08296 -0.0244916 0)
(1.0677 -0.0204015 0)
(1.05416 -0.0164227 0)
(1.04333 -0.011976 0)
(1.03518 -0.00654129 0)
(1.03031 -0.000113809 0)
(1.02989 0.00657297 0)
(1.03398 0.0124247 0)
(1.0416 0.0171822 0)
(1.05176 0.0210817 0)
(1.06494 0.0245085 0)
(1.07971 0.0279586 0)
(1.08023 0.0295257 0)
(1.00799 0.0271428 0)
(0.729394 0.0131048 0)
(0.233456 -0.000847126 0)
(0.225749 0.000951152 0)
(0.69501 -0.00807139 0)
(0.992644 -0.0208495 0)
(1.08194 -0.0232617 0)
(1.0867 -0.0214269 0)
(1.07328 -0.0178097 0)
(1.05983 -0.0140275 0)
(1.04926 -0.00971349 0)
(1.04134 -0.00485669 0)
(1.03637 0.000714707 0)
(1.03552 0.00659265 0)
(1.03907 0.0119525 0)
(1.04595 0.0162107 0)
(1.05598 0.0196745 0)
(1.06921 0.0227332 0)
(1.082 0.0256046 0)
(1.07565 0.0265977 0)
(0.983503 0.0233063 0)
(0.682395 0.009077 0)
(0.217083 -0.000721943 0)
(0.216163 0.000611713 0)
(0.659707 -0.0057225 0)
(0.972386 -0.0177038 0)
(1.07947 -0.0203479 0)
(1.09019 -0.0187991 0)
(1.07812 -0.0157199 0)
(1.06468 -0.012031 0)
(1.05421 -0.00791669 0)
(1.04634 -0.00309284 0)
(1.04137 0.00229501 0)
(1.04074 0.00776476 0)
(1.04428 0.0123172 0)
(1.05088 0.0161095 0)
(1.0603 0.0193821 0)
(1.073 0.0220939 0)
(1.08388 0.0242154 0)
(1.07167 0.0247909 0)
(0.96015 0.0208398 0)
(0.642739 0.00700159 0)
(0.205143 -0.00034997 0)
(0.208828 0.000293636 0)
(0.630801 -0.00424526 0)
(0.953061 -0.0151194 0)
(1.076 -0.0180887 0)
(1.09313 -0.0168021 0)
(1.08279 -0.0138952 0)
(1.06936 -0.0103808 0)
(1.05888 -0.00626465 0)
(1.05117 -0.00162704 0)
(1.04621 0.00332115 0)
(1.04462 0.00823057 0)
(1.04722 0.0127775 0)
(1.05342 0.0164463 0)
(1.06283 0.0193289 0)
(1.07566 0.021838 0)
(1.08464 0.0236099 0)
(1.06414 0.0235634 0)
(0.935044 0.0188942 0)
(0.607892 0.00584134 0)
(0.194796 2.39469e-05 0)
(0.202987 7.78476e-05 0)
(0.607492 -0.0031824 0)
(0.935184 -0.0126344 0)
(1.07294 -0.0157481 0)
(1.09639 -0.0146861 0)
(1.08731 -0.0120395 0)
(1.07386 -0.00851405 0)
(1.06317 -0.00456868 0)
(1.05506 2.74008e-05 0)
(1.04975 0.00511375 0)
(1.0486 0.010166 0)
(1.05133 0.0141386 0)
(1.05723 0.017331 0)
(1.06632 0.0199477 0)
(1.07843 0.0219465 0)
(1.08523 0.023111 0)
(1.05815 0.0225809 0)
(0.912227 0.0172831 0)
(0.57835 0.00514492 0)
(0.18546 0.000299667 0)
(0.198287 -5.30683e-06 0)
(0.589027 -0.00235157 0)
(0.919393 -0.0103915 0)
(1.06957 -0.0136297 0)
(1.09947 -0.0126169 0)
(1.09203 -0.00993434 0)
(1.07845 -0.00648951 0)
(1.06755 -0.00256448 0)
(1.05934 0.00194883 0)
(1.05385 0.00669402 0)
(1.05142 0.0111619 0)
(1.05323 0.0152654 0)
(1.05887 0.0182753 0)
(1.06796 0.020429 0)
(1.08032 0.0222152 0)
(1.08501 0.0230805 0)
(1.04871 0.021942 0)
(0.887504 0.015981 0)
(0.550977 0.004727 0)
(0.176217 0.000465895 0)
(0.194643 2.25009e-05 0)
(0.574214 -0.00159142 0)
(0.904891 -0.00820462 0)
(1.06698 -0.0112018 0)
(1.1031 -0.0101616 0)
(1.09697 -0.00751851 0)
(1.08336 -0.00400666 0)
(1.07203 -0.000236939 0)
(1.06318 0.00414715 0)
(1.05693 0.00902898 0)
(1.05484 0.0138202 0)
(1.05681 0.0171201 0)
(1.0622 0.0195047 0)
(1.07098 0.021401 0)
(1.0823 0.0227412 0)
(1.08435 0.0232946 0)
(1.04053 0.0216061 0)
(0.864846 0.0150698 0)
(0.526911 0.00453345 0)
(0.167488 0.000560103 0)
(0.192429 5.09162e-05 0)
(0.563454 -0.000822624 0)
(0.893219 -0.00606144 0)
(1.06424 -0.0090041 0)
(1.10654 -0.00783769 0)
(1.10206 -0.00496547 0)
(1.08824 -0.00133801 0)
(1.07654 0.00254386 0)
(1.06732 0.00691873 0)
(1.06077 0.0114958 0)
(1.05718 0.0156927 0)
(1.05793 0.0190713 0)
(1.06305 0.0213048 0)
(1.07204 0.0225488 0)
(1.08328 0.0236759 0)
(1.0828 0.0237183 0)
(1.02885 0.0214938 0)
(0.839828 0.0143503 0)
(0.503169 0.00439032 0)
(0.158566 0.000588039 0)
(0.191464 9.97976e-05 0)
(0.555852 -0.000243988 0)
(0.882749 -0.00400635 0)
(1.06259 -0.00619853 0)
(1.11044 -0.00484481 0)
(1.10725 -0.00198653 0)
(1.09348 0.00177014 0)
(1.08122 0.00579807 0)
(1.07122 0.0103063 0)
(1.06349 0.0150698 0)
(1.05987 0.0192193 0)
(1.06116 0.0220569 0)
(1.066 0.0235054 0)
(1.0745 0.0246164 0)
(1.0836 0.0251222 0)
(1.08023 0.0247463 0)
(1.0177 0.0219027 0)
(0.816418 0.0140518 0)
(0.481493 0.00442554 0)
(0.150056 0.000619838 0)
(0.191959 7.76675e-05 0)
(0.551374 0.000751887 0)
(0.876303 -0.0016704 0)
(1.06144 -0.00367687 0)
(1.11451 -0.00200476 0)
(1.11289 0.00125412 0)
(1.09902 0.00525298 0)
(1.08651 0.0094868 0)
(1.07619 0.0140809 0)
(1.06819 0.0186345 0)
(1.06314 0.0223127 0)
(1.06203 0.0246547 0)
(1.06582 0.0262248 0)
(1.07431 0.0267498 0)
(1.08341 0.026848 0)
(1.07647 0.0259961 0)
(1.00301 0.0223633 0)
(0.790335 0.0139876 0)
(0.458937 0.00450655 0)
(0.14104 0.000639337 0)
(0.193874 0.000192176 0)
(0.551521 0.00148917 0)
(0.871247 0.00036854 0)
(1.06215 -0.000208631 0)
(1.11945 0.00186281 0)
(1.11886 0.00518436 0)
(1.10501 0.00938678 0)
(1.09188 0.0140541 0)
(1.0805 0.0190279 0)
(1.07073 0.0238215 0)
(1.06494 0.0273564 0)
(1.06464 0.0295319 0)
(1.06848 0.0300982 0)
(1.07595 0.0303317 0)
(1.08195 0.0296201 0)
(1.07114 0.0279712 0)
(0.988788 0.0234881 0)
(0.765535 0.0143533 0)
(0.43751 0.00473205 0)
(0.132165 0.00067339 0)
(0.197857 0.000654615 0)
(0.554029 0.00227424 0)
(0.871327 0.00328751 0)
(1.06412 0.00300638 0)
(1.12488 0.0056771 0)
(1.12541 0.00962811 0)
(1.11128 0.0144396 0)
(1.0977 0.0193543 0)
(1.08573 0.0243983 0)
(1.07542 0.0289979 0)
(1.06814 0.0322708 0)
(1.06483 0.033495 0)
(1.06634 0.0339963 0)
(1.07365 0.0333753 0)
(1.08011 0.0326457 0)
(1.06446 0.0304453 0)
(0.970269 0.0249596 0)
(0.736872 0.0150096 0)
(0.413821 0.00506173 0)
(0.122302 0.000715659 0)
(0.204187 0.000865611 0)
(0.560606 0.00338021 0)
(0.87489 0.00572245 0)
(1.06869 0.00732399 0)
(1.13157 0.0107067 0)
(1.13274 0.0150871 0)
(1.11804 0.0202798 0)
(1.10329 0.0258782 0)
(1.08976 0.0315051 0)
(1.07735 0.0365735 0)
(1.06845 0.0395054 0)
(1.06573 0.0403838 0)
(1.06843 0.040085 0)
(1.07439 0.0392617 0)
(1.07653 0.0369636 0)
(1.05586 0.0336516 0)
(0.95181 0.0270328 0)
(0.708958 0.0160128 0)
(0.390425 0.00549461 0)
(0.11226 0.000758654 0)
(0.212449 0.00103907 0)
(0.571754 0.00470103 0)
(0.882935 0.00879991 0)
(1.07575 0.0118117 0)
(1.13948 0.0162461 0)
(1.1414 0.0214256 0)
(1.12598 0.0275838 0)
(1.11033 0.033517 0)
(1.0958 0.0393182 0)
(1.08211 0.0441314 0)
(1.07133 0.0470506 0)
(1.06517 0.0473368 0)
(1.06406 0.0459745 0)
(1.06935 0.0433428 0)
(1.07243 0.0418075 0)
(1.0452 0.0375211 0)
(0.927648 0.0294825 0)
(0.675729 0.0173795 0)
(0.36338 0.00600795 0)
(0.10077 0.00081151 0)
(0.224576 0.00136056 0)
(0.589569 0.00663264 0)
(0.897206 0.0131238 0)
(1.08624 0.0179929 0)
(1.14926 0.0232994 0)
(1.15112 0.029251 0)
(1.13439 0.0361298 0)
(1.11663 0.0430443 0)
(1.09933 0.0497161 0)
(1.08274 0.0552159 0)
(1.06959 0.0575227 0)
(1.06379 0.0566408 0)
(1.06431 0.054349 0)
(1.06898 0.051791 0)
(1.06579 0.0478413 0)
(1.03204 0.0420663 0)
(0.903294 0.0326289 0)
(0.642624 0.0189975 0)
(0.335967 0.00656678 0)
(0.0889414 0.000854522 0)
(0.240151 0.00192171 0)
(0.613063 0.00846726 0)
(0.918164 0.0178391 0)
(1.10099 0.0249964 0)
(1.16093 0.0319774 0)
(1.16244 0.0389873 0)
(1.14406 0.0472902 0)
(1.1247 0.0550013 0)
(1.10577 0.0619338 0)
(1.08707 0.0666095 0)
(1.0713 0.0677364 0)
(1.06185 0.0664569 0)
(1.05831 0.0631215 0)
(1.06027 0.0588784 0)
(1.05869 0.0546048 0)
(1.0158 0.0477511 0)
(0.871477 0.0360896 0)
(0.60225 0.0208483 0)
(0.303729 0.0071579 0)
(0.0754133 0.000873263 0)
(0.261835 0.00277351 0)
(0.645592 0.0122579 0)
(0.946527 0.0246766 0)
(1.1202 0.034709 0)
(1.17546 0.0430072 0)
(1.17567 0.0521332 0)
(1.15492 0.0614534 0)
(1.1325 0.070142 0)
(1.10961 0.0775615 0)
(1.08677 0.0821155 0)
(1.06831 0.0826441 0)
(1.0582 0.0788882 0)
(1.05602 0.0745325 0)
(1.05795 0.0694291 0)
(1.04747 0.0630138 0)
(0.995805 0.0538784 0)
(0.838594 0.0403511 0)
(0.561484 0.0229821 0)
(0.27084 0.00775633 0)
(0.0616953 0.000849481 0)
(0.293199 0.00370361 0)
(0.691458 0.0155336 0)
(0.98565 0.0331709 0)
(1.14608 0.0467147 0)
(1.19346 0.0576523 0)
(1.19129 0.0684981 0)
(1.16719 0.0793115 0)
(1.14196 0.0885649 0)
(1.11666 0.0956518 0)
(1.09153 0.0990208 0)
(1.06937 0.0970309 0)
(1.05522 0.0928382 0)
(1.04784 0.0863769 0)
(1.0456 0.0792774 0)
(1.03574 0.072122 0)
(0.971895 0.0612004 0)
(0.796063 0.0446809 0)
(0.511007 0.0251753 0)
(0.231663 0.00815184 0)
(0.0462485 0.00074951 0)
(0.329529 0.00707134 0)
(0.749461 0.02465 0)
(1.03462 0.046414 0)
(1.17766 0.0641163 0)
(1.21525 0.0767757 0)
(1.20867 0.0909643 0)
(1.17999 0.102759 0)
(1.15029 0.112213 0)
(1.1197 0.118748 0)
(1.08856 0.120607 0)
(1.06311 0.117369 0)
(1.04821 0.10967 0)
(1.04272 0.101623 0)
(1.04078 0.0934287 0)
(1.01875 0.0833539 0)
(0.941957 0.0693041 0)
(0.751391 0.0502982 0)
(0.46021 0.0277005 0)
(0.192656 0.00842086 0)
(0.0318343 0.000619176 0)
(0.409359 0.0106429 0)
(0.836694 0.0357405 0)
(1.09966 0.0671789 0)
(1.21695 0.0895942 0)
(1.24109 0.105272 6.44619e-34)
(1.22737 0.121118 -2.89991e-34)
(1.19206 0.132876 0)
(1.15718 0.140999 0)
(1.12212 0.145099 0)
(1.08829 0.143932 0)
(1.05991 0.137273 0)
(1.04135 0.127875 0)
(1.03041 0.117547 0)
(1.02238 0.106421 0)
(0.999412 0.0950867 0)
(0.906747 0.0787127 0)
(0.692962 0.0548432 0)
(0.394062 0.029142 0)
(0.143705 0.00810485 0)
(0.0152449 0.000730515 0)
(0.480439 0.0259249 4.79912e-20)
(0.938896 0.0594753 -3.63176e-20)
(1.17056 0.101714 0)
(1.25767 0.128221 2.7965e-20)
(1.26856 0.143475 -2.26778e-20)
(1.24529 0.161412 3.05966e-34)
(1.20302 0.171281 0)
(1.16298 0.177316 1.62433e-20)
(1.12274 0.179275 -5.3308e-20)
(1.08277 0.175772 1.0873e-20)
(1.04902 0.16536 0)
(1.02854 0.151994 -2.75138e-20)
(1.01962 0.138818 -3.29799e-20)
(1.01197 0.127634 5.7692e-20)
(0.96888 0.111986 -4.55649e-20)
(0.850671 0.0889911 0)
(0.614887 0.0603528 -1.64327e-20)
(0.316375 0.0294475 0)
(0.0928874 0.00782415 -9.06001e-20)
(-0.00185039 0.000600381 1.06773e-19)
(0.516758 0.0534539 -6.27147e-21)
(1.00305 0.102618 1.0947e-19)
(1.22006 0.151591 -6.35715e-21)
(1.29093 0.175738 -6.95931e-20)
(1.2928 0.192999 -4.80761e-20)
(1.26049 0.209054 7.81958e-20)
(1.21176 0.216118 0)
(1.16591 0.219506 0)
(1.11966 0.218289 8.4834e-20)
(1.07405 0.210048 0)
(1.03719 0.196926 9.94506e-20)
(1.0133 0.182464 2.95219e-20)
(0.997206 0.168872 4.26254e-22)
(0.977061 0.151558 -6.28923e-20)
(0.93017 0.133398 0)
(0.797799 0.107079 0)
(0.548619 0.0689824 -2.68407e-19)
(0.259697 0.0312416 6.74491e-19)
(0.0645418 0.00741255 -3.9873e-19)
(-0.0119052 -0.000695015 -4.70113e-19)
(0.524683 0.0760377 -6.337e-20)
(1.04119 0.159373 2.40947e-20)
(1.25711 0.212154 1.30085e-20)
(1.31726 0.234952 1.21494e-19)
(1.31177 0.250458 1.4397e-20)
(1.27205 0.262056 -2.03991e-19)
(1.21774 0.265187 6.94551e-20)
(1.16673 0.265128 0)
(1.1156 0.260709 -1.79498e-19)
(1.06654 0.250723 1.59133e-19)
(1.02517 0.235704 -2.68443e-19)
(0.995759 0.216895 1.25815e-19)
(0.976905 0.198074 -8.1518e-20)
(0.958866 0.182858 1.83664e-19)
(0.899521 0.161011 0)
(0.757603 0.125271 -6.71509e-20)
(0.51197 0.0796408 0)
(0.246774 0.0348716 3.70671e-19)
(0.061788 0.00894131 -8.76336e-19)
(-0.0131149 -0.00206398 5.49355e-19)
(0.520134 0.107802 1.78393e-19)
(1.06086 0.215688 -7.79936e-20)
(1.27854 0.276758 -1.65039e-20)
(1.3343 0.299036 0)
(1.32384 0.312555 -8.98159e-20)
(1.27882 0.319024 1.10771e-19)
(1.21978 0.317297 -7.43832e-20)
(1.16375 0.313071 0)
(1.10728 0.304484 1.27576e-19)
(1.05182 0.289804 -1.11855e-19)
(1.00281 0.267823 2.32833e-19)
(0.971073 0.247363 0)
(0.952304 0.230006 -1.7337e-19)
(0.923993 0.209321 9.76809e-20)
(0.867833 0.18497 2.46332e-19)
(0.730987 0.148381 -2.16757e-19)
(0.49653 0.0955677 3.43951e-19)
(0.246418 0.044846 -7.62602e-19)
(0.0691455 0.012066 4.81391e-19)
(-0.00958721 -0.00213401 -6.02028e-19)
(0.509024 0.13208 -6.29302e-20)
(1.06928 0.269897 4.50771e-20)
(1.28973 0.342791 -5.48077e-20)
(1.34332 0.364727 1.08658e-19)
(1.32931 0.375885 -1.02312e-19)
(1.28051 0.377298 3.51584e-20)
(1.21776 0.371053 3.60098e-21)
(1.15757 0.362838 -1.45043e-19)
(1.09659 0.350242 -1.33953e-19)
(1.03693 0.331731 -2.40493e-19)
(0.988419 0.308579 -5.00674e-19)
(0.953799 0.2859 -1.54257e-19)
(0.926597 0.263762 2.28233e-21)
(0.90565 0.242733 -3.34811e-19)
(0.843053 0.217075 -5.83281e-21)
(0.706388 0.170781 3.15679e-19)
(0.485709 0.111702 -9.51756e-20)
(0.251575 0.0561011 -5.51288e-20)
(0.0805378 0.0171239 0)
(-0.00357171 -0.00123214 1.28147e-18)
(0.492463 0.152824 0)
(1.06401 0.319408 -4.40054e-21)
(1.29196 0.405741 0)
(1.34551 0.428485 -1.281e-20)
(1.32894 0.438597 9.91882e-20)
(1.27757 0.435715 -8.17784e-20)
(1.21206 0.425088 8.12988e-20)
(1.14877 0.412507 2.38064e-19)
(1.08511 0.395625 -7.44958e-20)
(1.02252 0.372135 1.18962e-19)
(0.966851 0.343559 2.69151e-19)
(0.926437 0.317257 3.36263e-19)
(0.903072 0.294309 -2.02546e-19)
(0.869414 0.272042 3.62558e-19)
(0.813767 0.241569 -2.87341e-19)
(0.687579 0.197677 0)
(0.482072 0.132574 -7.22834e-19)
(0.263274 0.0710127 9.72842e-19)
(0.0957867 0.0252695 7.26224e-20)
(0.00432725 0.000934591 -1.35577e-18)
(0.478086 0.173042 -5.0938e-21)
(1.05621 0.367627 -1.57181e-20)
(1.28919 0.466761 7.85293e-20)
(1.3428 0.490598 -9.20032e-20)
(1.32413 0.499513 8.20139e-20)
(1.27094 0.492541 -7.93885e-20)
(1.2035 0.478081 1.61326e-19)
(1.13785 0.461714 -7.1631e-20)
(1.07057 0.440806 -3.00917e-19)
(1.00254 0.413528 -1.67776e-22)
(0.944423 0.38277 -2.92613e-19)
(0.905657 0.352986 -3.61721e-19)
(0.875681 0.32753 2.23615e-19)
(0.852277 0.304677 -1.30499e-19)
(0.791202 0.275068 3.1241e-19)
(0.668163 0.22082 0)
(0.474744 0.15336 -4.48923e-19)
(0.270028 0.0856639 6.63027e-19)
(0.107561 0.0339982 1.25496e-18)
(0.0111791 0.00350671 -1.47609e-18)
(0.464212 0.19084 -5.09126e-20)
(1.04414 0.412324 1.94352e-20)
(1.28229 0.524257 -4.8312e-20)
(1.33624 0.549435 9.53728e-20)
(1.31594 0.557918 1.1964e-20)
(1.2614 0.547676 -1.55972e-19)
(1.19235 0.529806 -9.34323e-20)
(1.12452 0.509743 -9.13522e-20)
(1.0549 0.485212 -1.69735e-19)
(0.986003 0.454079 2.73142e-19)
(0.925996 0.418695 2.95901e-19)
(0.881055 0.385298 5.74016e-19)
(0.852306 0.36054 0)
(0.817615 0.333416 6.44641e-21)
(0.763694 0.298941 -8.58302e-19)
(0.649725 0.248416 2.0069e-19)
(0.470065 0.174368 9.71715e-19)
(0.276634 0.101869 -2.86742e-19)
(0.117803 0.0434578 5.9615e-19)
(0.0171078 0.00643012 -4.97077e-20)
(0.454466 0.209056 5.87709e-21)
(1.03286 0.455227 4.12936e-20)
(1.27317 0.579334 -2.16323e-20)
(1.32705 0.606141 1.06995e-19)
(1.30517 0.613689 -1.66415e-19)
(1.24951 0.600221 1.55145e-19)
(1.17925 0.579384 9.67822e-20)
(1.1099 0.556309 2.73225e-19)
(1.03801 0.528157 3.41029e-19)
(0.965213 0.493206 -3.14994e-19)
(0.900421 0.454059 0)
(0.855619 0.419978 -2.1702e-19)
(0.825626 0.391051 2.49164e-19)
(0.800315 0.363979 3.14485e-19)
(0.742459 0.331179 -1.8186e-19)
(0.630374 0.26949 -4.4368e-19)
(0.46084 0.194436 -1.32385e-19)
(0.278713 0.116814 -1.74628e-21)
(0.124091 0.0520666 0)
(0.0212152 0.00901616 0)
(0.446439 0.225322 -6.73753e-20)
(1.0211 0.495567 0)
(1.26227 0.630976 -7.31036e-21)
(1.31573 0.659579 -9.94409e-21)
(1.29268 0.666673 1.88599e-19)
(1.23614 0.650565 -4.7993e-20)
(1.16486 0.62707 9.83572e-20)
(1.09415 0.600963 -1.8505e-19)
(1.02068 0.569991 2.58656e-19)
(0.946328 0.53219 -1.03234e-19)
(0.880795 0.489797 1.69496e-19)
(0.834261 0.45269 6.87988e-19)
(0.802289 0.422084 1.43252e-20)
(0.765806 0.390703 -3.27843e-19)
(0.7145 0.350581 6.0757e-19)
(0.610508 0.295001 4.07187e-21)
(0.451155 0.213109 1.41633e-19)
(0.276064 0.130359 -6.75426e-19)
(0.125457 0.0589996 6.96417e-19)
(0.0233968 0.0109459 -8.20523e-19)
(0.439847 0.243404 3.04553e-23)
(1.00959 0.533746 0)
(1.25025 0.679869 0)
(1.30313 0.710612 -4.60071e-21)
(1.27891 0.716837 -5.64306e-20)
(1.22163 0.698125 7.30557e-20)
(1.14972 0.672245 -1.83814e-19)
(1.07808 0.643751 0)
(1.00266 0.60994 -3.81285e-19)
(0.925082 0.568724 4.56075e-19)
(0.856913 0.523052 4.82516e-19)
(0.808112 0.483135 -2.52492e-19)
(0.774353 0.449223 -3.05526e-19)
(0.748956 0.417331 7.16331e-19)
(0.691985 0.37951 -2.15855e-19)
(0.589425 0.311144 -2.57706e-19)
(0.436636 0.229757 -1.54213e-19)
(0.270324 0.140823 -7.28632e-19)
(0.122794 0.0642962 1.06542e-19)
(0.0237508 0.0119427 8.85887e-19)
(0.435762 0.261577 -3.42475e-20)
(0.999201 0.57042 -4.43167e-20)
(1.23759 0.725848 2.36163e-20)
(1.28954 0.758369 -1.9063e-22)
(1.26453 0.764208 -5.62742e-20)
(1.20673 0.743389 1.19388e-19)
(1.13418 0.715418 0)
(1.06141 0.684518 1.116e-19)
(0.98461 0.648586 -8.79974e-20)
(0.905999 0.605369 7.60243e-19)
(0.835879 0.557559 -1.09871e-19)
(0.785507 0.513736 1.25129e-19)
(0.751841 0.477069 0)
(0.71363 0.440226 -3.8783e-19)
(0.663843 0.393129 4.69753e-19)
(0.567869 0.332169 0)
(0.423891 0.243032 -3.32264e-19)
(0.261696 0.150171 9.77107e-19)
(0.118505 0.0670656 1.15353e-19)
(0.0225054 0.0126497 -1.08979e-18)
(0.433284 0.278522 -8.78637e-20)
(0.989058 0.604692 1.12836e-19)
(1.22461 0.769057 0)
(1.27565 0.803657 9.34824e-21)
(1.24972 0.808735 0)
(1.19136 0.78588 -1.53233e-19)
(1.1184 0.756053 0)
(1.04501 0.723333 0)
(0.966923 0.685244 -1.16031e-19)
(0.885821 0.639387 -7.22557e-19)
(0.81264 0.588541 -8.91487e-19)
(0.760038 0.541059 1.46256e-19)
(0.723386 0.500311 5.27574e-19)
(0.696089 0.462024 4.26993e-19)
(0.641678 0.417799 -1.50695e-18)
(0.546522 0.34218 -6.04392e-19)
(0.406265 0.254054 3.53993e-19)
(0.250692 0.155455 0)
(0.112156 0.0683773 9.90941e-19)
(0.0206026 0.0125434 -1.1738e-18)
(0.431756 0.294241 1.06239e-19)
(0.980019 0.637781 -1.32126e-19)
(1.21177 0.809675 0)
(1.26148 0.845873 -1.10571e-20)
(1.23489 0.850718 2.08787e-21)
(1.17616 0.826198 0)
(1.10279 0.794714 5.64011e-20)
(1.02861 0.760102 7.70403e-20)
(0.949328 0.720521 -2.18525e-19)
(0.866515 0.673457 9.58433e-20)
(0.790268 0.620381 0)
(0.736024 0.569502 6.05597e-19)
(0.699517 0.525542 5.18444e-21)
(0.660415 0.480893 2.303e-19)
(0.612856 0.424771 2.73548e-19)
(0.524068 0.358318 0)
(0.391264 0.261141 -5.77961e-19)
(0.238686 0.15879 1.13359e-18)
(0.105273 0.0683183 -1.19904e-18)
(0.0184318 0.0120171 2.52693e-18)
(0.430522 0.309295 0)
(0.970915 0.668569 0)
(1.19909 0.847613 -6.3952e-20)
(1.24755 0.885768 0)
(1.22012 0.889975 0)
(1.16092 0.863867 -1.27735e-19)
(1.08734 0.830945 5.77262e-20)
(1.01279 0.794993 1.76219e-20)
(0.932291 0.753885 -5.00362e-20)
(0.847249 0.704867 0)
(0.769056 0.649453 -1.35602e-19)
(0.710556 0.595762 -4.93953e-19)
(0.669116 0.545976 -5.94924e-19)
(0.641476 0.497146 -2.39189e-19)
(0.589905 0.444944 2.96212e-19)
(0.50212 0.360854 -6.98174e-19)
(0.371933 0.26581 1.24354e-18)
(0.22675 0.158968 2.12044e-21)
(0.0984781 0.0672887 -1.14801e-18)
(0.0165649 0.0113611 -1.70351e-19)
(0.429516 0.323883 0)
(0.963001 0.698744 -1.08523e-19)
(1.18684 0.883428 7.8935e-20)
(1.23366 0.922888 0)
(1.20565 0.926981 0)
(1.14623 0.899583 2.56439e-19)
(1.07247 0.86537 0)
(0.997253 0.827946 0)
(0.915588 0.785777 -4.78915e-19)
(0.828912 0.736195 1.32122e-19)
(0.746823 0.678831 -1.20242e-18)
(0.685686 0.621206 0)
(0.645281 0.56878 -6.45535e-19)
(0.603605 0.513216 1.06042e-20)
(0.559041 0.444216 -9.51841e-19)
(0.478777 0.370219 3.75626e-19)
(0.357592 0.264867 1.4804e-21)
(0.216005 0.156324 -1.30763e-18)
(0.0930713 0.0648124 6.16836e-19)
(0.0140923 0.0098109 1.82227e-19)
(0.428506 0.338143 0)
(0.954927 0.726585 -1.52065e-19)
(1.17488 0.916807 8.3423e-20)
(1.2203 0.957941 1.05111e-19)
(1.19156 0.961425 -1.33473e-20)
(1.13179 0.932783 2.58235e-20)
(1.05794 0.897511 -3.48994e-20)
(0.982413 0.859143 4.60785e-19)
(0.899658 0.815929 5.12304e-19)
(0.810704 0.765027 1.00695e-18)
(0.726798 0.706438 9.99071e-19)
(0.660782 0.647539 1.7552e-19)
(0.612233 0.58759 9.28761e-19)
(0.582081 0.524887 5.73592e-19)
(0.533361 0.459725 6.83287e-19)
(0.455761 0.36244 -4.11002e-19)
(0.338622 0.25881 -4.77289e-19)
(0.209206 0.148028 5.60018e-19)
(0.0938861 0.067417 -3.31157e-19)
(0.0183268 0.0163633 5.89745e-19)
(0.427666 0.351927 2.15275e-19)
(0.948007 0.753979 2.37964e-19)
(1.16342 0.948435 4.87706e-20)
(1.20713 0.990489 1.60775e-20)
(1.17792 0.993902 9.46211e-21)
(1.11804 0.964267 -7.118e-20)
(1.04413 0.928019 3.36671e-20)
(0.96805 0.888551 -2.00623e-20)
(0.884264 0.844659 -5.95903e-19)
(0.79397 0.793639 -1.09263e-18)
(0.706259 0.734183 6.93852e-20)
(0.636578 0.670904 0)
(0.588479 0.609104 0)
(0.540599 0.540793 -2.9906e-19)
(0.497253 0.451007 -1.11783e-18)
(0.429283 0.361309 8.85323e-19)
(0.331235 0.23914 5.21776e-19)
(0.216982 0.129309 0)
(0.108001 0.0411125 1.06119e-18)
(0.0120467 -0.00913319 -6.29567e-19)
(0.426793 0.36518 -1.1413e-19)
(0.94075 0.778856 1.01052e-19)
(1.15224 0.97778 -1.17915e-19)
(1.19464 1.02122 -9.42357e-20)
(1.16482 1.024 -1.25932e-20)
(1.10467 0.993365 -2.26508e-20)
(1.03076 0.956377 0)
(0.954549 0.916349 -5.78964e-19)
(0.869975 0.87185 7.30394e-20)
(0.777522 0.820097 0)
(0.68757 0.760347 0)
(0.612647 0.697327 1.11903e-19)
(0.55312 0.628598 1.5036e-19)
(0.515033 0.549826 -3.22878e-19)
(0.465154 0.464667 8.02374e-19)
(0.397115 0.338244 -9.64622e-19)
(0.305505 0.215873 -1.11657e-18)
(0.227276 0.111443 9.8896e-19)
(0.166435 0.0847204 -3.77579e-19)
(0.113024 0.0792204 2.19732e-19)
(0.425987 0.377616 1.43928e-19)
(0.934529 0.803423 0)
(1.14158 1.00563 0)
(1.18238 1.04965 -2.56511e-20)
(1.15218 1.05239 2.07669e-20)
(1.09204 1.02099 -2.05786e-20)
(1.01821 0.983291 1.49435e-19)
(0.941634 0.9425 5.93066e-19)
(0.856181 0.897656 1.08089e-18)
(0.762565 0.846089 -8.21457e-20)
(0.668951 0.786257 1.69711e-19)
(0.589674 0.720001 -1.0008e-18)
(0.53001 0.650852 -9.97154e-19)
(0.469032 0.569437 -1.73264e-19)
(0.415227 0.451256 0)
(0.356229 0.335643 -6.53577e-21)
(0.281721 0.146762 6.15129e-19)
(0.258096 0.0100062 -1.03512e-18)
(0.221708 -0.0929734 7.86978e-19)
(0.085624 -0.0968839 6.52298e-19)
(0.424977 0.389671 -3.18276e-19)
(0.927756 0.825423 -1.43794e-19)
(1.13111 1.03146 6.959e-21)
(1.17073 1.07673 5.55576e-20)
(1.14001 1.07889 0)
(1.07967 1.04674 -7.39944e-20)
(1.00591 1.00865 -2.14735e-19)
(0.929306 0.96772 -1.55984e-21)
(0.843249 0.92274 -5.66392e-19)
(0.747551 0.871045 -8.06021e-20)
(0.651534 0.811929 7.48652e-20)
(0.567189 0.748185 8.79149e-19)
(0.49246 0.674143 9.73079e-19)
(0.438108 0.579569 1.68727e-19)
(0.375652 0.474689 8.6212e-19)
(0.287893 0.302957 0)
(0.167319 0.132278 0)
(0.000375882 0.199102 7.11674e-19)
(-0.0779539 0.630048 -2.92208e-20)
(0.00755578 1.53805 -8.77215e-19)
(0.42409 0.400996 1.76023e-19)
(0.922066 0.8476 4.02416e-19)
(1.12113 1.05632 -5.50414e-19)
(1.1592 1.10208 2.74291e-19)
(1.1281 1.10443 -6.62305e-21)
(1.06777 1.07192 -2.74245e-20)
(0.994116 1.03357 0)
(0.91714 0.992398 -4.94433e-19)
(0.830186 0.947683 0)
(0.733446 0.896873 1.13585e-18)
(0.633803 0.838599 -9.10507e-20)
(0.544087 0.773033 1.02094e-19)
(0.469944 0.701992 1.11413e-18)
(0.384527 0.614936 -3.6587e-19)
(0.284184 0.467627 -4.38576e-19)
(0.194289 0.357718 0)
(0.0850592 0.494696 0)
(0.0257461 1.33651 0)
(0.0722771 2.4647 -4.04218e-19)
(0.0994884 2.91146 -2.48932e-19)
(0.422737 0.411751 0)
(0.915691 0.867025 0)
(1.11131 1.07927 2.00982e-19)
(1.14833 1.12637 -2.22558e-19)
(1.11673 1.12836 9.70107e-20)
(1.05619 1.09545 3.41774e-20)
(0.982584 1.05714 2.76694e-20)
(0.905616 1.01641 -2.15426e-20)
(0.818247 0.972247 7.98258e-20)
(0.71954 0.922194 -1.30356e-18)
(0.61718 0.865718 1.65083e-19)
(0.522841 0.805833 8.78444e-19)
(0.430326 0.73453 -1.10994e-18)
(0.350427 0.628311 -1.2192e-18)
(0.266634 0.527839 4.10208e-19)
(0.188413 0.664512 0)
(0.120409 1.56362 5.66429e-19)
(0.122364 2.69484 6.19633e-19)
(0.13036 3.08848 -6.92664e-19)
(0.122197 3.22247 7.42721e-19)
(0.421557 0.422256 0)
(0.910472 0.886871 3.5715e-19)
(1.10203 1.10144 -5.03485e-20)
(1.13762 1.14895 3.13861e-19)
(1.10565 1.15137 -1.01829e-19)
(1.04514 1.11845 0)
(0.971651 1.08025 0)
(0.894376 1.03971 0)
(0.80625 0.996418 4.50141e-19)
(0.706774 0.94803 6.02118e-20)
(0.601311 0.893392 0)
(0.50166 0.832602 -8.73606e-19)
(0.415082 0.765921 0)
(0.29949 0.676874 8.72582e-19)
(0.204013 0.739045 -5.88516e-19)
(0.152712 1.46301 -4.73171e-19)
(0.155292 2.68245 -1.10367e-18)
(0.177442 3.1267 -5.81756e-19)
(0.168245 3.26696 -7.89229e-19)
(0.154518 3.30719 5.91214e-19)
(0.420025 0.431735 -1.24979e-19)
(0.904453 0.903772 1.53651e-20)
(1.09287 1.12171 -5.61396e-20)
(1.12761 1.17071 -2.42295e-19)
(1.09516 1.17293 0)
(1.03447 1.13987 0)
(0.961022 1.10204 0)
(0.883852 1.06238 3.45239e-20)
(0.795569 1.02021 -5.68971e-19)
(0.694375 0.973242 0)
(0.586578 0.921109 0)
(0.48489 0.868039 0)
(0.374012 0.801261 0)
(0.305986 0.769032 6.37979e-19)
(0.270131 1.15963 1.56798e-18)
(0.246377 2.38804 4.63576e-19)
(0.260785 3.08296 9.33597e-19)
(0.255391 3.28222 -7.15852e-19)
(0.206708 3.34783 2.64176e-19)
(0.174384 3.36062 0)
(0.418687 0.440983 1.28763e-19)
(0.899508 0.921967 -7.94304e-19)
(1.08407 1.14202 -2.13084e-19)
(1.11751 1.19138 -4.67417e-20)
(1.08472 1.19425 2.36087e-20)
(1.02409 1.16144 -7.86034e-20)
(0.950818 1.12397 -3.24131e-21)
(0.873446 1.08478 -3.86048e-19)
(0.784556 1.04389 0)
(0.683085 0.999334 -7.62356e-20)
(0.573428 0.950372 6.9351e-20)
(0.466973 0.896484 0)
(0.375371 0.843586 0)
(0.320251 0.957498 -7.98494e-19)
(0.271582 1.85503 9.89698e-20)
(0.268031 2.94393 -3.48336e-19)
(0.291105 3.28619 7.28052e-19)
(0.263232 3.38456 5.27269e-19)
(0.197912 3.40899 -7.16873e-19)
(0.173236 3.41867 3.55204e-19)
(0.416659 0.450455 2.5347e-19)
(0.892935 0.938248 7.75075e-19)
(1.07451 1.162 2.55738e-19)
(1.10731 1.21302 0)
(1.07412 1.21568 0)
(1.0134 1.18272 6.13948e-20)
(0.940291 1.14568 7.08421e-20)
(0.863235 1.10755 3.4427e-19)
(0.774555 1.06799 2.23408e-20)
(0.671861 1.02517 9.7591e-19)
(0.561041 0.978711 -1.15183e-18)
(0.449395 0.929072 0)
(0.37385 0.920956 0)
(0.333463 1.32704 -5.44527e-19)
(0.333743 2.49045 -6.54394e-19)
(0.37715 3.19738 0)
(0.401633 3.36791 -7.37222e-19)
(0.331574 3.43059 4.86921e-20)
(0.262446 3.47549 3.47011e-19)
(0.240045 3.50081 -1.14736e-19)
(0.414645 0.460266 -4.82588e-19)
(0.887143 0.958183 -3.72371e-19)
(1.06447 1.18399 0)
(1.09596 1.23499 0)
(1.06257 1.23833 0)
(1.00211 1.20554 0)
(0.929403 1.16877 -8.32603e-20)
(0.8524 1.13094 3.03154e-19)
(0.763442 1.09265 0)
(0.661424 1.05257 -8.88625e-19)
(0.550469 1.0102 2.06596e-18)
(0.440806 0.971232 8.42887e-20)
(0.39257 1.04446 1.12423e-19)
(0.385837 1.74847 8.87794e-19)
(0.399503 2.90142 -4.77662e-19)
(0.43772 3.31878 0)
(0.421064 3.44147 2.06779e-19)
(0.335548 3.52993 9.161e-20)
(0.260438 3.59366 1.48734e-19)
(0.18509 3.57312 -1.17164e-20)
(0.411629 0.470585 2.29766e-19)
(0.878787 0.975699 -3.81239e-19)
(1.05308 1.20585 0)
(1.08416 1.25868 -6.8318e-20)
(1.05047 1.26148 2.33946e-19)
(0.990098 1.22824 0)
(0.917822 1.19168 0)
(0.841513 1.15485 -5.26516e-19)
(0.753363 1.1178 -5.70577e-20)
(0.650895 1.07933 8.7174e-19)
(0.536207 1.0381 -9.82084e-19)
(0.446176 1.01627 5.72599e-19)
(0.407794 1.22652 0)
(0.421239 2.18755 -4.70853e-19)
(0.464743 3.14529 3.08612e-19)
(0.528385 3.42187 1.93877e-19)
(0.520159 3.51792 0)
(0.457472 3.59922 -3.7061e-20)
(0.387717 3.63993 -4.10739e-19)
(0.307156 3.61157 -9.61966e-20)
(0.408637 0.481057 -4.58752e-19)
(0.871574 0.998315 5.46153e-19)
(1.04118 1.23035 3.77149e-19)
(1.07094 1.2825 -9.34954e-20)
(1.03719 1.28592 -3.57715e-19)
(0.977323 1.25268 0)
(0.90579 1.2162 9.45616e-21)
(0.829907 1.17939 1.90887e-19)
(0.741951 1.14341 3.0564e-20)
(0.641188 1.1076 -7.5312e-19)
(0.528479 1.07288 -5.21434e-20)
(0.448382 1.08177 -6.46229e-19)
(0.446759 1.46365 7.06017e-19)
(0.494058 2.55364 1.54963e-19)
(0.559562 3.30686 -2.72559e-19)
(0.611362 3.47327 1.41513e-19)
(0.571672 3.52397 0)
(0.514054 3.52771 0)
(0.420778 3.49188 -6.81796e-19)
(0.192634 3.28258 1.25862e-18)
(0.40397 0.491901 2.19921e-19)
(0.860801 1.01699 5.39017e-19)
(1.02757 1.25417 -3.85844e-19)
(1.05729 1.30836 3.40978e-19)
(1.02337 1.31079 3.7546e-19)
(0.963893 1.27672 0)
(0.893177 1.24013 -9.45611e-22)
(0.818484 1.20419 1.56679e-19)
(0.732076 1.16917 0)
(0.631824 1.13448 0)
(0.523722 1.10411 0)
(0.458758 1.15537 0)
(0.485435 1.69737 -7.96805e-19)
(0.551021 2.85946 -2.06537e-19)
(0.627462 3.3939 0)
(0.670927 3.48575 -2.42611e-20)
(0.668977 3.49124 0)
(0.746485 3.33166 1.41236e-19)
(0.842146 2.96225 -1.78175e-18)
(0.448226 2.58154 1.86862e-18)
(0.399962 0.502018 -4.48553e-19)
(0.851624 1.0426 -3.45846e-19)
(1.01339 1.28146 -2.5667e-19)
(1.04187 1.33416 -3.18898e-19)
(1.00811 1.33706 -1.83348e-19)
(0.949498 1.30281 0)
(0.879975 1.26612 4.37293e-21)
(0.806176 1.22984 -4.25007e-20)
(0.720465 1.19556 -2.29712e-19)
(0.622799 1.16309 0)
(0.520028 1.14264 5.13578e-20)
(0.474735 1.25459 -5.83995e-20)
(0.535055 1.95842 0)
(0.627114 3.0833 2.69428e-19)
(0.718291 3.43624 0)
(0.748324 3.47217 -1.00854e-19)
(0.752376 3.38106 2.77556e-19)
(0.745574 2.99959 -1.39412e-19)
(0.500899 1.98824 2.74713e-19)
(-0.342798 0.495795 -6.68306e-19)
(0.392162 0.512611 -1.33588e-20)
(0.837372 1.06201 -1.77104e-19)
(0.996771 1.3074 3.53628e-19)
(1.02572 1.3628 -1.97657e-20)
(0.991979 1.36437 -5.86253e-20)
(0.934111 1.329 0)
(0.865841 1.29198 6.59221e-20)
(0.793766 1.25663 -8.07122e-20)
(0.710439 1.22325 4.11803e-19)
(0.611232 1.19136 -5.07295e-19)
(0.522669 1.18061 -6.06949e-19)
(0.500116 1.36832 0)
(0.587283 2.25598 4.0314e-19)
(0.688933 3.21591 -5.59633e-20)
(0.762857 3.41586 2.84078e-20)
(0.771572 3.40672 0)
(0.700885 3.17546 -1.45823e-19)
(0.531706 2.39891 1.53598e-19)
(0.10138 0.62684 -1.82241e-19)
(-0.249606 -0.395459 -1.67706e-19)
(0.385774 0.523587 4.19627e-19)
(0.825336 1.09073 -1.73667e-19)
(0.979377 1.33798 2.49942e-19)
(1.00729 1.39117 1.92871e-19)
(0.973963 1.39334 1.18035e-19)
(0.917414 1.35786 2.23719e-19)
(0.850856 1.32088 -1.47293e-19)
(0.780183 1.28508 1.57552e-20)
(0.697962 1.25243 -3.01756e-19)
(0.601627 1.22375 3.32051e-20)
(0.525863 1.22952 9.73367e-20)
(0.528921 1.5187 -3.98813e-19)
(0.641407 2.52499 1.09289e-19)
(0.752305 3.29142 -2.14438e-19)
(0.815954 3.39195 3.49552e-20)
(0.79013 3.31142 7.87792e-20)
(0.663687 2.8622 -2.07867e-19)
(0.404997 1.62818 1.35347e-19)
(0.0594306 0.0495867 0)
(-0.0800092 -0.159581 -2.93211e-19)
(0.374902 0.530931 0)
(0.80641 1.10967 -6.59359e-19)
(0.958834 1.36569 2.40036e-20)
(0.988013 1.4228 -3.16927e-19)
(0.954953 1.42344 0)
(0.899667 1.38667 -1.65646e-19)
(0.834919 1.34919 1.49383e-19)
(0.766631 1.31447 -1.47386e-20)
(0.687955 1.28279 2.13002e-19)
(0.594584 1.25639 3.63697e-19)
(0.53062 1.28085 4.68971e-19)
(0.56335 1.67458 4.79105e-20)
(0.696159 2.7657 -2.9641e-19)
(0.801211 3.31771 1.33937e-20)
(0.834514 3.34715 6.27171e-21)
(0.761014 3.13031 7.66586e-20)
(0.525296 2.31843 8.84455e-20)
(0.116441 0.442135 -1.04826e-19)
(-0.137349 -0.24591 0)
(-0.116027 -0.207681 0)
(0.364506 0.541415 -4.06839e-19)
(0.790053 1.14012 6.54492e-19)
(0.93741 1.39912 0)
(0.965967 1.45343 0)
(0.933632 1.45477 0)
(0.880357 1.41799 0)
(0.817998 1.38075 -7.92253e-20)
(0.751794 1.34546 -1.60085e-20)
(0.674957 1.3145 -3.4968e-20)
(0.588244 1.29214 3.80785e-20)
(0.537484 1.34581 -3.88438e-19)
(0.599308 1.85727 2.82899e-19)
(0.749305 2.95468 0)
(0.842413 3.32125 3.618e-20)
(0.86395 3.28665 5.94022e-20)
(0.720905 2.86579 -2.30487e-20)
(0.392848 1.68183 1.03886e-19)
(0.0163135 -0.0412973 5.98244e-20)
(-0.156456 -0.202357 -2.44028e-19)
(-0.0574174 -0.13728 -2.85406e-19)
(0.348495 0.545025 2.06076e-19)
(0.76461 1.15605 3.06054e-19)
(0.912184 1.42733 -9.32732e-21)
(0.942837 1.48753 1.67884e-19)
(0.911053 1.48721 0)
(0.859878 1.44907 3.14778e-19)
(0.799954 1.41105 -6.46389e-20)
(0.736891 1.37683 1.83756e-20)
(0.663317 1.34653 -3.58676e-20)
(0.583475 1.32854 2.75285e-20)
(0.548724 1.41514 2.62258e-19)
(0.641625 2.06556 -1.30188e-19)
(0.796771 3.07305 -1.12787e-19)
(0.875791 3.30695 1.69406e-21)
(0.854517 3.18016 -3.12933e-20)
(0.625166 2.51001 1.41729e-19)
(0.188099 0.716749 -7.9224e-20)
(-0.0850518 -0.273724 1.17083e-19)
(-0.128566 -0.222744 -3.57919e-19)
(-0.05947 -0.122494 2.50272e-19)
(0.331845 0.550889 -1.92763e-19)
(0.741341 1.18437 0)
(0.886136 1.46219 -2.24627e-19)
(0.916249 1.51955 -3.23858e-19)
(0.885646 1.52 0)
(0.837569 1.482 -2.45872e-19)
(0.780748 1.44446 0)
(0.720538 1.40948 -1.18284e-19)
(0.647941 1.37989 -2.08484e-20)
(0.579542 1.36827 6.94114e-20)
(0.561407 1.49907 -1.27813e-19)
(0.682434 2.26543 7.19072e-20)
(0.838464 3.14539 1.78643e-19)
(0.904018 3.28384 1.09378e-20)
(0.846045 3.03725 -3.1649e-20)
(0.527299 2.07805 -4.8379e-20)
(0.075607 0.117629 1.24431e-19)
(-0.184545 -0.257903 -1.38368e-19)
(-0.104583 -0.210058 4.64325e-22)
(-0.0503526 -0.0745988 -2.61769e-20)
(0.309029 0.547389 3.8351e-19)
(0.708731 1.1943 -2.93482e-19)
(0.855488 1.48818 2.39296e-19)
(0.88804 1.55491 1.56033e-19)
(0.858748 1.55386 2.82792e-20)
(0.813992 1.51456 1.54925e-19)
(0.760089 1.47591 0)
(0.703899 1.44171 -3.82232e-20)
(0.635452 1.41321 0)
(0.575636 1.40835 -6.49186e-20)
(0.577391 1.5847 1.26793e-19)
(0.725083 2.44639 -3.3079e-21)
(0.875832 3.18669 -6.2231e-20)
(0.922739 3.24107 3.77975e-20)
(0.79863 2.83977 -1.24297e-20)
(0.377887 1.5139 6.32134e-20)
(-0.0520434 -0.131028 -1.87779e-19)
(-0.227547 -0.256278 -1.07223e-19)
(-0.123693 -0.247527 -4.117e-20)
(-0.0701876 -0.0840697 1.94956e-19)
(0.285504 0.544316 4.30173e-21)
(0.678657 1.21817 1.50588e-19)
(0.823257 1.52086 0)
(0.855472 1.58634 2.9334e-19)
(0.828725 1.58667 -4.17902e-19)
(0.788248 1.54766 1.56637e-19)
(0.738076 1.5098 -1.04728e-19)
(0.685888 1.47472 9.90987e-20)
(0.619839 1.44766 -8.80096e-20)
(0.571181 1.45128 -2.03658e-21)
(0.592504 1.67859 2.77234e-20)
(0.765346 2.60167 5.0845e-20)
(0.903253 3.19469 3.58663e-20)
(0.928531 3.19038 -5.88202e-20)
(0.747195 2.60076 -5.80231e-20)
(0.284108 1.0136 1.11295e-19)
(-0.0505067 -0.24941 -1.09877e-19)
(-0.204733 -0.294834 7.55819e-20)
(-0.115629 -0.274755 1.71285e-21)
(-0.0772731 -0.102718 -1.66625e-19)
(0.255479 0.52708 7.13541e-19)
(0.636992 1.21538 -1.50092e-19)
(0.785339 1.54035 -4.09669e-19)
(0.821054 1.61986 3.32571e-19)
(0.797468 1.62051 -1.82717e-19)
(0.761008 1.58037 3.02813e-19)
(0.714167 1.54113 1.631e-19)
(0.667138 1.50638 0)
(0.607292 1.48052 1.01192e-19)
(0.565818 1.49336 -1.46358e-20)
(0.609338 1.76542 -1.24514e-20)
(0.8021 2.72182 -7.19128e-21)
(0.925867 3.19626 1.8956e-20)
(0.929677 3.1235 8.79311e-21)
(0.676273 2.39081 -8.8236e-20)
(0.165451 0.46258 -3.33138e-20)
(-0.0500038 -0.274043 1.0967e-19)
(-0.124749 -0.290965 4.97389e-20)
(-0.0982197 -0.258327 1.63409e-20)
(-0.0520735 -0.107339 1.40547e-19)
(0.22395 0.505763 0)
(0.59739 1.2269 1.39729e-19)
(0.744816 1.56612 -1.86049e-19)
(0.781982 1.64694 3.22581e-19)
(0.763115 1.65089 -3.99106e-19)
(0.73083 1.61133 1.66378e-19)
(0.688816 1.57345 0)
(0.646828 1.53785 0)
(0.593208 1.51301 0)
(0.558535 1.53638 2.09646e-20)
(0.62134 1.85001 -1.96443e-20)
(0.831439 2.81033 1.73837e-20)
(0.938889 3.19304 4.73006e-20)
(0.919553 3.0513 4.76356e-20)
(0.609714 2.14273 -8.48127e-20)
(0.0601243 0.147727 5.83095e-20)
(-0.131132 -0.285943 3.06639e-21)
(-0.107807 -0.302794 -1.14955e-19)
(-0.0851975 -0.218855 1.36757e-20)
(-0.0272924 -0.0748597 0)
(0.186061 0.463655 6.53986e-19)
(0.543862 1.19907 -1.30661e-19)
(0.698332 1.57271 4.65603e-21)
(0.741673 1.67498 0)
(0.727048 1.68152 -1.91854e-19)
(0.699237 1.6427 1.8495e-20)
(0.661351 1.60283 0)
(0.625271 1.56714 5.03637e-20)
(0.579161 1.54238 -3.97422e-20)
(0.551366 1.57462 0)
(0.633274 1.91993 0)
(0.85235 2.87176 -3.17381e-20)
(0.948471 3.18745 -6.14708e-20)
(0.907457 2.97992 2.85456e-21)
(0.535988 1.91934 -2.17467e-20)
(0.01574 0.00182923 3.11745e-20)
(-0.157791 -0.288885 0)
(-0.119269 -0.334371 -6.5987e-20)
(-0.0854858 -0.213879 -1.0098e-19)
(-0.016851 -0.0599353 2.46668e-19)
(0.146263 0.410041 5.39545e-19)
(0.492821 1.1846 -1.25105e-19)
(0.648169 1.58247 1.77144e-19)
(0.695861 1.69289 -4.39784e-19)
(0.687251 1.70444 0)
(0.664732 1.66896 0)
(0.632476 1.63089 0)
(0.602616 1.59499 5.31717e-20)
(0.563405 1.57003 -4.19547e-20)
(0.541738 1.60891 0)
(0.63707 1.98048 0)
(0.865531 2.90722 1.00407e-19)
(0.950864 3.19009 -3.62424e-20)
(0.889022 2.92268 4.35158e-20)
(0.527051 1.77561 5.22201e-20)
(0.0250326 -0.042984 0)
(-0.166275 -0.292271 -1.24194e-20)
(-0.140519 -0.370703 -2.18887e-20)
(-0.0867995 -0.242718 2.14436e-19)
(-0.00982004 -0.0630747 -2.61997e-19)
(0.102765 0.328648 -5.01497e-19)
(0.424795 1.10966 1.31295e-19)
(0.592197 1.56412 3.72364e-19)
(0.649412 1.70911 2.5305e-19)
(0.645271 1.72805 -2.04928e-19)
(0.629282 1.69679 -1.35848e-19)
(0.601229 1.656 9.29024e-20)
(0.577645 1.61962 0)
(0.54712 1.59303 0)
(0.529936 1.63288 0)
(0.636411 2.0071 -7.59713e-20)
(0.873905 2.92823 -1.00305e-19)
(0.947237 3.19798 3.38449e-20)
(0.866362 2.91887 -1.92006e-20)
(0.484418 1.70203 1.14047e-20)
(-0.0535647 0.0853558 0)
(-0.24608 -0.198764 3.49647e-20)
(-0.229997 -0.322367 -1.10232e-19)
(-0.129746 -0.234684 2.64305e-19)
(-0.00279002 0.0197905 -1.51744e-19)
(0.0541611 0.227288 5.30511e-19)
(0.359043 1.04656 -4.35833e-19)
(0.529049 1.53908 0)
(0.595665 1.70815 1.25501e-19)
(0.60049 1.73837 9.07951e-20)
(0.590721 1.71397 1.91409e-19)
(0.568848 1.6764 -8.68406e-20)
(0.551781 1.64048 0)
(0.528302 1.61333 0)
(0.51544 1.65037 -1.51229e-19)
(0.622568 2.00741 -3.5951e-21)
(0.882512 2.9192 8.45749e-20)
(0.95446 3.20862 5.39533e-20)
(0.823346 2.96182 1.11896e-19)
(0.425585 1.73477 -1.51386e-19)
(-0.15082 0.419265 2.97151e-19)
(-0.342191 -0.25293 -2.04615e-19)
(-0.405447 -0.647918 0)
(-0.346086 -0.728273 -2.4004e-20)
(-0.0993604 -0.297382 4.22587e-19)
(0.0150108 0.136639 5.42889e-19)
(0.266926 0.887026 0)
(0.461576 1.47201 0)
(0.542293 1.70069 0)
(0.553792 1.75068 7.61549e-20)
(0.551352 1.73505 -1.89663e-19)
(0.533371 1.69489 -8.48502e-20)
(0.522088 1.65716 0)
(0.507524 1.6267 0)
(0.499058 1.65787 9.37228e-20)
(0.609274 1.97635 3.14786e-20)
(0.867612 2.88861 -4.14133e-20)
(0.990111 3.21091 3.28374e-20)
(0.92879 3.07643 1.41988e-19)
(0.595401 1.99891 -2.55353e-19)
(0.118983 0.51566 4.10902e-19)
(-0.258457 -0.340151 -4.12816e-19)
(-0.435467 -0.915556 0)
(-0.403766 -1.23257 2.19461e-20)
(-0.24139 -0.9563 6.01928e-19)
(-0.00450362 0.0749981 -5.05154e-19)
(0.182611 0.741527 1.7398e-19)
(0.38305 1.37097 2.70241e-19)
(0.480986 1.65997 -1.46765e-20)
(0.505837 1.74019 -1.64029e-19)
(0.50853 1.73718 -1.05797e-19)
(0.49802 1.70575 2.3829e-19)
(0.491253 1.66846 -5.36938e-21)
(0.482886 1.63439 0)
(0.478494 1.65571 2.55479e-20)
(0.577195 1.91786 -1.41397e-20)
(0.878782 2.78174 3.90898e-20)
(1.07253 3.16421 0)
(1.13319 3.03957 -6.14896e-20)
(1.07425 2.49509 0)
(0.763247 1.42099 -8.3449e-20)
(0.32067 0.443616 -1.40966e-20)
(0.0515258 -0.518048 0)
(-0.240074 -1.41139 0)
(-0.203518 -1.3557 4.55147e-19)
(-0.00178443 0.0105628 4.06094e-19)
(0.0814307 0.388044 -1.52245e-19)
(0.319294 1.20438 1.20993e-19)
(0.423988 1.60054 -1.90812e-19)
(0.455677 1.73388 7.48656e-20)
(0.463619 1.74394 -2.55979e-20)
(0.457583 1.7195 1.60626e-20)
(0.452912 1.67576 -3.16284e-20)
(0.452234 1.6336 -2.04393e-20)
(0.453968 1.64065 -1.80741e-20)
(0.530636 1.82412 4.64517e-21)
(0.809805 2.59248 0)
(1.07469 3.02422 4.46657e-21)
(1.10812 2.95282 0)
(1.07193 2.6122 0)
(0.932665 1.87813 0)
(0.59854 0.961245 1.96751e-19)
(0.337636 0.0421092 -4.17722e-19)
(0.131791 -0.605737 -1.5314e-20)
(-0.0357875 -0.966561 3.53083e-19)
(0.00795566 -0.0443554 7.25752e-20)
(0.020764 0.145179 6.8048e-20)
(0.209287 0.909571 -5.54451e-20)
(0.353469 1.46625 -4.20221e-20)
(0.40566 1.68372 3.39684e-20)
(0.418642 1.72756 2.38867e-20)
(0.416785 1.71977 1.67786e-20)
(0.41149 1.68021 0)
(0.41244 1.62777 -8.47845e-21)
(0.418099 1.61518 -4.81664e-21)
(0.45044 1.71583 1.15373e-20)
(0.628062 2.2971 0)
(0.894427 2.86669 1.61251e-20)
(0.949193 2.84668 -2.29035e-20)
(0.925225 2.65871 0)
(0.843479 2.23153 0)
(0.612747 1.51401 -1.94105e-20)
(0.378328 0.753645 0)
(0.174174 -0.0055284 -1.58567e-20)
(0.0408246 -0.343694 0)
(0.0030555 -0.0773931 0)
(0.00268982 -0.00364832 0)
(0.08743 0.486034 0)
(0.26733 1.25717 0)
(0.340919 1.62204 -8.434e-34)
(0.364109 1.719 6.31802e-34)
(0.365654 1.71672 0)
(0.361971 1.6865 0)
(0.359901 1.62093 0)
(0.36531 1.58836 0)
(0.373162 1.6388 0)
(0.445469 2.02793 0)
(0.692205 2.70975 0)
(0.729034 2.78582 0)
(0.705679 2.71036 0)
(0.666693 2.46927 0)
(0.537478 1.98708 0)
(0.357047 1.36108 0)
(0.18175 0.740378 0)
(0.0450189 0.257795 0)
(-0.00466491 -0.0783528 0)
(0.00540373 -0.0851687 0)
(0.0251981 0.157313 0)
(0.181073 0.951871 0)
(0.275913 1.47894 0)
(0.310943 1.67597 0)
(0.315524 1.70597 0)
(0.312273 1.68674 0)
(0.305384 1.61887 0)
(0.306899 1.57119 0)
(0.30633 1.59976 0)
(0.317746 1.89923 0)
(0.52852 2.59208 0)
(0.559203 2.77994 0)
(0.536347 2.76176 0)
(0.506035 2.62743 0)
(0.426202 2.30073 0)
(0.281932 1.74653 0)
(0.138932 1.18854 0)
(0.0305605 0.642882 0)
(-0.0063541 -0.0737826 0)
(0.00757833 -0.116 0)
(0.00835347 0.0295676 0)
(0.0998471 0.71928 0)
(0.20602 1.36855 0)
(0.248637 1.63806 0)
(0.258073 1.69557 0)
(0.25763 1.68463 0)
(0.249693 1.62111 0)
(0.247838 1.56339 0)
(0.249426 1.58458 0)
(0.222311 1.83337 0)
(0.388852 2.51101 0)
(0.420222 2.79427 0)
(0.387242 2.8212 0)
(0.358435 2.75348 0)
(0.305414 2.52598 0)
(0.200117 2.06671 0)
(0.091683 1.54916 0)
(0.0161793 0.923825 0)
(-0.00350576 -0.0684016 0)
(0.00486471 -0.142797 0)
(0.0133987 -0.04381 0)
(0.056537 0.468394 0)
(0.159587 1.23059 0)
(0.194011 1.5893 0)
(0.199982 1.68267 0)
(0.200157 1.68008 0)
(0.193314 1.62585 0)
(0.191146 1.56595 0)
(0.201817 1.58485 0)
(0.152486 1.80079 0)
(0.276456 2.4518 0)
(0.308148 2.80512 0)
(0.267838 2.87531 0)
(0.241727 2.84758 0)
(0.202531 2.68443 0)
(0.130389 2.29343 0)
(0.0521486 1.7969 0)
(0.0064473 1.09724 0)
(0.00418476 -0.085111 0)
(0.0233728 -0.192496 0)
(0.0524133 -0.0961406 0)
(0.040944 0.314527 0)
(0.117846 1.12987 0)
(0.137925 1.54827 0)
(0.141814 1.67149 0)
(0.144077 1.6758 0)
(0.140805 1.62958 0)
(0.138965 1.57211 0)
(0.158543 1.58988 0)
(0.102614 1.78176 0)
(0.187435 2.4169 0)
(0.214666 2.82011 0)
(0.17816 2.92586 0)
(0.153451 2.92083 0)
(0.127852 2.80158 0)
(0.0776327 2.46285 0)
(0.0246307 1.98438 0)
(-0.0051003 1.19193 0)
(0.0126658 -0.172684 0)
(0.0392302 -0.300118 0)
(0.0648801 -0.145922 0)
(0.0281492 0.318944 0)
(0.0573322 1.07608 0)
(0.0706485 1.52173 0)
(0.0776178 1.65941 0)
(0.0859108 1.66917 0)
(0.0906323 1.62895 0)
(0.0914925 1.57689 0)
(0.118871 1.59522 0)
(0.0638578 1.77145 0)
(0.122778 2.39027 0)
(0.143153 2.83206 0)
(0.111729 2.96603 0)
(0.0910346 2.97793 0)
(0.073178 2.88185 0)
(0.0368487 2.56972 0)
(0.000959939 2.08185 0)
(-0.00957576 1.18928 0)
(0.0131218 -0.282949 0)
(0.0350279 -0.362158 0)
(0.0351801 -0.124703 0)
(-0.0106565 0.370686 0)
(-0.0247121 1.07765 0)
(-0.0131496 1.51288 0)
(0.00701523 1.65072 0)
(0.0290737 1.65931 0)
(0.0460635 1.62184 0)
(0.049519 1.57592 0)
(0.082454 1.59867 0)
(0.0367159 1.76638 0)
(0.0746235 2.38 0)
(0.0869525 2.84482 0)
(0.0617719 2.9987 0)
(0.0455217 3.02266 0)
(0.0332755 2.94042 0)
(0.00952331 2.64411 0)
(-0.0105904 2.15017 0)
(-0.0138787 1.16307 0)
(0.00831189 -0.335483 0)
(0.00180393 -0.36959 0)
(-0.0250701 -0.0205502 0)
(-0.0830613 0.510239 0)
(-0.110515 1.14116 0)
(-0.0993375 1.49963 0)
(-0.0654712 1.62471 0)
(-0.0296332 1.6406 0)
(0.0026548 1.60693 0)
(0.0122192 1.56911 0)
(0.0492954 1.59857 0)
(0.0149635 1.76222 0)
(0.043064 2.37 0)
(0.0451948 2.85433 0)
(0.0246877 3.02249 0)
(0.0119767 3.05505 0)
(0.00249773 2.97668 0)
(-0.0137935 2.68115 0)
(-0.0265942 2.15473 0)
(-0.0158054 1.09841 0)
(-0.00417217 -0.306002 0)
(-0.0340542 -0.256708 0)
(-0.08271 0.110769 0)
(-0.133874 0.627889 0)
(-0.163488 1.16037 0)
(-0.146975 1.45563 0)
(-0.112254 1.57435 0)
(-0.0735654 1.60485 0)
(-0.0322161 1.58153 0)
(-0.0192159 1.55276 0)
(0.0220607 1.59448 0)
(-0.00325243 1.76286 0)
(0.017162 2.36755 0)
(0.0135692 2.85996 0)
(-0.00142474 3.03886 0)
(-0.0118453 3.07744 0)
(-0.0190431 3.00057 0)
(-0.0289853 2.70051 0)
(-0.0323005 2.1415 0)
(-0.0173519 1.00678 0)
(-0.0104141 -0.21637 0)
(-0.0457847 -0.119718 0)
(-0.0996906 0.241436 0)
(-0.150764 0.718348 0)
(-0.166375 1.1577 0)
(-0.159974 1.40103 0)
(-0.127244 1.51565 0)
(-0.0943549 1.5573 0)
(-0.0529814 1.54815 0)
(-0.0397941 1.53071 0)
(0.00180051 1.58673 0)
(-0.0153756 1.75953 0)
(-0.00108504 2.36776 0)
(-0.00901738 2.86627 0)
(-0.0188333 3.05003 0)
(-0.0269538 3.09049 0)
(-0.0320301 3.01061 0)
(-0.0383947 2.70085 0)
(-0.0356455 2.10772 0)
(-0.0163316 0.906742 0)
(-0.0107546 -0.111976 0)
(-0.0451665 0.0318136 0)
(-0.0963374 0.37084 0)
(-0.14317 0.795808 0)
(-0.15807 1.1593 0)
(-0.15007 1.36303 0)
(-0.122399 1.46775 0)
(-0.0980845 1.51257 0)
(-0.0616958 1.51376 0)
(-0.0513693 1.50801 0)
(-0.00995402 1.57678 0)
(-0.0264383 1.76006 0)
(-0.0146788 2.36812 0)
(-0.0243328 2.87108 0)
(-0.0302382 3.05779 0)
(-0.0361246 3.09958 0)
(-0.0388311 3.01587 0)
(-0.0415926 2.69355 0)
(-0.0348805 2.06154 0)
(-0.0126189 0.814581 0)
(-0.00858626 -0.0169275 0)
(-0.037574 0.164438 0)
(-0.0809973 0.481507 0)
(-0.119028 0.860864 0)
(-0.13707 1.16637 0)
(-0.129251 1.34116 0)
(-0.110157 1.43469 0)
(-0.0923729 1.47886 0)
(-0.0613164 1.48529 0)
(-0.0546361 1.48762 0)
(-0.0160631 1.56619 0)
(-0.0333023 1.75902 0)
(-0.0245225 2.37328 0)
(-0.0339172 2.87768 0)
(-0.0371079 3.06379 0)
(-0.040757 3.10424 0)
(-0.0411192 3.01483 0)
(-0.0408749 2.67693 0)
(-0.0318098 2.00438 0)
(-0.00842503 0.7335 0)
(-0.00588605 0.0584788 0)
(-0.027816 0.276416 0)
(-0.0625131 0.576388 0)
(-0.0924822 0.916566 0)
(-0.107381 1.18008 0)
(-0.104863 1.33233 0)
(-0.0938163 1.41608 0)
(-0.0832652 1.45666 0)
(-0.0577849 1.46462 0)
(-0.0545221 1.47199 0)
(-0.018662 1.55682 0)
(-0.0383792 1.75978 0)
(-0.0297386 2.37605 0)
(-0.0385463 2.88295 0)
(-0.0401431 3.06885 0)
(-0.041946 3.10839 0)
(-0.0413675 3.01167 0)
(-0.039227 2.663 0)
(-0.0276109 1.95123 0)
(-0.00493613 0.669576 0)
(-0.0034478 0.109481 0)
(-0.0185978 0.358872 0)
(-0.0449216 0.650321 0)
(-0.068722 0.963353 0)
(-0.0810905 1.19645 0)
(-0.0823608 1.33164 0)
(-0.076563 1.40715 0)
(-0.0706668 1.44359 0)
(-0.0501952 1.4506 0)
(-0.0506783 1.46006 0)
(-0.0193005 1.54989 0)
(-0.0394405 1.7622 0)
(-0.0320108 2.38238 0)
(-0.0397141 2.88814 0)
(-0.0407164 3.0717 0)
(-0.041354 3.10834 0)
(-0.0398779 3.00434 0)
(-0.0358851 2.63465 0)
(-0.0232903 1.88958 0)
(-0.00242235 0.617757 0)
(-0.00180887 0.142666 0)
(-0.0116467 0.419339 0)
(-0.0309797 0.707442 0)
(-0.0492422 1.00055 0)
(-0.0593224 1.21269 0)
(-0.063129 1.33563 0)
(-0.0610462 1.40415 0)
(-0.0591065 1.43587 0)
(-0.043153 1.44168 0)
(-0.0466687 1.45293 0)
(-0.0194671 1.54579 0)
(-0.0375054 1.76404 0)
(-0.0320233 2.38547 0)
(-0.0393533 2.89167 0)
(-0.0396903 3.07303 0)
(-0.0402163 3.10716 0)
(-0.0380569 2.998 0)
(-0.033113 2.61652 0)
(-0.019343 1.83841 0)
(-0.000697519 0.579727 0)
(-0.000805071 0.161825 0)
(-0.00674338 0.459932 0)
(-0.0205034 0.749622 0)
(-0.0347993 1.02979 0)
(-0.0428242 1.22769 0)
(-0.0478666 1.34101 0)
(-0.0476577 1.40347 0)
(-0.0477848 1.43146 0)
(-0.0354128 1.43576 0)
(-0.0424982 1.44791 0)
(-0.0181562 1.54371 0)
(-0.0369208 1.76925 0)
(-0.0306478 2.391 0)
(-0.0381658 2.89448 0)
(-0.0385861 3.07263 0)
(-0.0384157 3.10378 0)
(-0.0353982 2.9845 0)
(-0.0300196 2.58182 0)
(-0.0156339 1.7773 0)
(0.000274139 0.548344 0)
(-0.000303166 0.172656 0)
(-0.00369901 0.487589 0)
(-0.0132887 0.781927 0)
(-0.0243653 1.05335 0)
(-0.0309199 1.24121 0)
(-0.0362226 1.34777 0)
(-0.0378214 1.40467 0)
(-0.0400255 1.42834 0)
(-0.0302491 1.43144 0)
(-0.039085 1.44408 0)
(-0.0160361 1.54226 0)
(-0.0335652 1.77225 0)
(-0.0295113 2.39339 0)
(-0.0367243 2.89572 0)
(-0.0367862 3.07201 0)
(-0.0364487 3.10106 0)
(-0.0340105 2.97674 0)
(-0.0281054 2.56217 0)
(-0.0128845 1.73176 0)
(0.00073582 0.527474 0)
(-3.86621e-05 0.177769 0)
(-0.0017773 0.504196 0)
(-0.00827903 0.804038 0)
(-0.0168836 1.07082 0)
(-0.0224992 1.25229 0)
(-0.0272917 1.35456 0)
(-0.0288822 1.40756 0)
(-0.0322909 1.42786 0)
(-0.0243671 1.42884 0)
(-0.0347824 1.44131 0)
(-0.0140812 1.54084 0)
(-0.0313039 1.77756 0)
(-0.0283792 2.39843 0)
(-0.0357526 2.89864 0)
(-0.0357939 3.07156 0)
(-0.0350919 3.09679 0)
(-0.0323467 2.96157 0)
(-0.0263244 2.52533 0)
(-0.0109862 1.67354 0)
(0.000858392 0.50713 0)
(6.50463e-05 0.180334 0)
(-0.000822128 0.515734 0)
(-0.00528782 0.822132 0)
(-0.0121815 1.08646 0)
(-0.0169937 1.26255 0)
(-0.0216413 1.3607 0)
(-0.0234442 1.41039 0)
(-0.0272115 1.42833 0)
(-0.0197552 1.42775 0)
(-0.0304029 1.4392 0)
(-0.0117251 1.54005 0)
(-0.0293835 1.78035 0)
(-0.0262006 2.40127 0)
(-0.0344309 2.9001 0)
(-0.0342379 3.07132 0)
(-0.0342998 3.09467 0)
(-0.0317207 2.95382 0)
(-0.0256041 2.50622 0)
(-0.0096646 1.63481 0)
(0.000724401 0.494415 0)
(8.95312e-05 0.180996 0)
(-0.000327345 0.522042 0)
(-0.0032501 0.834104 0)
(-0.00828316 1.09793 0)
(-0.0123968 1.27162 0)
(-0.0168184 1.36735 0)
(-0.0183284 1.41459 0)
(-0.0228463 1.43028 0)
(-0.0161187 1.42779 0)
(-0.0273506 1.43841 0)
(-0.0101447 1.54041 0)
(-0.0276012 1.78675 0)
(-0.0256088 2.40761 0)
(-0.0335289 2.90361 0)
(-0.0331257 3.07152 0)
(-0.0331728 3.09077 0)
(-0.0306745 2.93824 0)
(-0.024554 2.46796 0)
(-0.0086701 1.57907 0)
(0.000584773 0.477664 0)
(0.000131044 0.181176 0)
(-6.58637e-05 0.526536 0)
(-0.00233066 0.842878 0)
(-0.00645515 1.10635 0)
(-0.0095491 1.27829 0)
(-0.013762 1.37167 0)
(-0.0150105 1.41669 0)
(-0.0194446 1.4308 0)
(-0.0130646 1.42809 0)
(-0.0248919 1.43779 0)
(-0.00911134 1.54099 0)
(-0.0261712 1.79059 0)
(-0.0250803 2.41163 0)
(-0.0334829 2.90601 0)
(-0.0330608 3.07216 0)
(-0.0335028 3.08896 0)
(-0.0306967 2.93013 0)
(-0.0240558 2.44807 0)
(-0.00796699 1.5466 0)
(0.000279824 0.468406 0)
(5.98405e-05 0.181175 0)
(-0.000142923 0.530575 0)
(-0.00197178 0.851994 0)
(-0.00558338 1.11554 0)
(-0.0085958 1.2865 0)
(-0.0121864 1.37796 0)
(-0.0133529 1.42021 0)
(-0.0178065 1.43235 0)
(-0.0122985 1.42895 0)
(-0.0240161 1.43801 0)
(-0.00851541 1.54219 0)
(-0.0259124 1.79866 0)
(-0.0249037 2.42024 0)
(-0.0336852 2.91086 0)
(-0.0334952 3.07238 0)
(-0.033414 3.08535 0)
(-0.0304345 2.91372 0)
(-0.0236979 2.40805 0)
(-0.00784125 1.49313 0)
(0.000192657 0.451987 0)
(1.71449e-05 0.181336 0)
(-0.000392863 0.532851 0)
(-0.00207119 0.856734 0)
(-0.00515331 1.12025 0)
(-0.00780786 1.29001 0)
(-0.0108839 1.38069 0)
(-0.0121085 1.4218 0)
(-0.0164031 1.43317 0)
(-0.0119168 1.42977 0)
(-0.0232042 1.43801 0)
(-0.00877095 1.54278 0)
(-0.025717 1.80303 0)
(-0.0255196 2.4252 0)
(-0.0354344 2.91384 0)
(-0.0346384 3.07308 0)
(-0.034788 3.08335 0)
(-0.0313049 2.90463 0)
(-0.0236083 2.38706 0)
(-0.00727608 1.46468 0)
(-1.24652e-05 0.443975 0)
(3.82541e-05 0.182162 0)
(-0.000374818 0.537313 0)
(-0.0020599 0.864826 0)
(-0.00483048 1.12877 0)
(-0.00765769 1.29699 0)
(-0.0103307 1.38596 0)
(-0.0114494 1.42529 0)
(-0.0158115 1.43554 0)
(-0.0121003 1.43166 0)
(-0.0228185 1.43825 0)
(-0.00924768 1.5444 0)
(-0.0258132 1.81182 0)
(-0.0264492 2.43546 0)
(-0.0365864 2.91899 0)
(-0.0353869 3.07257 0)
(-0.0351016 3.0788 0)
(-0.03114 2.88578 0)
(-0.0231345 2.34463 0)
(-0.00739013 1.41282 0)
(0.000152713 0.427732 0)
(-2.53407e-05 0.182404 0)
(-0.000504395 0.539417 0)
(-0.00228085 0.868512 0)
(-0.00465174 1.13251 0)
(-0.00754246 1.30029 0)
(-0.0102622 1.38839 0)
(-0.0117123 1.42701 0)
(-0.0157863 1.43692 0)
(-0.0129594 1.43283 0)
(-0.0228191 1.43847 0)
(-0.0113323 1.54483 0)
(-0.0271985 1.81611 0)
(-0.0276042 2.44082 0)
(-0.0383572 2.92131 0)
(-0.0369482 3.07261 0)
(-0.0368514 3.07608 0)
(-0.0323668 2.87533 0)
(-0.0232993 2.32253 0)
(-0.00675893 1.38762 0)
(0.000416721 0.422024 0)
(-0.000201741 0.184855 0)
(-0.000938299 0.545961 0)
(-0.00275948 0.877845 0)
(-0.00491418 1.14126 0)
(-0.00724267 1.30847 0)
(-0.00992904 1.39454 0)
(-0.0115985 1.43149 0)
(-0.0151522 1.44039 0)
(-0.0135296 1.43642 0)
(-0.022946 1.44014 0)
(-0.014465 1.54887 0)
(-0.0294431 1.82736 0)
(-0.0302296 2.45435 0)
(-0.0400268 2.92757 0)
(-0.0379016 3.07067 0)
(-0.0374284 3.06777 0)
(-0.0324847 2.8472 0)
(-0.0234715 2.26513 0)
(-0.0081233 1.32249 0)
(-0.0010066 0.399997 0)
(-0.236004 1.56665 1.2627e-22)
(0.394601 3.23296 1.88482e-20)
(0.0906074 3.46426 6.24619e-20)
(0.197321 3.4336 0)
(0.156191 3.38833 0)
(0.150415 3.34164 -3.80149e-19)
(0.15273 3.3152 3.93908e-19)
(0.125525 3.27284 -4.14572e-19)
(0.112809 3.18018 7.64877e-21)
(0.0955728 2.56872 5.68319e-19)
(-0.105287 2.32117 1.0252e-23)
(0.130313 3.28831 1.66347e-19)
(0.00950934 3.43701 0)
(0.0961726 3.39028 0)
(0.0717606 3.34454 1.12845e-20)
(0.0768702 3.30738 7.88374e-19)
(0.073218 3.27674 -4.39632e-19)
(0.0496579 3.24149 -7.38585e-21)
(0.0500456 3.08414 7.0455e-21)
(0.00065547 2.08711 0)
(-0.0279415 2.0716 1.80868e-19)
(0.0849736 3.14003 -1.9141e-19)
(0.0230648 3.34498 0)
(0.0712877 3.32453 3.62879e-19)
(0.0509423 3.30297 -1.35511e-21)
(0.051797 3.28155 -4.09963e-19)
(0.0454739 3.26642 -5.09142e-19)
(0.0300979 3.24602 -2.11986e-22)
(0.0406658 3.11956 7.26919e-21)
(-0.0168029 2.21184 0)
(-0.0408617 2.01679 -4.61069e-20)
(0.0274419 3.11729 0)
(-0.0142745 3.30866 -1.91842e-19)
(0.0205506 3.30723 -1.57699e-19)
(0.0157613 3.28358 1.43244e-20)
(0.0218041 3.26149 -2.65535e-19)
(0.026757 3.24649 2.36558e-19)
(0.0212699 3.23366 -8.49441e-21)
(0.041856 3.12564 1.12098e-20)
(0.00719876 2.25063 2.91914e-19)
(-0.0529335 2.02431 -1.48582e-19)
(0.0129241 3.08958 0)
(-0.00796999 3.26669 4.14153e-19)
(0.0107561 3.26208 -2.28745e-19)
(0.0137987 3.24824 -6.99639e-22)
(0.0166159 3.23777 -2.08133e-21)
(0.0212238 3.23326 -1.55478e-20)
(0.0218115 3.22433 -3.01752e-19)
(0.0429026 3.12778 8.29066e-21)
(-0.00312558 2.31227 -6.11461e-19)
(-0.0500149 2.08405 0)
(-0.0104399 3.08579 -2.27967e-19)
(-0.0287351 3.24268 1.8939e-20)
(-0.0153052 3.24688 -1.58592e-20)
(-0.00585595 3.23222 1.62494e-20)
(0.00316155 3.21969 2.69814e-19)
(0.0155343 3.21138 2.82241e-19)
(0.0209038 3.20545 5.93708e-19)
(0.0427035 3.12404 3.29043e-19)
(0.0105834 2.35428 -1.66785e-20)
(-0.0512929 2.14093 0)
(-0.0199867 3.08186 2.35854e-19)
(-0.0192395 3.21381 -2.47578e-19)
(-0.0117129 3.21273 -1.71337e-20)
(-0.000458537 3.20248 3.54304e-20)
(0.00746086 3.19602 3.65108e-22)
(0.0165711 3.19535 -1.90573e-20)
(0.0218333 3.19111 -3.10423e-19)
(0.0423246 3.12164 -3.20058e-19)
(0.0038442 2.41982 -1.72765e-20)
(-0.0477072 2.22817 2.72123e-19)
(-0.0286697 3.08541 -1.26428e-20)
(-0.0322085 3.19388 8.72379e-21)
(-0.0237379 3.19534 0)
(-0.0134778 3.18549 0)
(-0.00134369 3.17775 0)
(0.0131681 3.17193 0)
(0.0206433 3.16933 3.46284e-19)
(0.0412042 3.11264 -3.56874e-19)
(0.015332 2.46392 3.52692e-19)
(-0.0464123 2.30634 2.63756e-20)
(-0.0329917 3.08466 2.89844e-19)
(-0.0211326 3.16956 0)
(-0.0146313 3.16539 -1.95254e-20)
(-0.00401558 3.15769 1.99687e-20)
(0.00526351 3.15335 0)
(0.0149574 3.15403 -1.08271e-20)
(0.0207407 3.15285 -3.36088e-19)
(0.0401565 3.10933 3.5825e-19)
(0.0104173 2.53308 0)
(-0.0437425 2.40353 1.59995e-20)
(-0.0358596 3.0862 -4.44517e-19)
(-0.0300777 3.14975 0)
(-0.022494 3.14685 0)
(-0.0136662 3.1391 2.14223e-20)
(-0.00208383 3.1335 -1.8079e-19)
(0.011554 3.12916 -2.26055e-20)
(0.0191701 3.12932 1.9271e-19)
(0.0385836 3.09616 0)
(0.0192162 2.58107 0)
(-0.0400604 2.49049 -4.69913e-19)
(-0.0385645 3.08227 1.59268e-19)
(-0.0205944 3.12431 0)
(-0.012843 3.11629 0)
(-0.0033651 3.10961 0)
(0.00556034 3.10673 3.72389e-19)
(0.0144551 3.10869 0)
(0.0201678 3.11068 -2.05599e-19)
(0.0378609 3.09052 1.27059e-20)
(0.0149476 2.65384 2.15239e-19)
(-0.0377297 2.58965 1.67631e-19)
(-0.0398117 3.07581 -1.62967e-20)
(-0.0296447 3.10135 1.953e-19)
(-0.021051 3.09504 1.89842e-19)
(-0.0124351 3.0884 0)
(-0.000762321 3.0841 -1.91372e-19)
(0.0124378 3.08143 0)
(0.0209952 3.08448 0)
(0.0385274 3.07216 0)
(0.022289 2.70643 -2.16238e-19)
(-0.0351149 2.67832 -1.77466e-19)
(-0.042969 3.06239 1.83255e-19)
(-0.0235481 3.07218 -1.84096e-19)
(-0.0130707 3.06222 -2.90268e-19)
(-0.00281556 3.05703 0)
(0.00711501 3.05561 2.5967e-20)
(0.0168073 3.0587 -1.32552e-20)
(0.0247874 3.06316 9.88393e-20)
(0.041716 3.06164 1.22723e-19)
(0.020844 2.78045 -1.26283e-19)
(-0.0343651 2.77312 1.82089e-19)
(-0.0460743 3.04532 -1.75558e-19)
(-0.0329439 3.0459 1.25137e-20)
(-0.0209194 3.04034 7.39307e-20)
(-0.0111874 3.03622 -1.0614e-19)
(0.000302176 3.03368 0)
(0.0138084 3.03207 1.14068e-19)
(0.0256213 3.03559 4.95083e-21)
(0.044615 3.03659 -2.37552e-19)
(0.0286849 2.83262 -6.55248e-21)
(-0.0295696 2.85508 -5.20175e-20)
(-0.0442683 3.0215 1.27194e-20)
(-0.0231646 3.01776 -6.60153e-20)
(-0.0111867 3.01443 2.70255e-20)
(-0.00221741 3.01411 1.29355e-19)
(0.00627088 3.01344 -5.50025e-20)
(0.0144706 3.01425 -5.47469e-20)
(0.0233479 3.01705 -5.68552e-20)
(0.041815 3.02184 1.22021e-19)
(0.0248341 2.90033 5.96545e-20)
(-0.0176467 2.94062 4.18156e-20)
(-0.0259763 3.00087 1.84866e-20)
(-0.0161513 3.00086 3.63788e-20)
(-0.00937753 3.00161 -7.45652e-20)
(-0.00416149 3.00264 2.51987e-20)
(0.000682181 3.00215 5.12228e-20)
(0.00544007 3.00064 -5.34701e-20)
(0.0107315 2.999 -5.58492e-20)
(0.0217971 2.99714 7.56272e-21)
(0.0165219 2.94913 5.36427e-20)
)
;

boundaryField
{
    wall-4
    {
        type            noSlip;
    }
    pressure-outlet-7
    {
        type            zeroGradient;
    }
    velocity-inlet-6
    {
        type            fixedValue;
        value           uniform (0 3 0);
    }
    velocity-inlet-5
    {
        type            fixedValue;
        value           uniform (1 0 0);
    }
    frontAndBackPlanes
    {
        type            empty;
    }
}


// ************************************************************************* //
