/*--------------------------------*- C++ -*----------------------------------*\
| =========                 |                                                 |
| \\      /  F ield         | OpenFOAM: The Open Source CFD Toolbox           |
|  \\    /   O peration     | Version:  v2012                                 |
|   \\  /    A nd           | Website:  www.openfoam.com                      |
|    \\/     M anipulation  |                                                 |
\*---------------------------------------------------------------------------*/
FoamFile
{
    version     2.0;
    format      ascii;
    class       volVectorField;
    location    "63";
    object      U;
}
// * * * * * * * * * * * * * * * * * * * * * * * * * * * * * * * * * * * * * //

dimensions      [0 1 -1 0 0 0 0];


internalField   nonuniform List<vector> 
2200
(
(0.878846 -0.0304103 0)
(1.00579 -0.0512774 0)
(1.00328 -0.035387 0)
(1.00028 -0.0244239 0)
(0.999895 -0.0166385 0)
(1.00004 -0.0107124 0)
(1.00002 -0.00681685 0)
(0.999982 -0.00418336 0)
(0.999917 -0.00216339 0)
(1.0002 -0.000594955 0)
(1.0001 0.00113977 0)
(1.00028 0.0026266 0)
(1.00033 0.00452953 0)
(1.00024 0.0071188 0)
(1.00015 0.0108491 0)
(1.00007 0.0166674 0)
(1.00037 0.0243758 0)
(1.00347 0.0348551 0)
(1.00599 0.0513822 0)
(0.879056 0.0302942 0)
(0.712028 -0.0327642 0)
(0.996654 -0.0630095 0)
(1.03333 -0.056156 0)
(1.02491 -0.0464212 0)
(1.01587 -0.0361099 0)
(1.00963 -0.0263646 0)
(1.00592 -0.0181272 0)
(1.0038 -0.0114006 0)
(1.00269 -0.00603331 0)
(1.00212 -0.00159985 0)
(1.00186 0.00249046 0)
(1.00208 0.00701447 0)
(1.00327 0.0123092 0)
(1.00548 0.0189004 0)
(1.00932 0.0272119 0)
(1.01543 0.0369583 0)
(1.02455 0.0474704 0)
(1.03315 0.0580186 0)
(0.996708 0.0631376 0)
(0.711774 0.0330386 0)
(0.535563 -0.0238927 0)
(0.969929 -0.0569303 0)
(1.05645 -0.0547239 0)
(1.05228 -0.0487518 0)
(1.0363 -0.0404263 0)
(1.02449 -0.0322633 0)
(1.01592 -0.0239809 0)
(1.0104 -0.0160951 0)
(1.00712 -0.00880674 0)
(1.00554 -0.00212034 0)
(1.00583 0.00435421 0)
(1.00746 0.0107957 0)
(1.01051 0.0177961 0)
(1.01583 0.0254642 0)
(1.02417 0.0334238 0)
(1.03621 0.0413935 0)
(1.05228 0.0493901 0)
(1.05632 0.0532334 0)
(0.969216 0.0576475 0)
(0.534405 0.0239372 0)
(0.392358 -0.0136451 0)
(0.911856 -0.0463783 0)
(1.05753 -0.0468792 0)
(1.06956 -0.0442786 0)
(1.05487 -0.0381409 0)
(1.03934 -0.0314571 0)
(1.02756 -0.0246712 0)
(1.0191 -0.0174486 0)
(1.01378 -0.00995307 0)
(1.01118 -0.00242891 0)
(1.01069 0.0050265 0)
(1.01283 0.0125596 0)
(1.01807 0.0198426 0)
(1.02652 0.0266924 0)
(1.03842 0.0331218 0)
(1.05394 0.0395953 0)
(1.06814 0.0456761 0)
(1.05547 0.0483247 0)
(0.909885 0.0470076 0)
(0.389914 0.0137808 0)
(0.307755 -0.00451347 0)
(0.846781 -0.0323769 0)
(1.04943 -0.0399234 0)
(1.07951 -0.0381738 0)
(1.06825 -0.033512 0)
(1.05172 -0.027898 0)
(1.03836 -0.022481 0)
(1.02812 -0.0164149 0)
(1.02099 -0.009517 0)
(1.01701 -0.00184409 0)
(1.0171 0.00613501 0)
(1.0208 0.0133459 0)
(1.02752 0.0197264 0)
(1.03736 0.0254124 0)
(1.05026 0.0303326 0)
(1.06669 0.0356537 0)
(1.07774 0.0400167 0)
(1.04733 0.0417475 0)
(0.842996 0.0329663 0)
(0.303729 0.00473871 0)
(0.264343 0.000101304 0)
(0.78908 -0.0200693 0)
(1.03346 -0.0314529 0)
(1.08361 -0.0320211 0)
(1.07734 -0.0287322 0)
(1.06088 -0.0238302 0)
(1.04724 -0.0193458 0)
(1.03638 -0.0142421 0)
(1.0286 -0.00816434 0)
(1.02429 -0.00121511 0)
(1.02362 0.00607875 0)
(1.02703 0.012855 0)
(1.03435 0.0186188 0)
(1.04501 0.0231472 0)
(1.05864 0.0271454 0)
(1.07489 0.0315679 0)
(1.08034 0.0342558 0)
(1.0292 0.0333539 0)
(0.782584 0.0207332 0)
(0.258715 0.000122026 0)
(0.240424 0.00107135 0)
(0.738484 -0.0122689 0)
(1.01378 -0.0249589 0)
(1.08412 -0.0267172 0)
(1.0831 -0.0244244 0)
(1.06789 -0.0202848 0)
(1.05433 -0.0162678 0)
(1.0434 -0.0117203 0)
(1.03512 -0.00632346 0)
(1.03003 0.000148768 0)
(1.02976 0.00691267 0)
(1.03413 0.0128212 0)
(1.0416 0.0174189 0)
(1.05176 0.0213798 0)
(1.06477 0.0247104 0)
(1.07947 0.0281419 0)
(1.0799 0.0297392 0)
(1.00753 0.0272618 0)
(0.728855 0.013157 0)
(0.233065 -0.000832375 0)
(0.226128 0.000960725 0)
(0.695654 -0.00802663 0)
(0.99322 -0.0207174 0)
(1.0823 -0.023084 0)
(1.0869 -0.0212327 0)
(1.07343 -0.0176647 0)
(1.06 -0.0138456 0)
(1.04945 -0.00955697 0)
(1.04155 -0.0045988 0)
(1.03679 0.00100462 0)
(1.03585 0.0069977 0)
(1.03889 0.0122029 0)
(1.04577 0.0166962 0)
(1.05582 0.0200633 0)
(1.0692 0.0230849 0)
(1.08191 0.0258168 0)
(1.07567 0.0267674 0)
(0.983277 0.0234521 0)
(0.681763 0.00912345 0)
(0.216611 -0.000712035 0)
(0.216571 0.0006228 0)
(0.660292 -0.00566116 0)
(0.972717 -0.0175951 0)
(1.0796 -0.0201528 0)
(1.09034 -0.018562 0)
(1.0783 -0.0154003 0)
(1.06488 -0.0117582 0)
(1.05431 -0.00753067 0)
(1.04625 -0.00264638 0)
(1.04099 0.0028429 0)
(1.04016 0.00813721 0)
(1.04408 0.0129678 0)
(1.05081 0.0164998 0)
(1.06013 0.0197816 0)
(1.07255 0.0224578 0)
(1.08342 0.0245944 0)
(1.07089 0.0250632 0)
(0.959215 0.0210268 0)
(0.641666 0.007077 0)
(0.204515 -0.00033475 0)
(0.209418 0.000299618 0)
(0.631806 -0.00420146 0)
(0.953953 -0.0149849 0)
(1.0766 -0.0179089 0)
(1.09348 -0.0165566 0)
(1.08303 -0.0135862 0)
(1.06965 -0.00991874 0)
(1.05928 -0.00587671 0)
(1.05163 -0.00126029 0)
(1.0468 0.00368618 0)
(1.04533 0.00882788 0)
(1.04732 0.0131397 0)
(1.0531 0.0170349 0)
(1.06249 0.0197647 0)
(1.0755 0.022172 0)
(1.08437 0.0239206 0)
(1.06382 0.0238512 0)
(0.93437 0.0191471 0)
(0.606691 0.00594322 0)
(0.194041 4.37466e-05 0)
(0.203593 8.51721e-05 0)
(0.608514 -0.00314017 0)
(0.935941 -0.012533 0)
(1.07345 -0.0155407 0)
(1.09688 -0.0143782 0)
(1.08777 -0.0115965 0)
(1.07415 -0.00806425 0)
(1.06327 -0.00394838 0)
(1.05496 0.000808204 0)
(1.04939 0.00599289 0)
(1.04786 0.0107214 0)
(1.05098 0.0148351 0)
(1.05718 0.0177036 0)
(1.06607 0.0204287 0)
(1.07798 0.0225491 0)
(1.08471 0.0237484 0)
(1.05715 0.0230564 0)
(0.910643 0.0176246 0)
(0.576428 0.00527957 0)
(0.184415 0.000321452 0)
(0.199084 1.14693e-05 0)
(0.590458 -0.00227536 0)
(0.920715 -0.0101928 0)
(1.07058 -0.0133735 0)
(1.10021 -0.0123033 0)
(1.09266 -0.00958039 0)
(1.07911 -0.0059624 0)
(1.0683 -0.00204742 0)
(1.06023 0.00243398 0)
(1.05481 0.00720662 0)
(1.05241 0.0120405 0)
(1.05354 0.0160245 0)
(1.0586 0.0193045 0)
(1.06772 0.0213218 0)
(1.08021 0.0229937 0)
(1.08442 0.0238405 0)
(1.0478 0.0225639 0)
(0.885823 0.0164272 0)
(0.548654 0.00492231 0)
(0.174919 0.000495171 0)
(0.195501 2.72026e-05 0)
(0.575707 -0.00155709 0)
(0.906125 -0.00810788 0)
(1.06778 -0.0110093 0)
(1.10382 -0.00989735 0)
(1.09766 -0.00714134 0)
(1.08393 -0.00358483 0)
(1.07237 0.000479902 0)
(1.06315 0.00514912 0)
(1.05666 0.0103294 0)
(1.05419 0.014908 0)
(1.05641 0.0184186 0)
(1.06215 0.0206384 0)
(1.07076 0.0225752 0)
(1.08165 0.0238879 0)
(1.08363 0.0242855 0)
(1.03892 0.0223806 0)
(0.862024 0.0155863 0)
(0.52355 0.00475148 0)
(0.165747 0.000580601 0)
(0.193437 6.437e-05 0)
(0.565307 -0.000759414 0)
(0.894994 -0.00587012 0)
(1.06562 -0.00867766 0)
(1.1075 -0.00743364 0)
(1.10286 -0.00459272 0)
(1.08914 -0.000851859 0)
(1.07762 0.00311517 0)
(1.06866 0.0076373 0)
(1.06208 0.012373 0)
(1.05831 0.0168644 0)
(1.05848 0.0204326 0)
(1.06283 0.0228982 0)
(1.0716 0.0241239 0)
(1.08272 0.0249918 0)
(1.08159 0.0249578 0)
(1.02671 0.0225336 0)
(0.836356 0.0150856 0)
(0.498947 0.00468949 0)
(0.156416 0.000619499 0)
(0.192594 0.000107478 0)
(0.557856 -0.000201425 0)
(0.884711 -0.00386572 0)
(1.06392 -0.00594516 0)
(1.11149 -0.00442419 0)
(1.10823 -0.00127835 0)
(1.09447 0.00260828 0)
(1.08217 0.00687446 0)
(1.07182 0.0116391 0)
(1.06365 0.0166393 0)
(1.05989 0.0209139 0)
(1.06098 0.0236421 0)
(1.06603 0.0251418 0)
(1.07418 0.0262999 0)
(1.08263 0.026737 0)
(1.07909 0.0262209 0)
(1.01496 0.0231246 0)
(0.811447 0.0149019 0)
(0.475783 0.00474094 0)
(0.147303 0.000640361 0)
(0.193222 8.81959e-05 0)
(0.553695 0.000857124 0)
(0.87863 -0.00151325 0)
(1.0635 -0.00330587 0)
(1.11608 -0.00142864 0)
(1.11417 0.00186441 0)
(1.10025 0.00603781 0)
(1.08772 0.0103788 0)
(1.07745 0.0150991 0)
(1.06944 0.0199644 0)
(1.06394 0.0241435 0)
(1.06242 0.026947 0)
(1.06546 0.0284223 0)
(1.07365 0.0288836 0)
(1.08262 0.029043 0)
(1.07436 0.0280305 0)
(0.999298 0.0240349 0)
(0.784034 0.0150862 0)
(0.451816 0.00489386 0)
(0.137741 0.000658946 0)
(0.19533 0.000244168 0)
(0.55398 0.00153314 0)
(0.87385 0.000572029 0)
(1.06419 -4.30046e-05 0)
(1.12119 0.00219953 0)
(1.12044 0.00595677 0)
(1.10648 0.0105059 0)
(1.09322 0.0155189 0)
(1.08159 0.020866 0)
(1.07138 0.0259817 0)
(1.0653 0.0297111 0)
(1.06465 0.0316641 0)
(1.06843 0.0326898 0)
(1.0756 0.0329418 0)
(1.08077 0.0322123 0)
(1.06918 0.030417 0)
(0.983802 0.0255254 0)
(0.756783 0.0156353 0)
(0.428189 0.00517296 0)
(0.128085 0.000687285 0)
(0.19955 0.000674352 0)
(0.556701 0.00236578 0)
(0.874285 0.00338992 0)
(1.06682 0.00342567 0)
(1.12723 0.00632822 0)
(1.12748 0.0103524 0)
(1.11304 0.0153784 0)
(1.09907 0.0205579 0)
(1.08683 0.0258924 0)
(1.07634 0.0309035 0)
(1.06865 0.0349619 0)
(1.06502 0.0369575 0)
(1.06607 0.0373717 0)
(1.07315 0.0366226 0)
(1.07916 0.0360754 0)
(1.06131 0.0334781 0)
(0.963616 0.0274119 0)
(0.726023 0.0165739 0)
(0.402511 0.00555082 0)
(0.117559 0.00071411 0)
(0.206004 0.000877967 0)
(0.56357 0.00348169 0)
(0.878138 0.00584122 0)
(1.07157 0.00758015 0)
(1.13411 0.0111007 0)
(1.13533 0.0158305 0)
(1.12065 0.0213659 0)
(1.10596 0.027433 0)
(1.0925 0.0337793 0)
(1.07998 0.0395828 0)
(1.07041 0.042787 0)
(1.06674 0.0436632 0)
(1.0685 0.0435324 0)
(1.07398 0.0431824 0)
(1.07501 0.0409384 0)
(1.05238 0.0374086 0)
(0.94305 0.0300858 0)
(0.694342 0.0178898 0)
(0.376006 0.00604306 0)
(0.106568 0.000749708 0)
(0.214454 0.00105982 0)
(0.574766 0.00477239 0)
(0.886428 0.00903471 0)
(1.07926 0.0122409 0)
(1.14259 0.0169336 0)
(1.14425 0.0223658 0)
(1.12869 0.0288984 0)
(1.11275 0.0353822 0)
(1.09758 0.0416562 0)
(1.08294 0.0467505 0)
(1.07172 0.050423 0)
(1.06583 0.0516903 0)
(1.06494 0.0510019 0)
(1.06943 0.0485701 0)
(1.0712 0.0468164 0)
(1.04019 0.0420913 0)
(0.916323 0.0330395 0)
(0.657735 0.0195044 0)
(0.346291 0.00655424 0)
(0.0943957 0.000766453 0)
(0.226889 0.00141538 0)
(0.593335 0.00670635 0)
(0.90168 0.0132979 0)
(1.09031 0.0183808 0)
(1.15284 0.0238943 0)
(1.15476 0.0303174 0)
(1.13818 0.0375918 0)
(1.12068 0.0450609 0)
(1.10369 0.0525184 0)
(1.08751 0.059057 0)
(1.07395 0.0622406 0)
(1.06645 0.0613979 0)
(1.06525 0.0597822 0)
(1.06867 0.0578257 0)
(1.06401 0.0539259 0)
(1.02591 0.0478164 0)
(0.888343 0.037137 0)
(0.618938 0.0214821 0)
(0.314789 0.00713268 0)
(0.0816074 0.00078444 0)
(0.242478 0.00194852 0)
(0.616221 0.00853165 0)
(0.922029 0.0178517 0)
(1.10561 0.0252387 0)
(1.16544 0.0326734 0)
(1.16674 0.0403312 0)
(1.14828 0.0491789 0)
(1.12874 0.0575398 0)
(1.10924 0.0651432 0)
(1.08935 0.0703563 0)
(1.07226 0.0720862 0)
(1.06357 0.0720529 0)
(1.06064 0.0697272 0)
(1.06142 0.0657935 0)
(1.05697 0.061989 0)
(1.00754 0.0544189 0)
(0.851991 0.041076 0)
(0.573065 0.0234995 0)
(0.279108 0.00759634 0)
(0.0675824 0.000771702 0)
(0.264685 0.00282175 0)
(0.649871 0.012366 0)
(0.951535 0.0249326 0)
(1.12555 0.0351477 0)
(1.18077 0.0436183 0)
(1.18104 0.0532666 0)
(1.16026 0.0630575 0)
(1.13787 0.0723736 0)
(1.11505 0.0805475 0)
(1.09268 0.0865722 0)
(1.07458 0.0891539 0)
(1.06278 0.086462 0)
(1.058 0.0823656 0)
(1.0589 0.07809 0)
(1.04533 0.0717237 0)
(0.985111 0.0618877 0)
(0.81328 0.046319 0)
(0.524431 0.0257843 0)
(0.2416 0.00799171 0)
(0.0532719 0.000752302 0)
(0.29583 0.00371888 0)
(0.694696 0.0154305 0)
(0.990199 0.0327985 0)
(1.15209 0.0465659 0)
(1.19987 0.0581367 0)
(1.19749 0.0698036 0)
(1.17304 0.0814443 0)
(1.14737 0.0916001 0)
(1.12148 0.099931 0)
(1.09521 0.104367 0)
(1.07137 0.103223 0)
(1.05758 0.0996384 0)
(1.05213 0.0952274 0)
(1.04803 0.0891199 0)
(1.03346 0.0821703 0)
(0.957803 0.0704614 0)
(0.763288 0.0509126 0)
(0.465493 0.0275029 0)
(0.199286 0.00804286 0)
(0.0379822 0.000645362 0)
(0.3323 0.00709469 0)
(0.752688 0.0247633 0)
(1.03953 0.0466083 0)
(1.18441 0.0646637 0)
(1.22248 0.0775618 0)
(1.21576 0.0923618 0)
(1.1866 0.104891 0)
(1.15652 0.115198 0)
(1.12556 0.122364 0)
(1.09458 0.125278 0)
(1.06995 0.123942 0)
(1.0546 0.118987 0)
(1.04645 0.111839 0)
(1.04302 0.104489 0)
(1.01509 0.0948295 0)
(0.922881 0.079038 0)
(0.708972 0.0565215 0)
(0.405348 0.0294015 0)
(0.157216 0.00793211 0)
(0.0240623 0.000590113 0)
(0.412429 0.0107086 0)
(0.840403 0.0357089 0)
(1.10594 0.0675743 0)
(1.22484 0.0903405 0)
(1.24949 0.106626 6.19936e-34)
(1.23571 0.123139 -2.7992e-34)
(1.20018 0.135567 0)
(1.16527 0.144562 0)
(1.13045 0.15014 0)
(1.09636 0.150746 0)
(1.06666 0.145535 0)
(1.0474 0.136461 0)
(1.03782 0.127953 0)
(1.0267 0.118461 0)
(0.995055 0.106721 0)
(0.882013 0.0885316 0)
(0.640392 0.0601715 0)
(0.329877 0.0291348 0)
(0.107847 0.00736742 0)
(0.0086486 0.000758787 0)
(0.483501 0.0258867 4.5361e-20)
(0.942708 0.0599692 -3.43724e-20)
(1.17688 0.101996 0)
(1.26648 0.129191 2.6726e-20)
(1.27802 0.144769 -2.16731e-20)
(1.25489 0.163319 2.95342e-34)
(1.21249 0.173907 0)
(1.17233 0.180818 1.57772e-20)
(1.13161 0.183471 -5.18393e-20)
(1.09109 0.180566 1.05932e-20)
(1.05791 0.171932 0)
(1.0386 0.16205 -2.6951e-20)
(1.0272 0.151335 -3.24141e-20)
(1.01638 0.140138 5.67639e-20)
(0.960595 0.124817 -4.48311e-20)
(0.814773 0.0978785 0)
(0.543931 0.0631917 -1.61203e-20)
(0.242433 0.0276753 0)
(0.0582224 0.00700576 -8.90644e-20)
(-0.00789726 0.000421473 1.04966e-19)
(0.519844 0.0537937 -5.98067e-21)
(1.0082 0.102489 1.01654e-19)
(1.22824 0.152723 -5.35228e-21)
(1.30064 0.177155 -6.51539e-20)
(1.30296 0.194682 -4.5813e-20)
(1.27078 0.211394 7.45417e-20)
(1.22189 0.219147 0)
(1.17596 0.22331 0)
(1.13003 0.223356 8.23809e-20)
(1.0858 0.217697 0)
(1.05002 0.207412 9.71342e-20)
(1.02552 0.194152 2.89187e-20)
(1.00889 0.180288 5.01928e-22)
(0.982655 0.164853 -6.15938e-20)
(0.918278 0.14362 0)
(0.750023 0.112112 0)
(0.466142 0.0663291 -2.62427e-19)
(0.183211 0.0258213 6.59934e-19)
(0.0259895 0.00503307 -3.90091e-19)
(-0.0195871 -0.00141708 -4.59425e-19)
(0.527026 0.0765121 -5.54438e-20)
(1.04375 0.159689 2.15092e-20)
(1.26417 0.212891 1.19963e-20)
(1.32728 0.236368 1.13349e-19)
(1.32257 0.252469 1.45847e-20)
(1.283 0.264675 -1.93972e-19)
(1.22843 0.268395 6.62962e-20)
(1.17734 0.269016 0)
(1.12607 0.265366 -1.74012e-19)
(1.07609 0.255947 1.54931e-19)
(1.03407 0.24134 -2.62137e-19)
(1.0058 0.22375 1.22909e-19)
(0.988367 0.208071 -7.96876e-20)
(0.964908 0.192751 1.79651e-19)
(0.884577 0.16827 0)
(0.702895 0.125449 -6.54526e-20)
(0.418934 0.0712357 0)
(0.162416 0.0263292 3.60085e-19)
(0.0160795 0.00352093 -8.53241e-19)
(-0.0238616 -0.00330672 5.34207e-19)
(0.523745 0.108158 1.46377e-19)
(1.06702 0.217434 -6.48811e-20)
(1.28731 0.278661 -1.40944e-20)
(1.34479 0.301292 0)
(1.33496 0.31498 -8.40947e-20)
(1.29011 0.322025 1.03873e-19)
(1.23084 0.320924 -7.08404e-20)
(1.17468 0.317282 0)
(1.11838 0.309805 1.23603e-19)
(1.06417 0.296473 -1.08807e-19)
(1.01863 0.277134 2.26632e-19)
(0.989241 0.257591 0)
(0.967557 0.240168 -1.69283e-19)
(0.931611 0.219079 9.54101e-20)
(0.851085 0.188481 2.40086e-19)
(0.670021 0.141561 -2.11245e-19)
(0.399755 0.0804415 3.33664e-19)
(0.158906 0.0299066 -7.37958e-19)
(0.0155447 0.00310294 4.66837e-19)
(-0.0249912 -0.00508891 -5.8397e-19)
(0.51052 0.132169 -4.52032e-20)
(1.07153 0.269946 3.20651e-20)
(1.29706 0.343703 -4.70301e-20)
(1.35384 0.366947 9.62816e-20)
(1.34093 0.378723 -9.24119e-20)
(1.29251 0.380558 3.2523e-20)
(1.2296 0.374732 3.74819e-21)
(1.16972 0.366847 -1.38939e-19)
(1.10971 0.354616 -1.29228e-19)
(1.05152 0.336273 -2.33198e-19)
(1.00232 0.313482 -4.87268e-19)
(0.966911 0.291317 -1.50369e-19)
(0.943227 0.270807 2.21353e-21)
(0.914118 0.248944 -3.26524e-19)
(0.826808 0.217083 -5.22742e-21)
(0.647616 0.159697 3.073e-19)
(0.392431 0.091761 -9.22823e-20)
(0.16332 0.0365057 -5.34386e-20)
(0.0224444 0.00394509 0)
(-0.0225455 -0.00579455 1.2416e-18)
(0.494975 0.153454 0)
(1.06895 0.321095 -8.14042e-22)
(1.30032 0.407797 0)
(1.35626 0.431178 -1.29318e-20)
(1.34079 0.441455 8.83952e-20)
(1.28988 0.438992 -7.63268e-20)
(1.22428 0.428762 7.70853e-20)
(1.16132 0.416283 2.28252e-19)
(1.09793 0.399822 -7.19111e-20)
(1.03577 0.377253 1.14978e-19)
(0.981707 0.349917 2.61904e-19)
(0.946168 0.324439 3.27891e-19)
(0.920642 0.302678 -1.97598e-19)
(0.87987 0.276832 3.53685e-19)
(0.798185 0.23789 -2.80319e-19)
(0.627864 0.1811 0)
(0.38824 0.106821 -7.00761e-19)
(0.173109 0.0455433 9.43224e-19)
(0.0338108 0.00770135 7.03956e-20)
(-0.017569 -0.00553517 -1.31349e-18)
(0.478594 0.172897 -5.10703e-21)
(1.05761 0.367459 -2.35221e-20)
(1.29611 0.467664 4.72834e-20)
(1.35337 0.493012 -7.20203e-20)
(1.33613 0.50267 7.44037e-20)
(1.28355 0.495944 -7.33605e-20)
(1.21602 0.481572 1.52063e-19)
(1.15063 0.46518 -6.80181e-20)
(1.08389 0.444474 -2.9021e-19)
(1.01746 0.417403 -2.84763e-22)
(0.961194 0.38645 -2.84971e-19)
(0.922327 0.359095 -3.53064e-19)
(0.893717 0.33275 2.18422e-19)
(0.861356 0.306769 -1.27255e-19)
(0.775877 0.268216 3.05136e-19)
(0.612356 0.200818 0)
(0.386575 0.123265 -4.35753e-19)
(0.18255 0.055881 6.43608e-19)
(0.0450284 0.0128318 1.21718e-18)
(-0.012109 -0.00455743 -1.43144e-18)
(0.46528 0.191012 -9.13099e-20)
(1.0476 0.413601 4.02673e-20)
(1.2898 0.526169 -2.82022e-20)
(1.34681 0.552282 7.39815e-20)
(1.32792 0.560866 1.21804e-20)
(1.27398 0.550821 -1.43197e-19)
(1.20463 0.533134 -8.86326e-20)
(1.13684 0.512965 -8.77755e-20)
(1.0676 0.488503 -1.64313e-19)
(0.999427 0.457529 2.64284e-19)
(0.941223 0.422363 2.87695e-19)
(0.900254 0.390666 5.60195e-19)
(0.870275 0.3637 0)
(0.827665 0.334609 6.48979e-21)
(0.749384 0.288712 -8.39325e-19)
(0.595779 0.223511 1.96993e-19)
(0.384227 0.139844 9.45838e-19)
(0.190967 0.0674444 -2.7914e-19)
(0.0558971 0.0190751 5.79131e-19)
(-0.00648439 -0.00290917 -4.8253e-20)
(0.453372 0.208001 5.82916e-21)
(1.03279 0.454341 5.92043e-20)
(1.27926 0.580034 -7.33713e-21)
(1.3372 0.608691 7.26767e-20)
(1.31698 0.617124 -1.39601e-19)
(1.26196 0.603685 1.4159e-19)
(1.19138 0.582614 9.17265e-20)
(1.12231 0.559073 2.61569e-19)
(1.05127 0.530863 3.28989e-19)
(0.979801 0.495589 -3.06071e-19)
(0.918017 0.457305 0)
(0.874237 0.423182 -2.1242e-19)
(0.843408 0.392285 2.43883e-19)
(0.809756 0.36163 3.08224e-19)
(0.728681 0.318678 -1.78395e-19)
(0.580863 0.242794 -4.33727e-19)
(0.38088 0.156732 -1.29223e-19)
(0.19718 0.0791049 -1.99132e-21)
(0.0647795 0.025685 0)
(-0.00155192 -0.0010305 0)
(0.445477 0.224529 -8.45354e-20)
(1.02197 0.495818 0)
(1.26851 0.632655 7.93384e-21)
(1.32563 0.662453 -1.62156e-20)
(1.30424 0.669758 1.60615e-19)
(1.24843 0.653674 -4.03969e-20)
(1.17686 0.630075 9.31904e-20)
(1.10633 0.603482 -1.76741e-19)
(1.0333 0.572264 2.49455e-19)
(0.959969 0.534021 -1.01313e-19)
(0.896398 0.492227 1.65147e-19)
(0.852265 0.453581 6.7434e-19)
(0.819557 0.422037 1.43548e-20)
(0.776502 0.388289 -3.21772e-19)
(0.703293 0.336509 5.95969e-19)
(0.563365 0.265093 3.57237e-21)
(0.375457 0.172411 1.3825e-19)
(0.200304 0.0907161 -6.59065e-19)
(0.0708586 0.0317877 6.79167e-19)
(0.00229457 0.000790302 -8.00112e-19)
(0.437759 0.241008 2.46835e-23)
(1.008 0.532026 0)
(1.25524 0.680447 0)
(1.31245 0.713247 1.83146e-21)
(1.29018 0.720464 -4.64274e-20)
(1.23372 0.701625 6.55538e-20)
(1.16145 0.675214 -1.723e-19)
(1.09012 0.645868 0)
(1.01555 0.611708 -3.6816e-19)
(0.939561 0.569943 4.43841e-19)
(0.872921 0.524433 4.72298e-19)
(0.825906 0.483564 -2.47615e-19)
(0.792495 0.447956 -3.00293e-19)
(0.758418 0.411891 7.04397e-19)
(0.681753 0.364649 -2.11977e-19)
(0.546188 0.281477 -2.52625e-19)
(0.366919 0.18707 -1.51053e-19)
(0.199591 0.100319 -7.12282e-19)
(0.0739106 0.0368947 1.04421e-19)
(0.00499912 0.00229165 8.66348e-19)
(0.432938 0.258632 -4.08776e-20)
(0.997995 0.569507 -5.49645e-20)
(1.24264 0.727217 2.37304e-20)
(1.29854 0.761357 -2.02422e-22)
(1.27553 0.767385 -5.14454e-20)
(1.21861 0.746419 1.03422e-19)
(1.1457 0.718104 0)
(1.0732 0.686415 1.07245e-19)
(0.996884 0.649875 -8.45631e-20)
(0.919475 0.605811 7.41285e-19)
(0.85108 0.557518 -1.0668e-19)
(0.803301 0.51283 1.22725e-19)
(0.768732 0.475235 0)
(0.725538 0.435871 -3.81551e-19)
(0.655689 0.377835 4.6248e-19)
(0.527001 0.300511 0)
(0.35669 0.199199 -3.25233e-19)
(0.196306 0.108432 9.57341e-19)
(0.0740231 0.0407842 1.13797e-19)
(0.0064373 0.00327116 -1.06801e-18)
(0.42949 0.27576 -1.01801e-19)
(0.986016 0.602123 1.29615e-19)
(1.22852 0.769258 0)
(1.28402 0.806358 2.37638e-20)
(1.26036 0.812517 0)
(1.20289 0.789408 -1.36372e-19)
(1.12947 0.758765 0)
(1.05635 0.724834 0)
(0.978801 0.68605 -1.12761e-19)
(0.898925 0.639379 -7.04832e-19)
(0.827327 0.587574 -8.73547e-19)
(0.776428 0.539796 1.43911e-19)
(0.741115 0.497905 5.1994e-19)
(0.707002 0.455453 4.2067e-19)
(0.633808 0.402406 -1.48433e-18)
(0.50811 0.311469 -5.93576e-19)
(0.344521 0.209824 3.47996e-19)
(0.190437 0.114467 0)
(0.0723784 0.0430206 9.75948e-19)
(0.00683551 0.00390867 -1.15122e-18)
(0.427684 0.291324 1.20567e-19)
(0.977494 0.63601 -1.49783e-19)
(1.21559 0.810666 0)
(1.26944 0.848861 -1.13062e-20)
(1.24514 0.853941 -3.89632e-21)
(1.18734 0.829173 0)
(1.11352 0.797122 5.3291e-20)
(1.03953 0.761461 7.49492e-20)
(0.960617 0.720945 -2.11597e-19)
(0.879507 0.672582 9.32369e-20)
(0.806177 0.618271 0)
(0.753702 0.567525 5.96485e-19)
(0.717166 0.522747 5.93442e-21)
(0.67343 0.476206 2.27047e-19)
(0.607689 0.409404 2.69393e-19)
(0.487881 0.325287 0)
(0.331876 0.216699 -5.66877e-19)
(0.183112 0.118535 1.11054e-18)
(0.0695905 0.0441626 -1.17781e-18)
(0.00655499 0.00420964 2.47918e-18)
(0.426062 0.306179 0)
(0.966875 0.665121 0)
(1.20178 0.847423 -7.38602e-20)
(1.2548 0.88834 0)
(1.22989 0.893766 0)
(1.17162 0.867394 -1.09892e-19)
(1.0975 0.833466 5.4517e-20)
(1.0232 0.796015 1.78294e-20)
(0.943307 0.753896 -4.81903e-20)
(0.859486 0.703689 0)
(0.782416 0.646862 -1.3348e-19)
(0.726349 0.592642 -4.86611e-19)
(0.687664 0.541877 -5.86604e-19)
(0.654015 0.49071 -2.36077e-19)
(0.585127 0.429308 2.91718e-19)
(0.468579 0.329016 -6.87201e-19)
(0.319174 0.221286 1.22012e-18)
(0.17554 0.119715 1.61196e-21)
(0.0663168 0.0447259 -1.12687e-18)
(0.00619812 0.00448969 -1.67208e-19)
(0.424977 0.320375 0)
(0.959328 0.695941 -1.21309e-19)
(1.1894 0.883995 8.96718e-20)
(1.24046 0.925707 0)
(1.21497 0.930129 0)
(1.15652 0.902455 2.18836e-19)
(1.08228 0.867539 0)
(1.00733 0.828897 0)
(0.926106 0.785613 -4.64793e-19)
(0.840893 0.734308 1.29685e-19)
(0.762158 0.675592 -1.18358e-18)
(0.703665 0.618167 0)
(0.663342 0.565362 -6.38494e-19)
(0.618575 0.508104 1.02246e-20)
(0.557421 0.428298 -9.39244e-19)
(0.448143 0.335448 3.69552e-19)
(0.307713 0.22054 1.25237e-21)
(0.171475 0.117592 -1.27009e-18)
(0.0645627 0.0430329 6.0629e-19)
(0.00429028 0.00235824 1.78852e-19)
(0.423706 0.334369 0)
(0.949964 0.722247 -1.65107e-19)
(1.17644 0.916143 9.44383e-20)
(1.22643 0.960246 1.30384e-19)
(1.20038 0.965112 -7.18253e-21)
(1.14158 0.936249 2.17099e-20)
(1.06719 0.899868 -3.11502e-20)
(0.992031 0.859823 4.40405e-19)
(0.90988 0.815409 4.97196e-19)
(0.822062 0.762942 9.8702e-19)
(0.739283 0.702863 9.83374e-19)
(0.676211 0.642471 1.73241e-19)
(0.631586 0.58267 9.1839e-19)
(0.596672 0.517887 5.67979e-19)
(0.531907 0.442507 6.74032e-19)
(0.428326 0.32819 -4.04334e-19)
(0.2956 0.213338 -4.66135e-19)
(0.171612 0.114277 5.47261e-19)
(0.071706 0.0503119 -3.25942e-19)
(0.0114081 0.0115625 5.79582e-19)
(0.422842 0.347865 2.30886e-19)
(0.943434 0.75036 2.58791e-19)
(1.16494 0.948562 5.42926e-20)
(1.21286 0.993079 1.56134e-20)
(1.18632 0.996935 -1.09565e-20)
(1.12746 0.967018 -6.04342e-20)
(1.05312 0.929983 2.97743e-20)
(0.977395 0.889191 -1.92863e-20)
(0.893973 0.844078 -5.79379e-19)
(0.804836 0.791147 -1.07151e-18)
(0.720026 0.729957 6.82726e-20)
(0.653664 0.666686 0)
(0.606655 0.605741 0)
(0.557 0.534069 -2.96403e-19)
(0.49872 0.432376 -1.10537e-18)
(0.405835 0.322841 8.71051e-19)
(0.292992 0.19503 5.10412e-19)
(0.182979 0.0937387 0)
(0.0884147 0.0210519 1.04317e-18)
(0.00525972 -0.0150718 -6.17839e-19)
(0.421781 0.360963 -1.22512e-19)
(0.935184 0.773917 1.0811e-19)
(1.15292 0.976672 -1.29839e-19)
(1.19977 1.02324 -1.08546e-19)
(1.17278 1.02756 -1.96926e-20)
(1.11364 0.99676 -1.9306e-20)
(1.0392 0.958597 0)
(0.963351 0.916754 -5.53864e-19)
(0.879217 0.870909 7.01869e-20)
(0.787725 0.817316 0)
(0.698781 0.75589 0)
(0.627063 0.69152 1.11059e-19)
(0.572208 0.62316 1.49401e-19)
(0.530477 0.540784 -3.2065e-19)
(0.466298 0.44294 7.93319e-19)
(0.377141 0.300174 -9.49536e-19)
(0.275082 0.170023 -1.09486e-18)
(0.203444 0.0812479 9.70241e-19)
(0.155574 0.0724552 -3.70823e-19)
(0.110889 0.0759262 2.15728e-19)
(0.421047 0.373195 1.52322e-19)
(0.929426 0.799251 0)
(1.14232 1.0054 0)
(1.18718 1.05203 -3.03751e-20)
(1.15977 1.05532 2.45905e-20)
(1.10068 1.02363 -1.9966e-20)
(1.0264 0.985065 1.35736e-19)
(0.950156 0.94286 5.6672e-19)
(0.86493 0.896728 1.05184e-18)
(0.77218 0.843215 -8.10174e-20)
(0.681021 0.781657 1.67872e-19)
(0.605423 0.715557 -9.94692e-19)
(0.547429 0.647436 -9.93791e-19)
(0.484962 0.559858 -1.72468e-19)
(0.418473 0.42615 0)
(0.340719 0.290253 -4.84232e-21)
(0.256051 0.0969329 6.04563e-19)
(0.246081 -0.0224169 -1.01489e-18)
(0.212395 -0.106346 7.71179e-19)
(0.0878903 -0.0989765 6.38313e-19)
(0.419893 0.385158 -3.35976e-19)
(0.921845 0.820035 -1.51196e-19)
(1.1311 1.02994 6.91784e-21)
(1.175 1.07847 6.06003e-20)
(1.1472 1.08234 0)
(1.08785 1.05007 -5.1665e-20)
(1.01351 1.01074 -1.96858e-19)
(0.937196 0.967884 -2.10804e-21)
(0.851414 0.921462 -5.511e-19)
(0.756497 0.867727 -7.95836e-20)
(0.661427 0.806954 7.39209e-20)
(0.580016 0.742421 8.74009e-19)
(0.50965 0.66798 9.69381e-19)
(0.452002 0.566657 1.68433e-19)
(0.377252 0.444611 8.59591e-19)
(0.277233 0.255505 0)
(0.150581 0.0793311 0)
(-0.00893249 0.180308 6.94012e-19)
(-0.0786873 0.629943 -2.74931e-20)
(0.00926882 1.54339 -8.60668e-19)
(0.419169 0.396328 1.8534e-19)
(0.916659 0.84301 4.26473e-19)
(1.12123 1.05579 -5.89416e-19)
(1.16317 1.10426 2.99707e-19)
(1.13492 1.10725 -1.03331e-20)
(1.07561 1.07443 -2.39958e-21)
(1.00147 1.03515 0)
(0.924797 0.992522 -4.71993e-19)
(0.837944 0.946498 0)
(0.741787 0.89377 1.11875e-18)
(0.644084 0.83426 -9.05574e-20)
(0.557881 0.769404 1.01543e-19)
(0.485024 0.698437 1.11598e-18)
(0.397107 0.600357 -3.6601e-19)
(0.286427 0.429684 -4.36465e-19)
(0.185791 0.30615 0)
(0.0763 0.467111 0)
(0.0246942 1.35598 0)
(0.0712297 2.47184 -3.93925e-19)
(0.0978382 2.91482 -2.43246e-19)
(0.417688 0.407031 0)
(0.909564 0.86127 0)
(1.1107 1.07736 2.14633e-19)
(1.15181 1.12781 -2.43902e-19)
(1.12318 1.13169 1.12628e-19)
(1.06359 1.09872 1.10899e-20)
(0.989329 1.05914 2.57831e-20)
(0.912598 1.0164 -2.00738e-20)
(0.825333 0.970756 7.82331e-20)
(0.72723 0.918604 -1.28399e-18)
(0.62582 0.860828 1.63931e-19)
(0.533885 0.800936 8.78308e-19)
(0.44371 0.727246 -1.11129e-18)
(0.35956 0.609038 -1.22723e-18)
(0.264843 0.487021 4.12284e-19)
(0.181888 0.630862 0)
(0.114396 1.58297 5.62486e-19)
(0.118875 2.69992 6.08389e-19)
(0.126332 3.09015 -6.79776e-19)
(0.118967 3.22324 7.24877e-19)
(0.416719 0.41745 0)
(0.904891 0.881977 3.73909e-19)
(1.10159 1.10064 -5.37857e-20)
(1.14084 1.15094 3.38031e-19)
(1.11175 1.15408 -1.18221e-19)
(1.05223 1.12085 0)
(0.978221 1.08169 0)
(0.901213 1.03968 0)
(0.813052 0.995076 4.38193e-19)
(0.713969 0.94487 5.90391e-20)
(0.609851 0.889829 0)
(0.512724 0.830454 -8.72929e-19)
(0.42631 0.762273 0)
(0.304227 0.654724 8.78027e-19)
(0.200893 0.705177 -5.94883e-19)
(0.146334 1.46553 -4.76886e-19)
(0.150098 2.68665 -1.09952e-18)
(0.173411 3.12619 -5.77992e-19)
(0.164021 3.26561 -7.78088e-19)
(0.150991 3.30582 5.69631e-19)
(0.415114 0.426836 -1.30227e-19)
(0.898195 0.897741 1.49286e-20)
(1.09176 1.11943 -5.96761e-20)
(1.13041 1.17184 -2.61955e-19)
(1.10094 1.17615 0)
(1.04115 1.14312 0)
(0.966995 1.10401 0)
(0.889986 1.0623 3.32824e-20)
(0.801623 1.0186 -5.5419e-19)
(0.700865 0.969671 0)
(0.593917 0.917153 0)
(0.493923 0.865419 0)
(0.382508 0.79284 0)
(0.308847 0.746832 6.44439e-19)
(0.266558 1.14342 1.58157e-18)
(0.239854 2.39814 4.64804e-19)
(0.256485 3.08181 9.30899e-19)
(0.251138 3.27931 -7.13138e-19)
(0.202825 3.34473 2.61294e-19)
(0.171058 3.35785 0)
(0.413976 0.436086 1.33852e-19)
(0.893874 0.916916 -8.28192e-19)
(1.08322 1.14107 -2.23309e-19)
(1.12008 1.19321 -4.94617e-20)
(1.09016 1.19685 2.74417e-20)
(1.03049 1.16374 -1.06761e-19)
(0.956676 1.12531 -1.14325e-21)
(0.879514 1.08467 -3.65477e-19)
(0.790451 1.0425 0)
(0.689222 0.996289 -7.55702e-20)
(0.580452 0.947868 6.87469e-20)
(0.475226 0.895482 0)
(0.381852 0.836636 0)
(0.321065 0.937997 -8.07381e-19)
(0.267161 1.85278 1.00977e-19)
(0.263588 2.94473 -3.49582e-19)
(0.2882 3.28259 7.3087e-19)
(0.259698 3.38081 5.24618e-19)
(0.195109 3.40535 -7.10212e-19)
(0.170688 3.41545 3.50625e-19)
(0.411902 0.445593 2.62312e-19)
(0.886553 0.931906 8.06078e-19)
(1.07291 1.15921 2.68591e-19)
(1.10946 1.21377 0)
(1.07927 1.21882 0)
(1.0194 1.18602 8.28505e-20)
(0.945506 1.1477 5.63843e-20)
(0.868539 1.10748 3.25493e-19)
(0.779644 1.0664 2.14828e-20)
(0.677242 1.02186 9.63238e-19)
(0.567044 0.976241 -1.14676e-18)
(0.456493 0.929059 0)
(0.378262 0.913536 0)
(0.333528 1.31224 -5.5068e-19)
(0.329735 2.49488 -6.61445e-19)
(0.374165 3.19486 0)
(0.399121 3.36329 -7.39164e-19)
(0.328512 3.42611 5.0148e-20)
(0.26014 3.47157 3.42241e-19)
(0.238009 3.497 -1.11818e-19)
(0.410128 0.455418 -4.98503e-19)
(0.881614 0.953138 -3.86755e-19)
(1.06329 1.18308 0)
(1.0979 1.23678 0)
(1.06734 1.24079 0)
(1.0078 1.20769 0)
(0.934552 1.16998 -6.77388e-20)
(0.857726 1.13082 2.83744e-19)
(0.768476 1.09135 0)
(0.666516 1.04988 -8.76765e-19)
(0.556109 1.00896 2.058e-18)
(0.446224 0.969813 8.43406e-20)
(0.395679 1.03513 1.13569e-19)
(0.385236 1.74366 8.97234e-19)
(0.396227 2.90169 -4.82758e-19)
(0.435898 3.31458 0)
(0.419063 3.43617 2.07767e-19)
(0.333347 3.52518 9.11894e-20)
(0.25944 3.58922 1.48465e-19)
(0.183986 3.56868 -1.43476e-20)
(0.407131 0.465798 2.36874e-19)
(0.872329 0.969034 -3.9396e-19)
(1.05097 1.20242 0)
(1.08566 1.25893 -7.24374e-20)
(1.05496 1.26454 2.49858e-19)
(0.995371 1.23163 0)
(0.922234 1.1938 0)
(0.845969 1.15488 -4.91898e-19)
(0.757486 1.11636 -5.5914e-20)
(0.655186 1.07653 8.59901e-19)
(0.541867 1.03771 -9.77699e-19)
(0.450692 1.01852 5.74342e-19)
(0.411491 1.22282 0)
(0.420069 2.18694 -4.75771e-19)
(0.46236 3.14318 3.12002e-19)
(0.527152 3.41669 1.9603e-19)
(0.518282 3.51222 0)
(0.455805 3.59407 -3.67247e-20)
(0.386856 3.63392 -4.0912e-19)
(0.30649 3.60599 -9.62904e-20)
(0.40442 0.476353 -4.70866e-19)
(0.866256 0.993294 5.63879e-19)
(1.03969 1.22952 3.91588e-19)
(1.07222 1.28427 -9.74151e-20)
(1.04123 1.28824 -3.81367e-19)
(0.982259 1.2547 0)
(0.910202 1.2173 1.98683e-20)
(0.834475 1.17929 1.77344e-19)
(0.746098 1.14232 2.91198e-20)
(0.645251 1.10547 -7.42873e-19)
(0.532723 1.07322 -5.17133e-20)
(0.452022 1.08047 -6.47931e-19)
(0.447933 1.45592 7.113e-19)
(0.492352 2.5525 1.56606e-19)
(0.557993 3.30346 -2.75748e-19)
(0.610422 3.46756 1.4472e-19)
(0.569739 3.51813 0)
(0.512599 3.52207 0)
(0.420081 3.48535 -6.79669e-19)
(0.193011 3.27573 1.2546e-18)
(0.399889 0.487289 2.25269e-19)
(0.854358 1.01008 5.54889e-19)
(1.02497 1.24999 -3.99366e-19)
(1.05812 1.30802 3.55101e-19)
(1.02718 1.31372 3.97437e-19)
(0.96842 1.28017 0)
(0.896767 1.24236 -1.24261e-20)
(0.822071 1.20437 1.41325e-19)
(0.735192 1.16803 0)
(0.635038 1.13248 0)
(0.528256 1.10521 0)
(0.462307 1.15881 0)
(0.488338 1.69683 -8.02882e-19)
(0.549937 2.86049 -2.09024e-19)
(0.626397 3.38938 0)
(0.66943 3.47965 -2.57422e-20)
(0.667316 3.4852 0)
(0.74472 3.32563 1.39938e-19)
(0.839999 2.9557 -1.76975e-18)
(0.447393 2.57349 1.85704e-18)
(0.396058 0.497651 -4.56585e-19)
(0.846651 1.03762 -3.55615e-19)
(1.01165 1.28081 -2.64558e-19)
(1.04248 1.33596 -3.32085e-19)
(1.01138 1.3393 -1.93461e-19)
(0.953637 1.30472 0)
(0.883633 1.26713 1.95821e-21)
(0.809969 1.22977 -4.0249e-20)
(0.723753 1.19477 -2.20766e-19)
(0.626362 1.16198 0)
(0.522915 1.14428 5.12453e-20)
(0.477427 1.25434 -5.82518e-20)
(0.534863 1.95277 0)
(0.624925 3.08041 2.72424e-19)
(0.716896 3.43064 0)
(0.747243 3.46645 -9.9161e-20)
(0.74983 3.37537 2.73484e-19)
(0.743645 2.99348 -1.3809e-19)
(0.49831 1.98247 2.72307e-19)
(-0.341051 0.492688 -6.61443e-19)
(0.388442 0.508745 -1.30013e-20)
(0.831042 1.05499 -1.81325e-19)
(0.993711 1.30234 3.64672e-19)
(1.0259 1.36171 -1.98472e-20)
(0.995103 1.36712 -6.09418e-20)
(0.937877 1.33252 0)
(0.868568 1.29435 7.51612e-20)
(0.796438 1.25703 -6.90949e-20)
(0.712537 1.22256 3.95387e-19)
(0.613915 1.19065 -4.97605e-19)
(0.525925 1.18278 -6.02495e-19)
(0.502696 1.37171 0)
(0.589513 2.25964 4.03556e-19)
(0.688212 3.21468 -5.6829e-20)
(0.762319 3.41149 2.7535e-20)
(0.769005 3.40052 0)
(0.699131 3.16904 -1.43908e-19)
(0.529658 2.39415 1.51483e-19)
(0.100446 0.620756 -1.79703e-19)
(-0.247968 -0.392145 -1.65354e-19)
(0.3832 0.51899 4.2804e-19)
(0.820923 1.08589 -1.7743e-19)
(0.977502 1.33764 2.56296e-19)
(1.00724 1.3931 1.9804e-19)
(0.976427 1.39554 1.22218e-19)
(0.920697 1.35972 2.35454e-19)
(0.853721 1.32187 -1.64365e-19)
(0.783178 1.28509 3.9347e-21)
(0.70045 1.25207 -2.86223e-19)
(0.60508 1.22399 3.37694e-20)
(0.527199 1.23256 9.79837e-20)
(0.530845 1.5199 -3.96783e-19)
(0.639892 2.52036 1.08353e-19)
(0.7497 3.28584 -2.15106e-19)
(0.813487 3.38555 3.67378e-20)
(0.788732 3.30494 7.72769e-20)
(0.660844 2.85675 -2.04573e-19)
(0.403206 1.62046 1.33488e-19)
(0.0591487 0.0487906 0)
(-0.0795453 -0.157574 -2.89878e-19)
(0.371146 0.527352 0)
(0.800229 1.10267 -6.71689e-19)
(0.955406 1.35964 2.37336e-20)
(0.987577 1.42086 -3.26621e-19)
(0.9574 1.42593 0)
(0.902667 1.39019 -1.74048e-19)
(0.836778 1.35165 1.62913e-19)
(0.768403 1.31517 -3.68086e-21)
(0.689032 1.28272 1.98467e-19)
(0.597256 1.25676 3.55479e-19)
(0.532108 1.28453 4.63894e-19)
(0.56488 1.67705 4.86254e-20)
(0.697371 2.76936 -2.95904e-19)
(0.800647 3.31687 1.3497e-20)
(0.834342 3.34368 7.43118e-21)
(0.75752 3.12378 7.4623e-20)
(0.523799 2.31099 8.71452e-20)
(0.116102 0.439381 -1.03282e-19)
(-0.137923 -0.244933 0)
(-0.115411 -0.206643 0)
(0.362668 0.538537 -4.12281e-19)
(0.786204 1.13639 6.65381e-19)
(0.935488 1.39922 0)
(0.965267 1.45557 0)
(0.935286 1.45705 0)
(0.882751 1.41996 0)
(0.820052 1.3819 -8.47336e-20)
(0.753948 1.34568 -1.6173e-20)
(0.676615 1.31467 -3.59972e-20)
(0.590773 1.29346 3.71799e-20)
(0.538319 1.35034 -3.80482e-19)
(0.600648 1.86023 2.79847e-19)
(0.746733 2.9506 0)
(0.839088 3.31321 3.64501e-20)
(0.859407 3.27912 5.81164e-20)
(0.719381 2.85922 -2.25011e-20)
(0.390387 1.67627 1.02917e-19)
(0.0174436 -0.0414641 5.94527e-20)
(-0.156926 -0.201132 -2.41124e-19)
(-0.0570563 -0.137366 -2.81775e-19)
(0.346123 0.540832 2.09192e-19)
(0.759379 1.14877 3.1134e-19)
(0.908463 1.42019 -9.34961e-21)
(0.941891 1.48461 1.71606e-19)
(0.912889 1.48933 0)
(0.862156 1.45247 3.25723e-19)
(0.801019 1.41351 -6.7934e-20)
(0.737842 1.37789 1.96284e-20)
(0.663629 1.34738 -3.60247e-20)
(0.584969 1.33017 2.66212e-20)
(0.549584 1.41998 2.57089e-19)
(0.641891 2.06799 -1.26917e-19)
(0.796781 3.07448 -1.11136e-19)
(0.874829 3.30752 1.96431e-21)
(0.855038 3.17862 -3.06397e-20)
(0.620486 2.50311 1.3902e-19)
(0.187805 0.704272 -7.74492e-20)
(-0.0844218 -0.269836 1.14754e-19)
(-0.12801 -0.221555 -3.51628e-19)
(-0.0601226 -0.122265 2.45977e-19)
(0.330657 0.548953 -1.95678e-19)
(0.738058 1.18144 0)
(0.884243 1.4628 -2.28786e-19)
(0.915071 1.522 -3.30654e-19)
(0.886566 1.52249 0)
(0.839128 1.48432 -2.54099e-19)
(0.782039 1.44607 0)
(0.721827 1.41012 -1.25189e-19)
(0.648854 1.38082 -1.63703e-20)
(0.581222 1.37081 6.13633e-20)
(0.561926 1.50411 -1.21975e-19)
(0.683038 2.26968 7.03168e-20)
(0.83475 3.14175 1.75644e-19)
(0.899867 3.27488 1.10696e-20)
(0.838124 3.02613 -3.13561e-20)
(0.52493 2.06897 -4.76911e-20)
(0.0733136 0.115847 1.22877e-19)
(-0.184024 -0.250352 -1.36243e-19)
(-0.105494 -0.210052 4.72053e-22)
(-0.053348 -0.0762453 -2.57423e-20)
(0.30735 0.543904 3.88523e-19)
(0.70441 1.18721 -2.97809e-19)
(0.851654 1.48008 2.42823e-19)
(0.88687 1.55095 1.59161e-19)
(0.860095 1.5555 2.83414e-20)
(0.815673 1.51772 1.58777e-19)
(0.760515 1.47818 0)
(0.704215 1.44318 -3.84167e-20)
(0.634964 1.4152 0)
(0.576403 1.41131 -5.73903e-20)
(0.577605 1.59082 1.21356e-19)
(0.72376 2.44973 -2.58433e-21)
(0.874601 3.1856 -5.78214e-20)
(0.919942 3.24182 3.70968e-20)
(0.800181 2.8397 -1.24684e-20)
(0.371408 1.50265 6.27989e-20)
(-0.0497964 -0.132255 -1.86692e-19)
(-0.227245 -0.251921 -1.05704e-19)
(-0.124102 -0.248776 -4.00363e-20)
(-0.0747008 -0.089203 1.91445e-19)
(0.284867 0.542885 4.24445e-21)
(0.676085 1.21591 1.52437e-19)
(0.821721 1.52233 0)
(0.854105 1.58926 2.989e-19)
(0.829077 1.58959 -4.26872e-19)
(0.789192 1.55064 1.60165e-19)
(0.738765 1.51232 -1.07529e-19)
(0.686343 1.47607 1.05075e-19)
(0.619909 1.44955 -9.42124e-20)
(0.571954 1.45518 -1.13911e-21)
(0.592461 1.68419 2.24156e-20)
(0.764956 2.60469 4.60006e-20)
(0.897812 3.19355 3.51183e-20)
(0.923212 3.17896 -5.84377e-20)
(0.734682 2.58167 -5.80104e-20)
(0.283073 0.996193 1.10138e-19)
(-0.0463865 -0.256478 -1.07393e-19)
(-0.191929 -0.289832 7.60508e-20)
(-0.112472 -0.275828 1.99404e-21)
(-0.0814354 -0.108886 -1.6181e-19)
(0.254432 0.524125 7.21238e-19)
(0.633713 1.20889 -1.51602e-19)
(0.781815 1.53127 -4.15563e-19)
(0.820055 1.61493 3.3734e-19)
(0.798503 1.62165 -1.86875e-19)
(0.762341 1.58314 3.09362e-19)
(0.714222 1.54302 1.68185e-19)
(0.667028 1.50822 0)
(0.606765 1.48374 1.08337e-19)
(0.56541 1.49773 -1.57135e-20)
(0.608406 1.7732 -1.06814e-20)
(0.79865 2.72581 -2.92727e-21)
(0.919021 3.19472 1.78283e-20)
(0.927083 3.12201 7.89899e-21)
(0.68181 2.38988 -8.24981e-20)
(0.172194 0.456912 -2.97613e-20)
(-0.0390421 -0.271726 1.02613e-19)
(-0.112395 -0.285708 4.67561e-20)
(-0.0856848 -0.24265 1.56899e-20)
(-0.0476218 -0.103518 1.32309e-19)
(0.223623 0.504582 0)
(0.595816 1.22515 1.41069e-19)
(0.744092 1.56865 -1.8879e-19)
(0.780624 1.65033 3.26794e-19)
(0.76325 1.65433 -4.06733e-19)
(0.731652 1.61555 1.69511e-19)
(0.689258 1.57751 0)
(0.646608 1.54044 0)
(0.592289 1.51604 0)
(0.558231 1.54204 2.27467e-20)
(0.620314 1.85809 -2.13127e-20)
(0.828813 2.8138 1.74219e-20)
(0.93144 3.19106 4.57494e-20)
(0.911769 3.03834 4.34559e-20)
(0.589109 2.11613 -7.68652e-20)
(0.05207 0.116383 5.10269e-20)
(-0.127448 -0.284891 5.33072e-21)
(-0.102681 -0.287977 -1.04404e-19)
(-0.0773746 -0.201315 1.26475e-20)
(-0.0226138 -0.0650019 0)
(0.185414 0.460744 6.59616e-19)
(0.541879 1.19305 -1.31911e-19)
(0.695533 1.56233 4.51225e-21)
(0.741415 1.66902 0)
(0.728374 1.68191 -1.9564e-19)
(0.700801 1.64489 1.84504e-20)
(0.661367 1.60422 0)
(0.625061 1.56943 5.23463e-20)
(0.578171 1.54701 -4.13069e-20)
(0.550136 1.58089 0)
(0.630744 1.93203 0)
(0.845222 2.87627 -3.16833e-20)
(0.937871 3.18304 -5.46763e-20)
(0.895864 2.97327 2.4323e-21)
(0.532313 1.89789 -1.99759e-20)
(-0.0053757 -0.00879133 2.7299e-20)
(-0.160647 -0.270045 0)
(-0.130835 -0.310892 -6.06984e-20)
(-0.0861385 -0.19817 -9.52512e-20)
(-0.0197087 -0.05931 2.26377e-19)
(0.145884 0.407752 5.43718e-19)
(0.492492 1.18284 -1.2609e-19)
(0.648828 1.58638 1.79212e-19)
(0.695529 1.69639 -4.44831e-19)
(0.687568 1.70872 0)
(0.666287 1.67497 0)
(0.633217 1.63711 0)
(0.602041 1.59947 5.52594e-20)
(0.56165 1.57503 -4.3602e-20)
(0.540322 1.61739 0)
(0.633835 1.99574 0)
(0.858519 2.91225 9.53651e-20)
(0.936379 3.18216 -3.15866e-20)
(0.875881 2.89897 3.53191e-20)
(0.486619 1.7181 5.90758e-20)
(-0.00287422 -0.0497988 0)
(-0.175479 -0.295942 -1.47519e-20)
(-0.131717 -0.359813 -1.95829e-20)
(-0.0942872 -0.241111 1.81085e-19)
(-0.0157892 -0.0730823 -2.19741e-19)
(0.10195 0.323332 -5.05157e-19)
(0.424106 1.10271 1.31845e-19)
(0.590742 1.55161 3.75465e-19)
(0.65106 1.7023 2.56615e-19)
(0.647987 1.72755 -2.07743e-19)
(0.631866 1.69806 -1.38815e-19)
(0.602177 1.65711 9.56447e-20)
(0.578226 1.62285 0)
(0.545798 1.59979 0)
(0.527862 1.64271 0)
(0.630543 2.02725 -7.97341e-20)
(0.859268 2.9364 -9.07857e-20)
(0.935488 3.1863 3.0919e-20)
(0.85609 2.89977 -2.03071e-20)
(0.507668 1.67092 -2.6597e-21)
(0.0254871 0.021458 0)
(-0.16564 -0.296454 2.61781e-20)
(-0.142657 -0.399585 -1.4729e-19)
(-0.0915149 -0.285003 3.3979e-19)
(-0.00465809 -0.059111 -1.94339e-19)
(0.0519468 0.219817 5.34137e-19)
(0.359607 1.04266 -4.38808e-19)
(0.531707 1.5441 0)
(0.596723 1.71137 1.26993e-19)
(0.60286 1.74387 9.23097e-20)
(0.594371 1.72234 1.95702e-19)
(0.571176 1.68547 -8.94041e-20)
(0.551893 1.6477 0)
(0.526384 1.62157 0)
(0.512802 1.66296 -1.6056e-19)
(0.616767 2.0343 -2.29414e-21)
(0.860701 2.93956 8.01578e-20)
(0.9247 3.19395 4.67945e-20)
(0.846267 2.89672 5.28629e-20)
(0.476454 1.72086 -5.73963e-20)
(-0.0508926 0.243559 8.91238e-20)
(-0.230902 -0.24783 -6.65743e-20)
(-0.24051 -0.415261 0)
(-0.164345 -0.340738 -9.87125e-21)
(-0.0188436 -6.75307e-05 1.78249e-19)
(0.0129501 0.129588 5.45957e-19)
(0.26527 0.874321 0)
(0.461802 1.45441 0)
(0.547722 1.69291 0)
(0.559623 1.74889 7.79779e-20)
(0.556874 1.73541 -1.93575e-19)
(0.537522 1.69679 -8.80167e-20)
(0.525213 1.66274 0)
(0.506877 1.63728 0)
(0.495634 1.67298 9.89739e-20)
(0.596279 2.01056 3.29607e-20)
(0.840624 2.90733 -3.96661e-20)
(0.930558 3.19758 9.8757e-21)
(0.835159 3.00287 6.41198e-20)
(0.477973 1.82705 -1.12081e-19)
(-0.0565626 0.373808 1.932e-19)
(-0.333 -0.327491 -1.7114e-19)
(-0.337959 -0.736573 0)
(-0.333407 -0.846444 9.00903e-21)
(-0.127722 -0.521641 2.52659e-19)
(-0.00656021 0.0714191 -5.06736e-19)
(0.181808 0.729252 1.74466e-19)
(0.38777 1.37403 2.72426e-19)
(0.484694 1.66019 -1.35217e-20)
(0.512974 1.74752 -1.67808e-19)
(0.516874 1.74822 -1.09969e-19)
(0.504539 1.71829 2.47412e-19)
(0.494729 1.67906 -4.77641e-21)
(0.483006 1.6485 0)
(0.475968 1.67633 2.74035e-20)
(0.567843 1.96014 -1.52335e-20)
(0.829088 2.84101 4.27641e-20)
(0.962255 3.18245 0)
(1.00063 3.06407 -4.07258e-20)
(0.824657 2.35709 0)
(0.393265 0.978483 -5.37755e-20)
(0.00877356 -0.102526 -2.96387e-20)
(-0.259904 -0.858427 0)
(-0.297703 -1.13889 0)
(-0.177853 -1.03915 4.64319e-19)
(-0.00108845 0.0044546 4.08548e-19)
(0.0754056 0.34786 -1.53197e-19)
(0.323325 1.17059 1.22097e-19)
(0.436457 1.58921 -1.93181e-19)
(0.4671 1.72914 7.60522e-20)
(0.476002 1.744 -2.6527e-20)
(0.46946 1.72527 1.70332e-20)
(0.462656 1.68639 -3.24982e-20)
(0.456172 1.65159 -2.15729e-20)
(0.451428 1.66611 -2.14855e-20)
(0.523284 1.88152 3.4669e-21)
(0.80044 2.68131 0)
(1.00187 3.09336 -2.41325e-21)
(1.0328 3.00865 0)
(1.02522 2.6372 0)
(0.831222 1.83413 0)
(0.529899 0.834454 -6.17488e-20)
(0.178301 -0.0192117 1.96217e-19)
(0.00790324 -1.07799 -2.18139e-20)
(-0.127805 -1.25188 -7.12651e-20)
(0.00889014 -0.0455886 7.32357e-20)
(0.0152901 0.12878 6.86422e-20)
(0.205934 0.88762 -5.59259e-20)
(0.361074 1.45156 -4.28083e-20)
(0.422895 1.69163 3.46017e-20)
(0.435072 1.7415 2.47499e-20)
(0.431778 1.73408 1.76699e-20)
(0.425205 1.69458 0)
(0.422992 1.65062 -9.13044e-21)
(0.424016 1.64995 -5.71792e-21)
(0.457544 1.78136 1.56428e-20)
(0.663453 2.44722 0)
(0.909027 2.9529 1.25379e-20)
(0.952534 2.93048 -1.11771e-20)
(0.941348 2.69403 0)
(0.838321 2.19359 0)
(0.603243 1.35081 -6.66294e-21)
(0.381098 0.523505 0)
(0.192437 -0.206266 -6.76587e-21)
(0.0569413 -0.581841 0)
(-0.000568411 -0.0701144 0)
(0.0032149 -0.0185637 0)
(0.0777551 0.384676 0)
(0.281816 1.2181 0)
(0.361463 1.60284 -8.66779e-34)
(0.389937 1.72273 6.66345e-34)
(0.390183 1.73081 0)
(0.384512 1.70496 0)
(0.379118 1.64595 0)
(0.382074 1.62868 0)
(0.390909 1.70262 0)
(0.498909 2.16747 0)
(0.740804 2.81477 0)
(0.776633 2.85212 0)
(0.767905 2.73315 0)
(0.712601 2.42533 0)
(0.564283 1.83465 0)
(0.370927 1.13024 0)
(0.185313 0.449549 0)
(0.0425929 -0.0254898 0)
(-0.00497579 -0.0683689 0)
(0.0112822 -0.0959624 0)
(0.0238907 0.0965175 0)
(0.184952 0.874864 0)
(0.299636 1.46689 0)
(0.338112 1.68038 0)
(0.3452 1.72089 0)
(0.343097 1.7068 0)
(0.335659 1.64627 0)
(0.335277 1.61221 0)
(0.331439 1.65541 0)
(0.374475 1.99947 0)
(0.585756 2.69621 0)
(0.613429 2.82222 0)
(0.596557 2.7734 0)
(0.562331 2.58088 0)
(0.467586 2.15813 0)
(0.307652 1.53138 0)
(0.155331 0.910303 0)
(0.0391412 0.387645 0)
(-0.00290262 -0.080176 0)
(0.00967481 -0.135458 0)
(0.00651465 -0.0237233 0)
(0.0907395 0.562664 0)
(0.233581 1.30764 0)
(0.286176 1.63844 0)
(0.294497 1.71444 0)
(0.292634 1.70804 0)
(0.284385 1.65144 0)
(0.281786 1.60423 0)
(0.274189 1.6318 0)
(0.272865 1.90529 0)
(0.446326 2.59626 0)
(0.465785 2.8234 0)
(0.444978 2.81909 0)
(0.414963 2.71235 0)
(0.354613 2.41515 0)
(0.232097 1.87708 0)
(0.112869 1.31408 0)
(0.0240994 0.730322 0)
(-0.00222096 -0.0820845 0)
(-0.00202488 -0.14403 0)
(-0.00259361 -0.0726807 0)
(0.0326372 0.317177 0)
(0.170821 1.13668 0)
(0.228817 1.56037 0)
(0.246243 1.69594 0)
(0.245635 1.70464 0)
(0.23524 1.65827 0)
(0.228763 1.60366 0)
(0.224142 1.62494 0)
(0.193233 1.85836 0)
(0.32854 2.53064 0)
(0.348324 2.83404 0)
(0.317699 2.87131 0)
(0.290759 2.81499 0)
(0.248492 2.59971 0)
(0.16113 2.14338 0)
(0.0701924 1.60488 0)
(0.011197 0.944652 0)
(-0.00407512 -0.058648 0)
(-0.0100126 -0.134131 0)
(0.00229548 -0.101919 0)
(0.00715414 0.158353 0)
(0.118403 1.01588 0)
(0.172673 1.51293 0)
(0.193355 1.68302 0)
(0.194473 1.7034 0)
(0.185964 1.66658 0)
(0.177948 1.60957 0)
(0.181123 1.62791 0)
(0.132656 1.83435 0)
(0.232938 2.48562 0)
(0.252125 2.84615 0)
(0.219053 2.91989 0)
(0.193795 2.89527 0)
(0.164375 2.73259 0)
(0.102267 2.33634 0)
(0.0393589 1.81965 0)
(0.00195752 1.08096 0)
(-0.00394618 -0.0333332 0)
(0.000940665 -0.149306 0)
(0.0284047 -0.129262 0)
(0.0210976 0.0615293 0)
(0.088145 0.838259 0)
(0.137095 1.44345 0)
(0.146939 1.66812 0)
(0.144061 1.70258 0)
(0.137072 1.67353 0)
(0.129318 1.61873 0)
(0.141677 1.63581 0)
(0.0870238 1.8241 0)
(0.157821 2.46118 0)
(0.174639 2.86036 0)
(0.1434 2.96291 0)
(0.123261 2.95647 0)
(0.100731 2.82853 0)
(0.0580725 2.47012 0)
(0.0131094 1.95727 0)
(-0.005893 1.13069 0)
(0.00417671 -0.0505864 0)
(0.0343158 -0.228838 0)
(0.0704964 -0.197978 0)
(0.0673324 0.0311922 0)
(0.061428 0.735714 0)
(0.106253 1.40358 0)
(0.102948 1.65477 0)
(0.0968391 1.69935 0)
(0.0933858 1.67584 0)
(0.0852817 1.6257 0)
(0.105747 1.64374 0)
(0.0527712 1.81882 0)
(0.101151 2.44674 0)
(0.112629 2.87459 0)
(0.0868046 2.99827 0)
(0.0696473 3.00533 0)
(0.0553489 2.89583 0)
(0.0250295 2.55967 0)
(1.96639e-05 2.04103 0)
(-0.0102826 1.12212 0)
(0.0186132 -0.17837 0)
(0.0574525 -0.383828 0)
(0.0894738 -0.276593 0)
(0.0726509 0.0676998 0)
(0.0312903 0.744814 0)
(0.0532841 1.39173 0)
(0.0398363 1.65199 0)
(0.0431872 1.69866 0)
(0.0492192 1.67517 0)
(0.0450314 1.62865 0)
(0.0718448 1.65015 0)
(0.0280879 1.81807 0)
(0.0602876 2.44228 0)
(0.0646825 2.8882 0)
(0.0439747 3.02689 0)
(0.031304 3.04207 0)
(0.0211306 2.94337 0)
(0.00198302 2.61636 0)
(-0.0171688 2.08539 0)
(-0.0125973 1.08912 0)
(0.0190779 -0.343287 0)
(0.049304 -0.477474 0)
(0.0578461 -0.292209 0)
(0.0168185 0.166784 0)
(-0.0412481 0.798805 0)
(-0.0412386 1.41123 0)
(-0.0390218 1.65471 0)
(-0.0154707 1.69373 0)
(0.00528168 1.66836 0)
(0.00801857 1.62603 0)
(0.0409772 1.65247 0)
(0.00766162 1.8181 0)
(0.0306061 2.43763 0)
(0.0288032 2.897 0)
(0.0122782 3.04665 0)
(0.00156418 3.06911 0)
(-0.00551403 2.97252 0)
(-0.0181525 2.64413 0)
(-0.0256028 2.08252 0)
(-0.0146842 1.01986 0)
(0.010021 -0.416131 0)
(0.00725154 -0.502736 0)
(-0.0262904 -0.164368 0)
(-0.0868765 0.333199 0)
(-0.148372 0.944685 0)
(-0.147354 1.43456 0)
(-0.123751 1.63509 0)
(-0.0800771 1.67504 0)
(-0.0387721 1.65353 0)
(-0.0251183 1.61489 0)
(0.0135986 1.64971 0)
(-0.00812428 1.81857 0)
(0.00752902 2.43936 0)
(0.00183656 2.90399 0)
(-0.0098926 3.06056 0)
(-0.0180238 3.08644 0)
(-0.0237915 2.98885 0)
(-0.0307021 2.65595 0)
(-0.0309958 2.0651 0)
(-0.0164542 0.931964 0)
(-0.00469401 -0.383002 0)
(-0.0418598 -0.365999 0)
(-0.1 -0.0280027 0)
(-0.153087 0.462089 0)
(-0.208634 1.02368 0)
(-0.201398 1.40519 0)
(-0.173041 1.57886 0)
(-0.123546 1.63162 0)
(-0.0729748 1.62287 0)
(-0.0531297 1.59478 0)
(-0.00859234 1.64186 0)
(-0.0226758 1.81887 0)
(-0.0100561 2.43939 0)
(-0.0179114 2.90887 0)
(-0.0259028 3.06992 0)
(-0.0321295 3.09692 0)
(-0.0350012 2.99585 0)
(-0.0392261 2.65121 0)
(-0.0335927 2.02916 0)
(-0.0146149 0.842234 0)
(-0.0131654 -0.271385 0)
(-0.0562942 -0.202885 0)
(-0.120112 0.132036 0)
(-0.176044 0.579551 0)
(-0.219055 1.05771 0)
(-0.211465 1.35652 0)
(-0.185464 1.51147 0)
(-0.140089 1.57441 0)
(-0.0924133 1.58172 0)
(-0.0701551 1.56861 0)
(-0.0234083 1.6304 0)
(-0.0336996 1.81802 0)
(-0.0240162 2.44225 0)
(-0.0316583 2.9144 0)
(-0.0362407 3.07613 0)
(-0.0393937 3.10319 0)
(-0.0413209 2.99571 0)
(-0.0417537 2.63619 0)
(-0.0328537 1.9741 0)
(-0.0111204 0.755426 0)
(-0.0131979 -0.144173 0)
(-0.0544888 -0.0260317 0)
(-0.114877 0.282501 0)
(-0.168846 0.678453 0)
(-0.201658 1.07438 0)
(-0.193109 1.31626 0)
(-0.171167 1.45347 0)
(-0.135211 1.51903 0)
(-0.0964437 1.53816 0)
(-0.0762406 1.54002 0)
(-0.030561 1.61481 0)
(-0.0417526 1.81729 0)
(-0.0328397 2.44403 0)
(-0.0398398 2.91826 0)
(-0.0430115 3.08014 0)
(-0.045059 3.10541 0)
(-0.043858 2.99152 0)
(-0.0415396 2.62144 0)
(-0.0297665 1.9211 0)
(-0.00732724 0.68269 0)
(-0.00999097 -0.0295027 0)
(-0.043771 0.131278 0)
(-0.0944256 0.416001 0)
(-0.13988 0.766044 0)
(-0.167378 1.09732 0)
(-0.16194 1.29844 0)
(-0.146346 1.41691 0)
(-0.120037 1.47803 0)
(-0.0892409 1.50155 0)
(-0.073863 1.51286 0)
(-0.033116 1.59851 0)
(-0.0456999 1.81326 0)
(-0.0381888 2.44832 0)
(-0.0442252 2.92121 0)
(-0.0458217 3.081 0)
(-0.0454335 3.10443 0)
(-0.0436792 2.98179 0)
(-0.039153 2.59192 0)
(-0.0255748 1.85834 0)
(-0.00413882 0.622268 0)
(-0.00667003 0.0569369 0)
(-0.0313251 0.257528 0)
(-0.0703657 0.526093 0)
(-0.106078 0.837849 0)
(-0.129224 1.1218 0)
(-0.12822 1.2941 0)
(-0.120298 1.3973 0)
(-0.102773 1.45273 0)
(-0.0779196 1.47639 0)
(-0.0675959 1.49193 0)
(-0.0321358 1.58425 0)
(-0.0449252 1.8127 0)
(-0.0393095 2.45066 0)
(-0.045215 2.92309 0)
(-0.0454286 3.08047 0)
(-0.0442723 3.10245 0)
(-0.0416063 2.97402 0)
(-0.0357737 2.57059 0)
(-0.0212281 1.80455 0)
(-0.00182674 0.577568 0)
(-0.00364095 0.113342 0)
(-0.0199236 0.349327 0)
(-0.0484974 0.612448 0)
(-0.0756999 0.899125 0)
(-0.0950753 1.14893 0)
(-0.097303 1.29951 0)
(-0.0956251 1.39008 0)
(-0.0854072 1.43978 0)
(-0.0661355 1.46162 0)
(-0.0608075 1.47816 0)
(-0.029835 1.57467 0)
(-0.0438429 1.81391 0)
(-0.0385735 2.45502 0)
(-0.044154 2.92411 0)
(-0.0439273 3.07884 0)
(-0.0418374 3.09754 0)
(-0.0383313 2.95796 0)
(-0.031866 2.53586 0)
(-0.0170696 1.74344 0)
(-0.000302412 0.541456 0)
(-0.00171316 0.147436 0)
(-0.0116544 0.412405 0)
(-0.0319169 0.674739 0)
(-0.0522548 0.94373 0)
(-0.0678514 1.17023 0)
(-0.0716942 1.30592 0)
(-0.0739144 1.38706 0)
(-0.0693115 1.43175 0)
(-0.0548399 1.45206 0)
(-0.0542639 1.46955 0)
(-0.026335 1.56897 0)
(-0.0407898 1.81511 0)
(-0.0365871 2.45706 0)
(-0.0421516 2.92476 0)
(-0.0415911 3.07709 0)
(-0.0392244 3.09369 0)
(-0.0355779 2.94806 0)
(-0.0286563 2.5125 0)
(-0.013606 1.69543 0)
(0.000517671 0.51735 0)
(-0.000623737 0.16593 0)
(-0.00610675 0.454134 0)
(-0.0198339 0.722182 0)
(-0.0351286 0.981513 0)
(-0.047761 1.19166 0)
(-0.0521418 1.31608 0)
(-0.0560133 1.38883 0)
(-0.0549086 1.42785 0)
(-0.0444733 1.44547 0)
(-0.047807 1.46344 0)
(-0.0235391 1.566 0)
(-0.038025 1.81986 0)
(-0.0342399 2.46134 0)
(-0.039253 2.92534 0)
(-0.0385379 3.07385 0)
(-0.0360186 3.08675 0)
(-0.0324417 2.93034 0)
(-0.0256553 2.477 0)
(-0.0107715 1.64041 0)
(0.000933161 0.496621 0)
(-9.50663e-05 0.174561 0)
(-0.00276166 0.478816 0)
(-0.0117059 0.75337 0)
(-0.0229104 1.0071 0)
(-0.0330202 1.20677 0)
(-0.0376383 1.32416 0)
(-0.0419437 1.39118 0)
(-0.04312 1.42553 0)
(-0.0347754 1.44032 0)
(-0.0412099 1.45861 0)
(-0.0201409 1.56372 0)
(-0.0349365 1.82224 0)
(-0.0320049 2.46299 0)
(-0.0368937 2.92509 0)
(-0.0359976 3.07146 0)
(-0.0337517 3.08225 0)
(-0.0303499 2.9202 0)
(-0.0235007 2.45526 0)
(-0.00867822 1.60126 0)
(0.000979187 0.484412 0)
(0.000100572 0.178026 0)
(-0.00091203 0.494094 0)
(-0.00655354 0.777432 0)
(-0.0149622 1.02979 0)
(-0.0230054 1.22245 0)
(-0.0274892 1.33429 0)
(-0.0318681 1.39628 0)
(-0.0344451 1.42633 0)
(-0.0275467 1.438 0)
(-0.0354698 1.4558 0)
(-0.0176691 1.56289 0)
(-0.0320429 1.82703 0)
(-0.0299363 2.46629 0)
(-0.0344038 2.92543 0)
(-0.0336007 3.06833 0)
(-0.0314173 3.07549 0)
(-0.0281402 2.90291 0)
(-0.0215972 2.42068 0)
(-0.00731296 1.55321 0)
(0.000888496 0.470841 0)
(0.000158597 0.178222 0)
(2.64825e-05 0.50112 0)
(-0.00327556 0.791483 0)
(-0.00952869 1.0435 0)
(-0.0159971 1.23201 0)
(-0.0202838 1.34073 0)
(-0.0243205 1.39948 0)
(-0.0281702 1.42656 0)
(-0.0217463 1.43623 0)
(-0.031241 1.45392 0)
(-0.0153475 1.56167 0)
(-0.0300053 1.82924 0)
(-0.0279712 2.46758 0)
(-0.0324772 2.92505 0)
(-0.0316878 3.06636 0)
(-0.0298418 3.07181 0)
(-0.0269033 2.8939 0)
(-0.0203211 2.4013 0)
(-0.00624189 1.52226 0)
(0.000640929 0.46365 0)
(0.000199062 0.177629 0)
(0.000484548 0.505464 0)
(-0.00143775 0.803734 0)
(-0.00613623 1.05778 0)
(-0.0112537 1.2437 0)
(-0.0152548 1.34997 0)
(-0.0190127 1.40556 0)
(-0.0236748 1.42929 0)
(-0.0180663 1.43647 0)
(-0.0279707 1.45364 0)
(-0.013065 1.5618 0)
(-0.027937 1.8344 0)
(-0.0264758 2.4712 0)
(-0.0307894 2.92589 0)
(-0.0299731 3.06411 0)
(-0.0281325 3.06601 0)
(-0.0252017 2.87754 0)
(-0.0188234 2.36786 0)
(-0.00558313 1.4798 0)
(0.000424412 0.452336 0)
(0.000202696 0.176011 0)
(0.000644929 0.506114 0)
(-0.000361725 0.809565 0)
(-0.00404541 1.06496 0)
(-0.00814157 1.24975 0)
(-0.0118879 1.35502 0)
(-0.0151427 1.40928 0)
(-0.020466 1.43123 0)
(-0.0153131 1.43686 0)
(-0.0252603 1.45355 0)
(-0.0112649 1.56211 0)
(-0.025917 1.83718 0)
(-0.0245074 2.47298 0)
(-0.0292094 2.92613 0)
(-0.0284764 3.0629 0)
(-0.026898 3.06315 0)
(-0.0242148 2.86956 0)
(-0.0177698 2.35083 0)
(-0.00490018 1.45632 0)
(0.000247112 0.447169 0)
(0.000198008 0.174698 0)
(0.000553918 0.506717 0)
(-6.56883e-05 0.816395 0)
(-0.00311451 1.07473 0)
(-0.00649018 1.25858 0)
(-0.00996503 1.36266 0)
(-0.0125865 1.41479 0)
(-0.0178885 1.43418 0)
(-0.0131461 1.43759 0)
(-0.0232306 1.45401 0)
(-0.00998963 1.56386 0)
(-0.0247763 1.84347 0)
(-0.0233928 2.47747 0)
(-0.0281849 2.92761 0)
(-0.0274401 3.06154 0)
(-0.0259941 3.05819 0)
(-0.0232367 2.8539 0)
(-0.0169827 2.31843 0)
(-0.00480847 1.41785 0)
(9.75733e-05 0.43661 0)
(0.000161673 0.173122 0)
(0.000416245 0.506382 0)
(0.000110036 0.818863 0)
(-0.00238271 1.07871 0)
(-0.0053851 1.26231 0)
(-0.00868821 1.36598 0)
(-0.0108428 1.41716 0)
(-0.0160179 1.43533 0)
(-0.0113137 1.438 0)
(-0.0214577 1.45419 0)
(-0.00874531 1.56496 0)
(-0.0232986 1.84668 0)
(-0.0220774 2.47995 0)
(-0.0273796 2.92856 0)
(-0.0268231 3.0612 0)
(-0.0257112 3.05592 0)
(-0.0230911 2.84624 0)
(-0.0164253 2.30271 0)
(-0.0041937 1.40032 0)
(5.59983e-05 0.43288 0)
(-5.97654e-05 0.173068 0)
(-3.07656e-05 0.507492 0)
(-0.000621264 0.825047 0)
(-0.00276242 1.08827 0)
(-0.00537843 1.27134 0)
(-0.00855994 1.37391 0)
(-0.0103215 1.42307 0)
(-0.0152605 1.43856 0)
(-0.010996 1.43977 0)
(-0.020995 1.45477 0)
(-0.00899209 1.56727 0)
(-0.0233449 1.85486 0)
(-0.0219559 2.48672 0)
(-0.0275238 2.93122 0)
(-0.0264372 3.06007 0)
(-0.0254516 3.04987 0)
(-0.022534 2.8264 0)
(-0.016026 2.26264 0)
(-0.00522615 1.35627 0)
(-0.000880137 0.418173 0)
(-0.233327 1.55745 1.26485e-22)
(0.392683 3.22822 1.57419e-20)
(0.0897017 3.46079 6.39454e-20)
(0.195734 3.43102 0)
(0.153534 3.38646 0)
(0.147367 3.34035 -3.73084e-19)
(0.149408 3.31373 3.81557e-19)
(0.122378 3.27304 -4.05297e-19)
(0.111324 3.18205 7.4961e-21)
(0.0928234 2.56947 5.57089e-19)
(-0.105182 2.31403 1.08677e-23)
(0.128786 3.28395 1.65173e-19)
(0.00859853 3.43462 0)
(0.0947723 3.38837 0)
(0.0699945 3.34326 1.10625e-20)
(0.0749631 3.30663 7.7344e-19)
(0.0715474 3.27714 -4.31294e-19)
(0.0483747 3.24231 -7.24057e-21)
(0.0493245 3.08546 6.90541e-21)
(0.000635747 2.08816 0)
(-0.0280755 2.06721 1.76294e-19)
(0.0838659 3.1373 -1.87139e-19)
(0.0215046 3.34328 0)
(0.0698416 3.32346 3.55993e-19)
(0.0494338 3.30254 -1.33148e-21)
(0.050263 3.2815 -4.02215e-19)
(0.0447751 3.26626 -5.00103e-19)
(0.0293796 3.2464 -2.07805e-22)
(0.0403505 3.12015 7.12048e-21)
(-0.0168798 2.2124 0)
(-0.041125 2.01328 -4.42207e-20)
(0.0267967 3.11524 0)
(-0.0149626 3.30756 -1.88394e-19)
(0.0196122 3.30661 -1.54547e-19)
(0.0149994 3.28296 1.4083e-20)
(0.0209584 3.26131 -2.6093e-19)
(0.0261138 3.24683 2.32088e-19)
(0.0209411 3.23384 -8.3545e-21)
(0.0416245 3.12603 1.1001e-20)
(0.00712361 2.25103 2.87183e-19)
(-0.0531246 2.02306 -1.45579e-19)
(0.0121658 3.08852 0)
(-0.00847008 3.26609 4.06889e-19)
(0.00984899 3.2618 -2.24789e-19)
(0.0133448 3.24811 -6.92976e-22)
(0.0160784 3.23793 -2.33051e-21)
(0.0211226 3.2332 -1.5571e-20)
(0.0216029 3.22458 -2.9697e-19)
(0.04277 3.12806 8.15516e-21)
(-0.00313542 2.3125 -6.01866e-19)
(-0.0500095 2.08258 0)
(-0.0107804 3.08519 -2.24353e-19)
(-0.028943 3.24222 1.8888e-20)
(-0.0157453 3.24663 -1.56135e-20)
(-0.00621883 3.23208 1.5988e-20)
(0.0029751 3.21957 2.65412e-19)
(0.0152286 3.21165 2.77694e-19)
(0.0207981 3.20549 5.846e-19)
(0.0426622 3.12413 3.24184e-19)
(0.0105485 2.35443 -1.67218e-20)
(-0.0513437 2.14074 0)
(-0.0202156 3.08156 2.321e-19)
(-0.0194155 3.21363 -2.43704e-19)
(-0.0118994 3.21268 -1.68756e-20)
(-0.000622897 3.20249 3.48998e-20)
(0.00728865 3.19617 3.62966e-22)
(0.0166308 3.19526 -1.87761e-20)
(0.0217588 3.19125 -3.05807e-19)
(0.0422709 3.12179 -3.15156e-19)
(0.00383641 2.41992 -1.73071e-20)
(-0.0476609 2.22758 2.68203e-19)
(-0.0287829 3.08522 -1.2461e-20)
(-0.0322676 3.19376 8.59738e-21)
(-0.0238455 3.19525 0)
(-0.0135912 3.18544 0)
(-0.00136132 3.17765 0)
(0.0129853 3.17212 0)
(0.0206091 3.16932 3.41702e-19)
(0.0412132 3.11268 -3.52001e-19)
(0.0152957 2.46397 3.47914e-19)
(-0.0464466 2.30648 2.62559e-20)
(-0.0330416 3.0846 2.86049e-19)
(-0.021188 3.16953 0)
(-0.0146537 3.16538 -1.92651e-20)
(-0.0040278 3.15771 1.97019e-20)
(0.00519395 3.15348 0)
(0.0150558 3.15391 -1.06868e-20)
(0.0207053 3.15293 -3.31638e-19)
(0.0401298 3.10935 3.53557e-19)
(0.0104172 2.53311 0)
(-0.043705 2.40325 1.60323e-20)
(-0.0358984 3.08614 -4.38809e-19)
(-0.0300742 3.14971 0)
(-0.0225268 3.14682 0)
(-0.0137087 3.13906 2.11542e-20)
(-0.00206561 3.13338 -1.786e-19)
(0.0114189 3.1293 -2.23253e-20)
(0.019152 3.12928 1.9042e-19)
(0.0385995 3.09616 0)
(0.019192 2.58107 0)
(-0.0400854 2.49068 -4.64072e-19)
(-0.0385674 3.08228 1.57271e-19)
(-0.020613 3.12431 0)
(-0.012842 3.1163 0)
(-0.00335053 3.10963 0)
(0.00551822 3.10682 3.68008e-19)
(0.0145535 3.10857 0)
(0.020149 3.11073 -2.0316e-19)
(0.0378482 3.09052 1.2559e-20)
(0.0149514 2.65385 2.12839e-19)
(-0.0376966 2.58946 1.65632e-19)
(-0.0398314 3.07576 -1.61098e-20)
(-0.0296321 3.10131 1.9314e-19)
(-0.0210731 3.095 1.8776e-19)
(-0.0124694 3.08836 0)
(-0.000744429 3.08398 -1.89182e-19)
(0.0123259 3.08154 0)
(0.020981 3.08444 0)
(0.0385517 3.07215 0)
(0.0222751 2.70642 -2.13827e-19)
(-0.0351354 2.67847 -1.75594e-19)
(-0.0429718 3.0624 1.81334e-19)
(-0.0235552 3.07218 -1.82065e-19)
(-0.0130667 3.06222 -2.87145e-19)
(-0.00279792 3.05705 0)
(0.0070836 3.05569 2.56933e-20)
(0.0168996 3.05859 -1.3115e-20)
(0.0247751 3.06321 9.78395e-20)
(0.0417192 3.06164 1.21479e-19)
(0.0208565 2.78046 -1.24996e-19)
(-0.034351 2.77296 1.80167e-19)
(-0.0461028 3.04526 -1.73742e-19)
(-0.032917 3.04586 1.23895e-20)
(-0.0209243 3.04031 7.31557e-20)
(-0.0112187 3.03618 -1.05086e-19)
(0.000316257 3.03358 0)
(0.0137256 3.03217 1.12942e-19)
(0.025621 3.03557 4.9502e-21)
(0.0446208 3.03658 -2.3518e-19)
(0.0286845 2.83262 -6.55249e-21)
(-0.0295979 2.85522 -5.15366e-20)
(-0.044251 3.02153 1.25964e-20)
(-0.0231759 3.01778 -6.53841e-20)
(-0.0111714 3.01444 2.67641e-20)
(-0.00220354 3.01413 1.28053e-19)
(0.00627288 3.01344 -5.44895e-20)
(0.0145683 3.01416 -5.42115e-20)
(0.0233395 3.0171 -5.62668e-20)
(0.0418064 3.02184 1.2083e-19)
(0.0248461 2.90033 5.90433e-20)
(-0.0176272 2.94049 4.14281e-20)
(-0.0259941 3.00082 1.83159e-20)
(-0.0161408 3.00083 3.6029e-20)
(-0.00939147 3.00162 -7.38388e-20)
(-0.00416925 3.00264 2.49549e-20)
(0.000692126 3.00215 5.07299e-20)
(0.00536596 3.00066 -5.29775e-20)
(0.010743 2.99901 -5.53105e-20)
(0.0217907 2.99714 7.49449e-21)
(0.0165204 2.94913 5.31536e-20)
)
;

boundaryField
{
    wall-4
    {
        type            noSlip;
    }
    pressure-outlet-7
    {
        type            zeroGradient;
    }
    velocity-inlet-6
    {
        type            fixedValue;
        value           uniform (0 3 0);
    }
    velocity-inlet-5
    {
        type            fixedValue;
        value           uniform (1 0 0);
    }
    frontAndBackPlanes
    {
        type            empty;
    }
}


// ************************************************************************* //
