/*--------------------------------*- C++ -*----------------------------------*\
| =========                 |                                                 |
| \\      /  F ield         | OpenFOAM: The Open Source CFD Toolbox           |
|  \\    /   O peration     | Version:  v2012                                 |
|   \\  /    A nd           | Website:  www.openfoam.com                      |
|    \\/     M anipulation  |                                                 |
\*---------------------------------------------------------------------------*/
FoamFile
{
    version     2.0;
    format      ascii;
    class       volVectorField;
    location    "70";
    object      U;
}
// * * * * * * * * * * * * * * * * * * * * * * * * * * * * * * * * * * * * * //

dimensions      [0 1 -1 0 0 0 0];


internalField   nonuniform List<vector> 
2200
(
(0.878836 -0.0304122 0)
(1.00578 -0.0512794 0)
(1.00327 -0.0353998 0)
(1.00024 -0.0244358 0)
(0.999858 -0.0166565 0)
(1.00003 -0.0107236 0)
(1.00003 -0.00683258 0)
(0.999988 -0.00417252 0)
(0.999888 -0.00218116 0)
(1.00018 -0.000650996 0)
(0.999991 0.00115627 0)
(1.00034 0.00269275 0)
(1.00038 0.00452152 0)
(1.00026 0.00712053 0)
(1.00006 0.0108399 0)
(0.999985 0.0166628 0)
(1.00032 0.024378 0)
(1.00347 0.0348687 0)
(1.00598 0.0513819 0)
(0.879045 0.030296 0)
(0.712026 -0.0327599 0)
(0.996645 -0.0630035 0)
(1.03333 -0.0561339 0)
(1.02494 -0.046408 0)
(1.01591 -0.0361035 0)
(1.00965 -0.0263627 0)
(1.00592 -0.0181176 0)
(1.00381 -0.0114377 0)
(1.00271 -0.00606004 0)
(1.00229 -0.00163841 0)
(1.00214 0.00247264 0)
(1.00215 0.00695544 0)
(1.00323 0.0123898 0)
(1.00551 0.0189317 0)
(1.00944 0.0272403 0)
(1.01555 0.0369845 0)
(1.02463 0.0474752 0)
(1.03315 0.0579899 0)
(0.996699 0.0631492 0)
(0.711785 0.033036 0)
(0.535584 -0.0238902 0)
(0.969934 -0.0569177 0)
(1.05644 -0.0547159 0)
(1.05222 -0.0487162 0)
(1.03623 -0.0403743 0)
(1.02448 -0.0321998 0)
(1.01591 -0.0239218 0)
(1.01032 -0.015995 0)
(1.00698 -0.00866864 0)
(1.00531 -0.0019089 0)
(1.00541 0.00439622 0)
(1.00727 0.0109265 0)
(1.01049 0.0177891 0)
(1.01573 0.0255216 0)
(1.02404 0.0334772 0)
(1.03606 0.0414421 0)
(1.05214 0.0494337 0)
(1.05629 0.0533222 0)
(0.969184 0.0576573 0)
(0.534335 0.0239446 0)
(0.392418 -0.0136397 0)
(0.911913 -0.0463722 0)
(1.05755 -0.0468367 0)
(1.06966 -0.0442754 0)
(1.05492 -0.0381224 0)
(1.03935 -0.0314446 0)
(1.02761 -0.0246364 0)
(1.01923 -0.0174495 0)
(1.01402 -0.0099781 0)
(1.01149 -0.00250093 0)
(1.01124 0.00513639 0)
(1.01305 0.0125065 0)
(1.01804 0.0199273 0)
(1.02654 0.0267071 0)
(1.03848 0.0331294 0)
(1.05397 0.0395685 0)
(1.06821 0.0456403 0)
(1.05546 0.0482925 0)
(0.909892 0.0469934 0)
(0.38988 0.0137789 0)
(0.307834 -0.00451061 0)
(0.846832 -0.0323613 0)
(1.04942 -0.0398942 0)
(1.07947 -0.0381177 0)
(1.06825 -0.0334355 0)
(1.05176 -0.0278007 0)
(1.03832 -0.0223969 0)
(1.02796 -0.0162786 0)
(1.02071 -0.00929967 0)
(1.01668 -0.00154547 0)
(1.01659 0.00618238 0)
(1.02059 0.0135094 0)
(1.02757 0.0197678 0)
(1.03733 0.0254992 0)
(1.05019 0.0304467 0)
(1.06663 0.0357842 0)
(1.07767 0.0401322 0)
(1.04719 0.0417979 0)
(0.842859 0.0330057 0)
(0.303639 0.00474362 0)
(0.264483 0.00010575 0)
(0.789281 -0.0200452 0)
(1.03365 -0.03141 0)
(1.08378 -0.0319659 0)
(1.07744 -0.0286743 0)
(1.06092 -0.0237855 0)
(1.04736 -0.0192731 0)
(1.03663 -0.0142106 0)
(1.029 -0.00820393 0)
(1.02463 -0.00129274 0)
(1.02408 0.00620554 0)
(1.02722 0.0129529 0)
(1.03426 0.0188072 0)
(1.04493 0.0232668 0)
(1.0586 0.0271944 0)
(1.07485 0.0315793 0)
(1.08027 0.0343054 0)
(1.02911 0.0333911 0)
(0.782448 0.0207701 0)
(0.258589 0.000127069 0)
(0.240561 0.00107182 0)
(0.738632 -0.0122577 0)
(1.01382 -0.0249323 0)
(1.0841 -0.0266803 0)
(1.08312 -0.0243644 0)
(1.06792 -0.0201789 0)
(1.05429 -0.0161682 0)
(1.04324 -0.0115578 0)
(1.03481 -0.00605487 0)
(1.02966 0.000450992 0)
(1.02935 0.00706305 0)
(1.03391 0.0128778 0)
(1.04164 0.0174033 0)
(1.05175 0.0214107 0)
(1.06467 0.0247831 0)
(1.07937 0.0282254 0)
(1.07984 0.0297821 0)
(1.0074 0.0272933 0)
(0.728631 0.013168 0)
(0.232883 -0.000831681 0)
(0.226341 0.000965615 0)
(0.696014 -0.00800315 0)
(0.99354 -0.0206591 0)
(1.08257 -0.0229913 0)
(1.08708 -0.0211267 0)
(1.07353 -0.0175797 0)
(1.06011 -0.0137482 0)
(1.04964 -0.00949284 0)
(1.0419 -0.00456421 0)
(1.0371 0.00104018 0)
(1.03606 0.00707719 0)
(1.03901 0.0124934 0)
(1.04565 0.0169401 0)
(1.05571 0.0202641 0)
(1.06913 0.0232337 0)
(1.08184 0.0259328 0)
(1.07547 0.0269072 0)
(0.983034 0.0235324 0)
(0.681422 0.00916561 0)
(0.216381 -0.000704926 0)
(0.216787 0.000627838 0)
(0.660592 -0.0056338 0)
(0.972905 -0.017539 0)
(1.0797 -0.0200877 0)
(1.09042 -0.0184611 0)
(1.07841 -0.0152304 0)
(1.06499 -0.0115191 0)
(1.05437 -0.00721999 0)
(1.04614 -0.00232593 0)
(1.04075 0.00313771 0)
(1.04006 0.00849614 0)
(1.04391 0.0130249 0)
(1.05075 0.0165904 0)
(1.06005 0.0198738 0)
(1.07242 0.0225654 0)
(1.08327 0.0247363 0)
(1.07075 0.0251391 0)
(0.958925 0.0211169 0)
(0.641207 0.00711375 0)
(0.204213 -0.000328205 0)
(0.209749 0.000305161 0)
(0.632379 -0.00416452 0)
(0.954397 -0.0148861 0)
(1.07693 -0.0177629 0)
(1.09376 -0.0164112 0)
(1.08322 -0.013487 0)
(1.06973 -0.00985837 0)
(1.05929 -0.00581496 0)
(1.05168 -0.00115047 0)
(1.04687 0.00387717 0)
(1.0452 0.00903386 0)
(1.04723 0.0135958 0)
(1.05302 0.0173875 0)
(1.06238 0.0200681 0)
(1.07543 0.0224266 0)
(1.08424 0.0240923 0)
(1.06356 0.0240433 0)
(0.933928 0.0192718 0)
(0.606039 0.00598592 0)
(0.193657 5.03504e-05 0)
(0.203953 9.3511e-05 0)
(0.609124 -0.00310411 0)
(0.936434 -0.0124421 0)
(1.07369 -0.0154038 0)
(1.097 -0.0141883 0)
(1.08792 -0.0113236 0)
(1.07445 -0.00769196 0)
(1.06369 -0.00349977 0)
(1.05537 0.00130858 0)
(1.04963 0.00642119 0)
(1.04818 0.0111372 0)
(1.05107 0.0150843 0)
(1.05706 0.0180535 0)
(1.06594 0.0207746 0)
(1.07775 0.0228303 0)
(1.08444 0.0240435 0)
(1.05674 0.0232741 0)
(0.909938 0.0177719 0)
(0.575536 0.00534966 0)
(0.183917 0.000333616 0)
(0.199559 2.00141e-05 0)
(0.591302 -0.00222526 0)
(0.921422 -0.0100937 0)
(1.07111 -0.0131997 0)
(1.10061 -0.0121021 0)
(1.09295 -0.00937623 0)
(1.07925 -0.00578472 0)
(1.06821 -0.00188369 0)
(1.05989 0.00256205 0)
(1.05448 0.00748569 0)
(1.05202 0.0125829 0)
(1.05321 0.0166415 0)
(1.05844 0.0197947 0)
(1.06748 0.0216932 0)
(1.08002 0.0233707 0)
(1.0841 0.0241687 0)
(1.04738 0.0228198 0)
(0.885016 0.0166163 0)
(0.547555 0.00499138 0)
(0.174304 0.000504861 0)
(0.196041 3.59438e-05 0)
(0.576701 -0.00151205 0)
(0.906974 -0.00796379 0)
(1.06827 -0.0108499 0)
(1.10413 -0.00969614 0)
(1.09796 -0.00687634 0)
(1.08432 -0.00323404 0)
(1.07298 0.000943734 0)
(1.06409 0.00584448 0)
(1.05758 0.0110484 0)
(1.05491 0.0153163 0)
(1.05669 0.0187936 0)
(1.06203 0.0211293 0)
(1.07049 0.0231214 0)
(1.08128 0.0243451 0)
(1.08323 0.0247185 0)
(1.03808 0.0227483 0)
(0.860651 0.0158213 0)
(0.521993 0.00484991 0)
(0.164943 0.000594716 0)
(0.194118 7.41154e-05 0)
(0.566583 -0.000687692 0)
(0.896079 -0.0057238 0)
(1.06635 -0.00833821 0)
(1.10801 -0.00700975 0)
(1.10323 -0.00407923 0)
(1.08943 -0.000264958 0)
(1.07766 0.00368582 0)
(1.06822 0.00806523 0)
(1.06122 0.0126608 0)
(1.05764 0.0175638 0)
(1.05811 0.0211738 0)
(1.06263 0.023508 0)
(1.07141 0.0246309 0)
(1.08241 0.0255733 0)
(1.08106 0.0254624 0)
(1.02588 0.0229424 0)
(0.834873 0.0153531 0)
(0.497121 0.00480146 0)
(0.155466 0.000627294 0)
(0.193385 0.000108307 0)
(0.559283 -0.0001703 0)
(0.886121 -0.00371238 0)
(1.06484 -0.00585871 0)
(1.11216 -0.00431249 0)
(1.10887 -0.00117196 0)
(1.09512 0.00272898 0)
(1.08292 0.00709425 0)
(1.07295 0.0121272 0)
(1.06547 0.0176605 0)
(1.06121 0.0218067 0)
(1.06135 0.0244573 0)
(1.06583 0.026088 0)
(1.07379 0.0272812 0)
(1.08219 0.0275898 0)
(1.07835 0.0270098 0)
(1.01348 0.0237182 0)
(0.809083 0.0153002 0)
(0.473208 0.00489566 0)
(0.146061 0.000654949 0)
(0.194072 7.52267e-05 0)
(0.555393 0.000916394 0)
(0.880047 -0.00144904 0)
(1.06449 -0.00295797 0)
(1.11676 -0.000978693 0)
(1.11466 0.0024684 0)
(1.10069 0.00685095 0)
(1.08805 0.0114028 0)
(1.07736 0.0161893 0)
(1.06827 0.0206477 0)
(1.06275 0.024954 0)
(1.06196 0.027862 0)
(1.06535 0.0292849 0)
(1.07352 0.0297637 0)
(1.08213 0.0299735 0)
(1.07351 0.0288279 0)
(0.997692 0.0246939 0)
(0.781367 0.0155407 0)
(0.448781 0.00505214 0)
(0.13629 0.000668346 0)
(0.196354 0.000311881 0)
(0.55589 0.0015909 0)
(0.875858 0.000949867 0)
(1.0656 0.000300367 0)
(1.12213 0.00261482 0)
(1.12128 0.00634647 0)
(1.10727 0.0108338 0)
(1.09389 0.0157869 0)
(1.08227 0.0211943 0)
(1.07294 0.0269794 0)
(1.06683 0.0311037 0)
(1.06492 0.0332247 0)
(1.06784 0.0339854 0)
(1.075 0.0343709 0)
(1.08006 0.033477 0)
(1.06788 0.0315848 0)
(0.981298 0.0264804 0)
(0.752783 0.0162241 0)
(0.424057 0.00537518 0)
(0.126242 0.000699401 0)
(0.200731 0.000685101 0)
(0.55889 0.00244023 0)
(0.876616 0.00359634 0)
(1.06833 0.00371719 0)
(1.12828 0.00680558 0)
(1.12835 0.0109913 0)
(1.11392 0.016263 0)
(1.10009 0.0217895 0)
(1.08789 0.0275348 0)
(1.07658 0.0325189 0)
(1.0679 0.0359537 0)
(1.06485 0.0378738 0)
(1.06653 0.0386558 0)
(1.07297 0.0381197 0)
(1.07852 0.0374816 0)
(1.05991 0.0348121 0)
(0.960729 0.0284239 0)
(0.72132 0.017228 0)
(0.39766 0.00575899 0)
(0.115452 0.000717099 0)
(0.207539 0.000906939 0)
(0.566489 0.00363366 0)
(0.881034 0.00606392 0)
(1.07356 0.00807182 0)
(1.13542 0.0117176 0)
(1.13644 0.016539 0)
(1.12166 0.0221707 0)
(1.10671 0.02822 0)
(1.09269 0.0343673 0)
(1.07991 0.0401808 0)
(1.07119 0.0448261 0)
(1.06689 0.0462091 0)
(1.06783 0.0458811 0)
(1.07345 0.0449881 0)
(1.07392 0.0428347 0)
(1.05029 0.0390657 0)
(0.938833 0.0314512 0)
(0.687871 0.0186826 0)
(0.369758 0.0062705 0)
(0.104028 0.000743344 0)
(0.216043 0.00106695 0)
(0.577498 0.00487523 0)
(0.889235 0.0091249 0)
(1.08146 0.0124564 0)
(1.14421 0.017333 0)
(1.14568 0.023034 0)
(1.13001 0.0297926 0)
(1.1141 0.0366274 0)
(1.09931 0.0436564 0)
(1.08518 0.0496441 0)
(1.07251 0.0526256 0)
(1.0661 0.0531738 0)
(1.06513 0.0529163 0)
(1.06895 0.0509921 0)
(1.07048 0.0490284 0)
(1.03789 0.0442323 0)
(0.911213 0.0346093 0)
(0.649805 0.0204087 0)
(0.338933 0.00679368 0)
(0.0915687 0.000755015 0)
(0.228869 0.00142454 0)
(0.59682 0.00685069 0)
(0.905122 0.0137125 0)
(1.09299 0.0190157 0)
(1.15481 0.0245191 0)
(1.15646 0.0312107 0)
(1.13972 0.0387147 0)
(1.12211 0.0464077 0)
(1.10457 0.0536849 0)
(1.08717 0.0597359 0)
(1.07342 0.0633227 0)
(1.06662 0.0642045 0)
(1.06524 0.062694 0)
(1.06837 0.0602919 0)
(1.06249 0.056756 0)
(1.02248 0.0501307 0)
(0.881207 0.038965 0)
(0.608639 0.0224798 0)
(0.305783 0.007333 0)
(0.0783929 0.00075494 0)
(0.244712 0.00200976 0)
(0.620445 0.00864229 0)
(0.926444 0.0181415 0)
(1.10872 0.0257771 0)
(1.16772 0.0333709 0)
(1.16893 0.0412796 0)
(1.15038 0.0501733 0)
(1.13075 0.0588436 0)
(1.11136 0.0671694 0)
(1.09223 0.0736811 0)
(1.0756 0.0768119 0)
(1.06499 0.0755093 0)
(1.06081 0.0732102 0)
(1.06106 0.0696514 0)
(1.05589 0.0652987 0)
(1.00353 0.0575537 0)
(0.843349 0.043289 0)
(0.560422 0.0245925 0)
(0.268712 0.00774842 0)
(0.0641974 0.000733955 0)
(0.26705 0.00283314 0)
(0.653722 0.0124812 0)
(0.955499 0.0250268 0)
(1.12899 0.0354534 0)
(1.18357 0.0440767 0)
(1.18357 0.0540577 0)
(1.16272 0.0642322 0)
(1.14041 0.0740253 0)
(1.11751 0.0825962 0)
(1.09414 0.0884794 0)
(1.07388 0.0901535 0)
(1.06274 0.088776 0)
(1.05899 0.086044 0)
(1.05865 0.0819435 0)
(1.04334 0.0759328 0)
(0.979312 0.0653975 0)
(0.801205 0.0488185 0)
(0.508162 0.0268422 0)
(0.229397 0.00802423 0)
(0.049705 0.00071122 0)
(0.298774 0.00378015 0)
(0.699982 0.0156407 0)
(0.995566 0.0333928 0)
(1.15601 0.0472927 0)
(1.20285 0.0589734 0)
(1.20018 0.0710197 0)
(1.17555 0.0829002 0)
(1.14964 0.0934731 0)
(1.12333 0.102178 0)
(1.09703 0.107437 0)
(1.07464 0.108421 0)
(1.06046 0.105528 0)
(1.05245 0.100406 0)
(1.04802 0.0942183 0)
(1.0312 0.0869372 0)
(0.950399 0.0745734 0)
(0.748424 0.0536064 0)
(0.445961 0.0283441 0)
(0.186064 0.00786483 0)
(0.0346434 0.000604525 0)
(0.335609 0.00715891 0)
(0.758164 0.02506 0)
(1.04457 0.0469408 0)
(1.18875 0.0653915 0)
(1.22628 0.0786412 0)
(1.21935 0.0937147 0)
(1.19024 0.106467 0)
(1.16032 0.117107 0)
(1.12962 0.124891 0)
(1.09867 0.128657 0)
(1.07194 0.127398 0)
(1.05516 0.122048 0)
(1.04811 0.116434 0)
(1.04283 0.109952 0)
(1.01207 0.100315 0)
(0.912701 0.0836968 0)
(0.688719 0.0591883 0)
(0.381014 0.0297924 0)
(0.143008 0.00751799 0)
(0.0211531 0.000568526 0)
(0.416415 0.0108761 0)
(0.846616 0.0357898 0)
(1.11248 0.0680083 0)
(1.23003 0.0908318 0)
(1.25392 0.10714 6.11596e-34)
(1.23981 0.124371 -2.76582e-34)
(1.20401 0.13734 0)
(1.16873 0.146981 0)
(1.13323 0.153103 0)
(1.09828 0.154218 0)
(1.06883 0.149791 0)
(1.05103 0.142782 0)
(1.03969 0.134666 0)
(1.02761 0.125002 0)
(0.990962 0.11313 0)
(0.868402 0.093238 0)
(0.61517 0.0625293 0)
(0.301855 0.0287215 0)
(0.094392 0.00683168 0)
(0.00668195 0.000725287 0)
(0.488176 0.0260614 4.43665e-20)
(0.949066 0.0606924 -3.36436e-20)
(1.18238 0.102642 0)
(1.27156 0.130113 2.62995e-20)
(1.2828 0.14634 -2.13265e-20)
(1.25919 0.165177 2.91822e-34)
(1.21664 0.176027 0)
(1.17651 0.183405 1.56283e-20)
(1.13603 0.186547 -5.13605e-20)
(1.09609 0.184608 1.05074e-20)
(1.06301 0.178079 0)
(1.04086 0.168006 -2.67867e-20)
(1.02967 0.157693 -3.2292e-20)
(1.01579 0.147664 5.65913e-20)
(0.953958 0.131507 -4.46964e-20)
(0.794858 0.102893 0)
(0.508768 0.0643666 -1.60521e-20)
(0.209439 0.0263158 0)
(0.0460446 0.0064291 -8.88089e-20)
(-0.00873075 0.000290087 1.04664e-19)
(0.524815 0.0542535 -5.87831e-21)
(1.01639 0.10305 9.85348e-20)
(1.23584 0.153858 -4.91481e-21)
(1.30684 0.178318 -6.34129e-20)
(1.30877 0.195768 -4.49604e-20)
(1.27617 0.212948 7.31397e-20)
(1.22705 0.221244 0)
(1.18103 0.225955 0)
(1.13511 0.226814 8.14758e-20)
(1.09069 0.222197 0)
(1.05317 0.211424 9.62597e-20)
(1.02986 0.198388 2.87428e-20)
(1.01313 0.187411 6.05866e-22)
(0.983851 0.17246 -6.12218e-20)
(0.909196 0.150406 0)
(0.722425 0.115237 0)
(0.421897 0.0655097 -2.60805e-19)
(0.148091 0.0234006 6.55861e-19)
(0.0129301 0.00420743 -3.87658e-19)
(-0.0200971 -0.00153175 -4.56543e-19)
(0.531735 0.0780986 -5.18536e-20)
(1.04943 0.160002 2.03844e-20)
(1.27028 0.213855 1.15858e-20)
(1.33359 0.237464 1.10035e-19)
(1.32853 0.254261 1.46736e-20)
(1.28851 0.266798 -1.89932e-19)
(1.23393 0.270661 6.50123e-20)
(1.18294 0.271818 0)
(1.13167 0.268921 -1.71787e-19)
(1.08146 0.259978 1.53185e-19)
(1.03971 0.246159 -2.59653e-19)
(1.01274 0.232455 1.21749e-19)
(0.994329 0.217528 -7.89772e-20)
(0.966283 0.200874 1.78203e-19)
(0.872204 0.174747 0)
(0.668857 0.127118 -6.47645e-20)
(0.368499 0.0675517 0)
(0.121703 0.0222321 3.5672e-19)
(-0.0017113 0.00176725 -8.44916e-19)
(-0.0258846 -0.00357201 5.28808e-19)
(0.52954 0.108578 1.31337e-19)
(1.07645 0.219717 -5.8878e-20)
(1.29562 0.280963 -1.30123e-20)
(1.35193 0.303022 0)
(1.34174 0.316463 -8.16332e-20)
(1.29667 0.323725 1.00903e-19)
(1.23726 0.323183 -6.93183e-20)
(1.1811 0.320247 0)
(1.12505 0.313187 1.2195e-19)
(1.07126 0.300417 -1.0754e-19)
(1.02669 0.283079 2.2417e-19)
(0.996876 0.26509 0)
(0.974112 0.248111 -1.67593e-19)
(0.933518 0.226984 9.45199e-20)
(0.838103 0.192223 2.37363e-19)
(0.631182 0.139279 -2.08782e-19)
(0.343493 0.0730637 3.29123e-19)
(0.114761 0.0236531 -7.28554e-19)
(-0.0077725 -0.000311574 4.6057e-19)
(-0.0298003 -0.00584577 -5.75845e-19)
(0.513969 0.13281 -3.67204e-20)
(1.07695 0.270761 2.58368e-20)
(1.30392 0.344578 -4.34975e-20)
(1.36094 0.368279 9.07438e-20)
(1.34765 0.380732 -8.80116e-20)
(1.29877 0.38287 3.13417e-20)
(1.23592 0.377104 3.8345e-21)
(1.17634 0.369463 -1.36349e-19)
(1.11635 0.357832 -1.27277e-19)
(1.05733 0.340156 -2.3021e-19)
(1.00817 0.318425 -4.81704e-19)
(0.975355 0.297465 -1.48646e-19)
(0.951304 0.276944 2.23351e-21)
(0.915353 0.253906 -3.22742e-19)
(0.81233 0.217366 -4.8444e-21)
(0.607521 0.153412 3.03197e-19)
(0.336888 0.0805926 -9.06614e-20)
(0.11664 0.0270004 -5.26538e-20)
(-0.00525062 -0.0019948 0)
(-0.0302569 -0.00749862 1.22163e-18)
(0.499665 0.154846 0)
(1.07753 0.323913 9.32672e-22)
(1.30855 0.410435 0)
(1.36358 0.433369 -1.30223e-20)
(1.34782 0.4434 8.35359e-20)
(1.29693 0.440893 -7.39273e-20)
(1.23141 0.430979 7.52504e-20)
(1.16825 0.419175 2.24109e-19)
(1.10456 0.403189 -7.07989e-20)
(1.04292 0.381204 1.13666e-19)
(0.992074 0.355757 2.58769e-19)
(0.957144 0.331165 3.24076e-19)
(0.928588 0.308192 -1.95148e-19)
(0.882715 0.281383 3.49348e-19)
(0.784651 0.236599 -2.76798e-19)
(0.587869 0.171204 0)
(0.332289 0.0919266 -6.88573e-19)
(0.124228 0.0325226 9.28023e-19)
(0.00285135 -0.000842427 6.92347e-20)
(-0.0273186 -0.00833233 -1.29208e-18)
(0.480988 0.173598 -5.19547e-21)
(1.06299 0.368525 -2.75126e-20)
(1.30315 0.468951 3.23036e-20)
(1.36074 0.494716 -6.26547e-20)
(1.3433 0.504714 7.09474e-20)
(1.29034 0.498278 -7.06813e-20)
(1.22269 0.484116 1.47953e-19)
(1.15743 0.467914 -6.64254e-20)
(1.09116 0.447431 -2.85156e-19)
(1.02604 0.420862 -7.41056e-23)
(0.97095 0.391138 -2.81281e-19)
(0.932108 0.362683 -3.48876e-19)
(0.903618 0.336651 2.1581e-19)
(0.864211 0.308322 -1.25548e-19)
(0.761613 0.264488 3.01313e-19)
(0.57248 0.188623 0)
(0.332074 0.10575 -4.2864e-19)
(0.133466 0.0400378 6.33098e-19)
(0.0124833 0.00212826 1.197e-18)
(-0.0231457 -0.00830502 -1.40785e-18)
(0.468708 0.19251 -1.11657e-19)
(1.05502 0.416377 5.06935e-20)
(1.29744 0.528893 -1.8609e-20)
(1.3541 0.554852 6.39406e-20)
(1.33498 0.563215 1.22598e-20)
(1.28112 0.55306 -1.37283e-19)
(1.21208 0.535478 -8.63801e-20)
(1.14468 0.515604 -8.60086e-20)
(1.07601 0.491246 -1.61484e-19)
(1.00868 0.460831 2.59936e-19)
(0.95114 0.426848 2.83724e-19)
(0.910823 0.395283 5.53512e-19)
(0.88005 0.367522 0)
(0.831712 0.336093 6.36843e-21)
(0.736699 0.283209 -8.28862e-19)
(0.557607 0.208146 1.94942e-19)
(0.331286 0.119479 9.31224e-19)
(0.142226 0.0488188 -2.74812e-19)
(0.022589 0.00629786 5.69697e-19)
(-0.018332 -0.00753763 -4.74688e-20)
(0.45476 0.208285 5.89652e-21)
(1.03746 0.455543 6.82867e-20)
(1.28596 0.581648 -4.22145e-22)
(1.34456 0.610636 5.62362e-20)
(1.32434 0.619192 -1.26883e-19)
(1.26921 0.605938 1.35149e-19)
(1.19878 0.584995 8.92749e-20)
(1.13006 0.561469 2.55964e-19)
(1.05922 0.533312 3.2313e-19)
(0.988203 0.498771 -3.01885e-19)
(0.927286 0.460884 0)
(0.884757 0.425456 -2.1007e-19)
(0.853206 0.394168 2.41185e-19)
(0.812935 0.361651 3.04759e-19)
(0.715524 0.31122 -1.76497e-19)
(0.543871 0.225699 -4.27927e-19)
(0.33045 0.134182 -1.27341e-19)
(0.149736 0.05828 -2.06114e-21)
(0.0317696 0.0112883 0)
(-0.0135948 -0.00628759 0)
(0.447116 0.225686 -9.33944e-20)
(1.02745 0.498135 0)
(1.27552 0.635453 1.53857e-20)
(1.33287 0.6652 -1.93248e-20)
(1.31138 0.672308 1.47121e-19)
(1.25579 0.656011 -3.67584e-20)
(1.18453 0.632274 9.07356e-20)
(1.11412 0.605699 -1.72731e-19)
(1.04114 0.57455 2.45227e-19)
(0.968806 0.536712 -1.00364e-19)
(0.90667 0.494678 1.63072e-19)
(0.86292 0.456175 6.67407e-19)
(0.829492 0.42444 1.4262e-20)
(0.780645 0.387712 -3.1851e-19)
(0.691571 0.327839 5.89138e-19)
(0.5285 0.245283 3.17683e-21)
(0.326907 0.147826 1.36237e-19)
(0.15469 0.0679316 -6.49318e-19)
(0.0390382 0.0163505 6.68989e-19)
(-0.00946914 -0.00486975 -7.88011e-19)
(0.438775 0.240527 2.74673e-23)
(1.01174 0.533118 0)
(1.26149 0.682215 0)
(1.31976 0.715294 5.00163e-21)
(1.29762 0.722525 -4.15768e-20)
(1.24109 0.703712 6.19559e-20)
(1.1687 0.677349 -1.66767e-19)
(1.09733 0.64796 0)
(1.02311 0.61365 -3.6211e-19)
(0.948462 0.572278 4.38079e-19)
(0.882732 0.526699 4.67373e-19)
(0.83629 0.485573 -2.45101e-19)
(0.802399 0.448493 -2.97433e-19)
(0.762105 0.410029 6.97805e-19)
(0.669969 0.354357 -2.09718e-19)
(0.513002 0.260864 -2.49522e-19)
(0.32213 0.16116 -1.49057e-19)
(0.156904 0.0766316 -7.02244e-19)
(0.0441171 0.0209152 1.02936e-19)
(-0.00616092 -0.0035093 8.53817e-19)
(0.433162 0.257513 -4.45119e-20)
(1.00175 0.571111 -6.04033e-20)
(1.24905 0.729897 2.39026e-20)
(1.30557 0.764147 -2.02431e-22)
(1.28245 0.770074 -4.91742e-20)
(1.22559 0.748852 9.5848e-20)
(1.15277 0.720236 0)
(1.08048 0.688267 1.05228e-19)
(1.0048 0.651703 -8.2973e-20)
(0.928347 0.607768 7.32267e-19)
(0.860609 0.558487 -1.05031e-19)
(0.813736 0.51375 1.21541e-19)
(0.779253 0.476097 0)
(0.729874 0.433503 -3.78047e-19)
(0.645585 0.366703 4.58028e-19)
(0.495731 0.277818 0)
(0.314072 0.171833 -3.20831e-19)
(0.156358 0.0841354 9.4457e-19)
(0.0469499 0.0246848 1.12287e-19)
(-0.00371553 -0.00235072 -1.0533e-18)
(0.42866 0.274832 -1.09643e-19)
(0.988391 0.602758 1.38453e-19)
(1.23421 0.770978 0)
(1.29092 0.808516 3.08598e-20)
(1.26741 0.814638 0)
(1.20992 0.791411 -1.28377e-19)
(1.13644 0.760696 0)
(1.06357 0.726673 0)
(0.98663 0.687684 -1.11202e-19)
(0.907719 0.640872 -6.96402e-19)
(0.837347 0.588723 -8.64961e-19)
(0.787227 0.541275 1.4273e-19)
(0.750925 0.497159 5.1607e-19)
(0.711048 0.451585 4.16942e-19)
(0.623303 0.389785 -1.47064e-18)
(0.478842 0.288595 -5.86667e-19)
(0.305302 0.181729 3.44167e-19)
(0.153983 0.0898679 0)
(0.0480256 0.0275893 9.65825e-19)
(-0.00200421 -0.00145426 -1.1365e-18)
(0.426438 0.290436 1.28696e-19)
(0.979897 0.63706 -1.59118e-19)
(1.2212 0.813219 0)
(1.27596 0.851742 -1.14727e-20)
(1.25169 0.856756 -6.80376e-21)
(1.19402 0.831691 0)
(1.12039 0.799226 5.18092e-20)
(1.04679 0.763065 7.39485e-20)
(0.96847 0.722437 -2.0832e-19)
(0.887838 0.673757 9.20162e-20)
(0.815169 0.618542 0)
(0.764018 0.566894 5.9215e-19)
(0.727542 0.52194 6.41537e-21)
(0.678297 0.471919 2.25144e-19)
(0.59886 0.396098 2.66728e-19)
(0.460733 0.301059 0)
(0.294825 0.188131 -5.60009e-19)
(0.14964 0.094272 1.0987e-18)
(0.0477409 0.0293955 -1.1693e-18)
(-0.00110196 -0.00088226 2.44956e-18)
(0.424431 0.305204 0)
(0.968251 0.665322 0)
(1.20668 0.849135 -7.8924e-20)
(1.26119 0.890623 0)
(1.23663 0.895967 0)
(1.17853 0.869353 -1.0127e-19)
(1.10443 0.835235 5.29811e-20)
(1.03031 0.79763 1.79483e-20)
(0.950773 0.755234 -4.73224e-20)
(0.867784 0.704438 0)
(0.792243 0.647201 -1.32505e-19)
(0.737436 0.593248 -4.83079e-19)
(0.697496 0.540527 -5.82551e-19)
(0.658454 0.484824 -2.34444e-19)
(0.576123 0.414793 2.88928e-19)
(0.443123 0.305384 -6.80311e-19)
(0.285224 0.193311 1.20353e-18)
(0.144937 0.0962563 1.44814e-21)
(0.0466519 0.0311625 -1.11722e-18)
(-0.000358358 0.000242137 -1.65261e-19)
(0.423185 0.319101 0)
(0.960629 0.696269 -1.27988e-19)
(1.19419 0.886402 9.52606e-20)
(1.24655 0.928623 0)
(1.22128 0.933007 0)
(1.16303 0.905015 2.00638e-19)
(1.08887 0.869614 0)
(1.01415 0.83028 0)
(0.933427 0.786732 -4.58562e-19)
(0.848784 0.734818 1.28641e-19)
(0.770638 0.675126 -1.17573e-18)
(0.713612 0.616539 0)
(0.673601 0.563036 -6.35352e-19)
(0.623867 0.501909 9.77317e-21)
(0.550505 0.413327 -9.31543e-19)
(0.425699 0.310522 3.65697e-19)
(0.276615 0.192364 1.18536e-21)
(0.143725 0.0953424 -1.26412e-18)
(0.0469358 0.0289002 5.99782e-19)
(-0.00221031 -0.00263102 1.76773e-19)
(0.421675 0.332784 0)
(0.950403 0.721783 -1.72013e-19)
(1.18064 0.917693 1.00089e-19)
(1.23237 0.962541 1.43021e-19)
(1.20683 0.967333 -4.21152e-21)
(1.14822 0.938142 1.9808e-20)
(1.07376 0.901461 -2.93531e-20)
(0.998703 0.861214 4.31268e-19)
(0.916915 0.81648 4.90531e-19)
(0.829954 0.763175 9.78867e-19)
(0.748551 0.702447 9.76851e-19)
(0.687 0.642469 1.72301e-19)
(0.641153 0.580214 9.1357e-19)
(0.60152 0.509644 5.64883e-19)
(0.525314 0.425927 6.68327e-19)
(0.408325 0.304221 -3.99965e-19)
(0.269233 0.185735 -4.58269e-19)
(0.148113 0.0944664 5.45457e-19)
(0.057056 0.0400872 -3.22482e-19)
(0.00664151 0.00875173 5.73467e-19)
(0.420629 0.345961 2.39347e-19)
(0.943755 0.749927 2.69765e-19)
(1.16905 0.95067 5.70684e-20)
(1.21851 0.995907 1.53489e-20)
(1.1923 0.999777 -2.09192e-20)
(1.13359 0.969533 -5.51652e-20)
(1.05919 0.931981 2.79378e-20)
(0.983733 0.890417 -1.87904e-20)
(0.900941 0.844937 -5.72374e-19)
(0.812338 0.791123 -1.06291e-18)
(0.728075 0.728954 6.78375e-20)
(0.663044 0.664429 0)
(0.616327 0.601463 0)
(0.562753 0.525193 -2.95139e-19)
(0.494614 0.41486 -1.09745e-18)
(0.388931 0.296611 8.6174e-19)
(0.269958 0.168416 5.03323e-19)
(0.162977 0.0714009 0)
(0.0757414 0.00771804 1.03214e-18)
(0.00040758 -0.0196056 -6.10653e-19)
(0.419316 0.358802 -1.2707e-19)
(0.934813 0.772844 1.1184e-19)
(1.15651 0.977937 -1.35953e-19)
(1.20521 1.02543 -1.15733e-19)
(1.17877 1.02973 -2.31369e-20)
(1.11984 0.998552 -1.75779e-20)
(1.04535 0.960026 0)
(0.969725 0.917985 -5.42813e-19)
(0.885966 0.871796 6.88529e-20)
(0.79513 0.817251 0)
(0.707418 0.755103 0)
(0.637242 0.690669 1.10758e-19)
(0.581247 0.618885 1.48812e-19)
(0.535687 0.52955 -3.19568e-19)
(0.462435 0.423536 7.87321e-19)
(0.363243 0.274712 -9.39651e-19)
(0.257156 0.14269 -1.08175e-18)
(0.189283 0.0628444 9.58768e-19)
(0.148445 0.0646543 -3.66774e-19)
(0.108785 0.0734596 2.13364e-19)
(0.418409 0.370797 1.56924e-19)
(0.928972 0.798209 0)
(1.14582 1.00719 0)
(1.19232 1.05472 -3.26744e-20)
(1.16532 1.05807 2.64504e-20)
(1.10639 1.02607 -1.95868e-20)
(1.03209 0.987008 1.29549e-19)
(0.956165 0.943999 5.55306e-19)
(0.871525 0.897371 1.03988e-18)
(0.779258 0.842806 -8.06295e-20)
(0.688741 0.780199 1.67296e-19)
(0.613986 0.712208 -9.93632e-19)
(0.556135 0.640747 -9.93448e-19)
(0.490634 0.547605 -1.72118e-19)
(0.416501 0.404876 0)
(0.329784 0.261254 -3.88152e-21)
(0.241941 0.067361 5.97918e-19)
(0.238936 -0.0427581 -1.00267e-18)
(0.206925 -0.114855 7.61661e-19)
(0.0887057 -0.101167 6.30124e-19)
(0.417052 0.382554 -3.45675e-19)
(0.920838 0.818477 -1.55142e-19)
(1.13412 1.03094 6.87907e-21)
(1.17993 1.08054 6.31209e-20)
(1.15276 1.08443 0)
(1.0937 1.05178 -4.12983e-20)
(1.01936 1.01205 -1.88814e-19)
(0.943315 0.968984 -2.23227e-21)
(0.857783 0.922145 -5.44864e-19)
(0.763359 0.867476 -7.92702e-20)
(0.669227 0.806048 7.36308e-20)
(0.589068 0.740528 8.73192e-19)
(0.517721 0.661396 9.68809e-19)
(0.456639 0.551916 1.68367e-19)
(0.374962 0.420907 8.57314e-19)
(0.26906 0.224273 0)
(0.143319 0.0457168 0)
(-0.0151447 0.168651 6.83491e-19)
(-0.078631 0.629264 -2.65671e-20)
(0.0102102 1.54658 -8.50512e-19)
(0.416209 0.393524 1.90432e-19)
(0.915613 0.841476 4.39035e-19)
(1.1242 1.05733 -6.09209e-19)
(1.16786 1.10684 3.12157e-19)
(1.14014 1.10995 -1.20655e-20)
(1.08103 1.07684 9.13235e-21)
(1.00683 1.03707 0)
(0.930424 0.993585 -4.62401e-19)
(0.844042 0.946914 0)
(0.748305 0.893027 1.11362e-18)
(0.651347 0.832281 -9.05576e-20)
(0.565416 0.764533 1.01545e-19)
(0.492093 0.688829 1.11906e-18)
(0.401305 0.584173 -3.65837e-19)
(0.286126 0.402547 -4.34818e-19)
(0.179721 0.272372 0)
(0.0719908 0.450427 0)
(0.0238955 1.36747 0)
(0.0709849 2.47586 -3.87702e-19)
(0.0967236 2.91678 -2.39777e-19)
(0.414596 0.404043 0)
(0.908066 0.859294 0)
(1.11325 1.07812 2.21555e-19)
(1.15631 1.12977 -2.54313e-19)
(1.1284 1.13372 1.19962e-19)
(1.06913 1.10037 4.69568e-22)
(0.994879 1.06034 2.49705e-20)
(0.918379 1.01736 -1.94411e-20)
(0.831254 0.97124 7.77016e-20)
(0.733487 0.918205 -1.27816e-18)
(0.632513 0.859937 1.63874e-19)
(0.541384 0.798142 8.81067e-19)
(0.450049 0.718271 -1.11428e-18)
(0.362334 0.590534 -1.23246e-18)
(0.262222 0.458351 4.13551e-19)
(0.177799 0.609505 0)
(0.11123 1.5952 5.59628e-19)
(0.116798 2.70296 6.01213e-19)
(0.124152 3.09113 -6.71482e-19)
(0.117039 3.22371 7.1347e-19)
(0.413543 0.414292 0)
(0.903394 0.88001 3.82642e-19)
(1.10413 1.10196 -5.54967e-20)
(1.14515 1.15344 3.4981e-19)
(1.11667 1.15674 -1.2592e-19)
(1.05735 1.12322 0)
(0.983232 1.08359 0)
(0.90641 1.04068 0)
(0.818615 0.995314 4.34102e-19)
(0.719818 0.943902 5.86785e-20)
(0.616475 0.88741 0)
(0.51913 0.824296 -8.75479e-19)
(0.430954 0.750474 0)
(0.305284 0.634719 8.81688e-19)
(0.198006 0.682046 -5.98842e-19)
(0.142304 1.46805 -4.78827e-19)
(0.147195 2.68933 -1.09606e-18)
(0.170984 3.12593 -5.75202e-19)
(0.161599 3.26484 -7.70484e-19)
(0.148902 3.30502 5.54861e-19)
(0.411864 0.423514 -1.32938e-19)
(0.89631 0.895384 1.46609e-20)
(1.0939 1.11995 -6.14321e-20)
(1.13452 1.17369 -2.71483e-19)
(1.10584 1.17812 0)
(1.04637 1.1447 0)
(0.972211 1.10511 0)
(0.895406 1.06313 3.2828e-20)
(0.807096 1.01894 -5.49161e-19)
(0.706581 0.969217 0)
(0.599554 0.916312 0)
(0.499548 0.861926 0)
(0.386636 0.782232 0)
(0.308524 0.727587 6.49406e-19)
(0.263606 1.13331 1.58985e-18)
(0.235964 2.40462 4.65197e-19)
(0.253998 3.0811 9.28585e-19)
(0.248554 3.27758 -7.10981e-19)
(0.200577 3.34288 2.59302e-19)
(0.169124 3.3562 0)
(0.410666 0.432609 1.36479e-19)
(0.892025 0.914564 -8.45715e-19)
(1.08538 1.14219 -2.28458e-19)
(1.12403 1.19563 -5.08034e-20)
(1.09478 1.19948 2.91861e-20)
(1.03529 1.16608 -1.19233e-19)
(0.96132 1.1272 -2.32242e-22)
(0.884293 1.08565 -3.57813e-19)
(0.795524 1.04264 0)
(0.694421 0.995243 -7.55833e-20)
(0.586199 0.945192 6.87599e-20)
(0.480248 0.888677 0)
(0.38355 0.823045 0)
(0.320763 0.921669 -8.13901e-19)
(0.264287 1.8515 1.02998e-19)
(0.260926 2.94515 -3.50306e-19)
(0.286458 3.28036 7.32452e-19)
(0.257604 3.37854 5.22524e-19)
(0.193515 3.40321 -7.05334e-19)
(0.169232 3.41355 3.4739e-19)
(0.408542 0.441958 2.67002e-19)
(0.884308 0.929165 8.22002e-19)
(1.07465 1.15939 2.75031e-19)
(1.11319 1.2154 0)
(1.08383 1.22065 0)
(1.0243 1.18749 9.23403e-20)
(0.950415 1.14868 5.05087e-20)
(0.873637 1.10821 3.18454e-19)
(0.784698 1.06665 2.11949e-20)
(0.682458 1.02146 9.6206e-19)
(0.571659 0.975471 -1.15029e-18)
(0.46011 0.924454 0)
(0.380483 0.902428 0)
(0.332502 1.30133 -5.56039e-19)
(0.327 2.49747 -6.66601e-19)
(0.372453 3.19304 0)
(0.397795 3.36034 -7.40106e-19)
(0.326861 3.42339 5.13568e-20)
(0.258913 3.46923 3.38404e-19)
(0.236931 3.49477 -1.09549e-19)
(0.406711 0.451632 -5.07152e-19)
(0.879452 0.9504 -3.94121e-19)
(1.06508 1.18405 0)
(1.10147 1.23915 0)
(1.07163 1.24342 0)
(1.01226 1.21006 0)
(0.938814 1.17191 -6.14704e-20)
(0.86208 1.13183 2.76967e-19)
(0.773077 1.09146 0)
(0.671075 1.04886 -8.75513e-19)
(0.560929 1.00612 2.06538e-18)
(0.450222 0.962379 8.48314e-20)
(0.396079 1.02361 1.14712e-19)
(0.384365 1.73901 9.05977e-19)
(0.394641 2.90136 -4.87195e-19)
(0.435202 3.31176 0)
(0.418141 3.43284 2.08331e-19)
(0.332257 3.5222 9.10246e-20)
(0.258993 3.58672 1.48713e-19)
(0.183459 3.56616 -1.64062e-20)
(0.403689 0.461851 2.40872e-19)
(0.869716 0.965884 -4.00354e-19)
(1.05227 1.20218 0)
(1.08895 1.26028 -7.43334e-20)
(1.05914 1.26619 2.56971e-19)
(0.999925 1.23298 0)
(0.92684 1.19467 0)
(0.850745 1.15551 -4.80122e-19)
(0.762111 1.11657 -5.57234e-20)
(0.659896 1.07623 8.59675e-19)
(0.545886 1.03691 -9.81277e-19)
(0.451973 1.01377 5.78886e-19)
(0.412203 1.21326 0)
(0.419283 2.1854 -4.80661e-19)
(0.461275 3.1413 3.14945e-19)
(0.526776 3.41311 1.97891e-19)
(0.517622 3.50848 0)
(0.455205 3.59129 -3.67445e-20)
(0.386652 3.63063 -4.0897e-19)
(0.306348 3.60298 -9.65408e-20)
(0.400925 0.472263 -4.77878e-19)
(0.863784 0.990118 5.72769e-19)
(1.04111 1.23031 3.98551e-19)
(1.07538 1.28659 -9.92832e-20)
(1.04517 1.29086 -3.91789e-19)
(0.986367 1.25706 0)
(0.914078 1.21926 2.38311e-20)
(0.838399 1.18036 1.72773e-19)
(0.750231 1.14246 2.8709e-20)
(0.64923 1.10455 -7.42656e-19)
(0.536486 1.07007 -5.17619e-20)
(0.455558 1.07362 -6.51697e-19)
(0.448518 1.44888 7.19388e-19)
(0.491879 2.55103 1.58406e-19)
(0.557869 3.30057 -2.79057e-19)
(0.61076 3.46378 1.4733e-19)
(0.569328 3.51476 0)
(0.512339 3.51908 0)
(0.420075 3.48189 -6.7926e-19)
(0.193373 3.27222 1.25398e-18)
(0.396418 0.483034 2.28535e-19)
(0.851393 1.00649 5.62639e-19)
(1.0258 1.24926 -4.05931e-19)
(1.06094 1.30902 3.61533e-19)
(1.03095 1.31517 4.06966e-19)
(0.972595 1.28144 0)
(0.901046 1.2432 -1.67668e-20)
(0.826492 1.20492 1.36657e-19)
(0.739381 1.16821 0)
(0.639269 1.13225 0)
(0.529936 1.10471 0)
(0.464281 1.15395 0)
(0.488228 1.68999 -8.12087e-19)
(0.549878 2.8587 -2.11949e-19)
(0.62666 3.38597 0)
(0.669486 3.476 -2.67944e-20)
(0.667365 3.48149 0)
(0.744318 3.32258 1.39897e-19)
(0.839475 2.95244 -1.76649e-18)
(0.447159 2.56974 1.85337e-18)
(0.392539 0.493262 -4.62244e-19)
(0.843893 1.03394 -3.60397e-19)
(1.01268 1.28139 -2.68265e-19)
(1.04521 1.33823 -3.38089e-19)
(1.01498 1.34189 -1.97809e-19)
(0.957389 1.30705 0)
(0.887105 1.26906 1.15229e-21)
(0.813462 1.23091 -3.92893e-20)
(0.727442 1.195 -2.19251e-19)
(0.629796 1.16117 0)
(0.526549 1.14113 5.16091e-20)
(0.480003 1.24731 -5.86697e-20)
(0.536103 1.9485 0)
(0.625436 3.07859 2.76054e-19)
(0.717491 3.42718 0)
(0.748149 3.46236 -9.85506e-20)
(0.749377 3.37243 2.72407e-19)
(0.743951 2.99049 -1.37985e-19)
(0.497761 1.98027 2.72121e-19)
(-0.340257 0.491787 -6.60625e-19)
(0.385042 0.504158 -1.27805e-20)
(0.82776 1.05094 -1.83303e-19)
(0.994074 1.30104 3.69808e-19)
(1.02822 1.36226 -1.99492e-20)
(0.998397 1.36833 -6.19382e-20)
(0.94163 1.33372 0)
(0.872507 1.29521 7.83031e-20)
(0.800495 1.2575 -6.56599e-20)
(0.716315 1.22271 3.92909e-19)
(0.617782 1.19042 -4.9831e-19)
(0.526926 1.18257 -6.05445e-19)
(0.503543 1.36752 0)
(0.589138 2.25541 4.08411e-19)
(0.688637 3.21078 -5.77829e-20)
(0.763496 3.40693 2.71153e-20)
(0.769032 3.39737 0)
(0.700027 3.166 -1.43579e-19)
(0.529767 2.39162 1.51874e-19)
(0.101043 0.621774 -1.80175e-19)
(-0.247147 -0.391437 -1.66032e-19)
(0.379729 0.514245 4.32592e-19)
(0.817916 1.08162 -1.79136e-19)
(0.978134 1.33793 2.5913e-19)
(1.00953 1.39533 2.00283e-19)
(0.979659 1.39811 1.23974e-19)
(0.924076 1.36195 2.39786e-19)
(0.856765 1.32363 -1.70044e-19)
(0.786246 1.28628 9.09956e-22)
(0.703741 1.25241 -2.83958e-19)
(0.608131 1.22333 3.3726e-20)
(0.530644 1.22907 9.8039e-20)
(0.533003 1.51343 -4.00819e-19)
(0.642076 2.51679 1.0963e-19)
(0.75153 3.28345 -2.17717e-19)
(0.814351 3.38285 3.81837e-20)
(0.790358 3.30138 7.7166e-20)
(0.660759 2.85433 -2.04438e-19)
(0.404537 1.62102 1.33557e-19)
(0.0591537 0.0493303 0)
(-0.0793863 -0.15781 -2.90146e-19)
(0.367738 0.522625 0)
(0.796675 1.09809 -6.77495e-19)
(0.955313 1.35767 2.35819e-20)
(0.989377 1.42083 -3.30765e-19)
(0.960176 1.42685 0)
(0.905952 1.39137 -1.7722e-19)
(0.840351 1.35273 1.67155e-19)
(0.772044 1.31563 -8.51249e-22)
(0.692418 1.28284 1.96502e-19)
(0.599613 1.25662 3.55986e-19)
(0.533668 1.2839 4.66356e-19)
(0.565381 1.67314 4.90294e-20)
(0.696926 2.7651 -2.99492e-19)
(0.800852 3.3122 1.33e-20)
(0.836486 3.33834 8.36712e-21)
(0.757829 3.12205 7.40735e-20)
(0.525501 2.31066 8.72517e-20)
(0.1166 0.440884 -1.03407e-19)
(-0.137645 -0.244202 0)
(-0.114901 -0.206069 0)
(0.359422 0.533711 -4.15095e-19)
(0.782974 1.13151 6.70364e-19)
(0.935727 1.39911 0)
(0.96713 1.45775 0)
(0.93814 1.45955 0)
(0.885757 1.42199 0)
(0.822667 1.38324 -8.65011e-20)
(0.756663 1.34676 -1.63173e-20)
(0.67955 1.31513 -3.61446e-20)
(0.593716 1.29302 3.73406e-20)
(0.541504 1.34654 -3.83108e-19)
(0.602509 1.85438 2.82656e-19)
(0.749824 2.94697 0)
(0.842745 3.31073 3.66506e-20)
(0.860046 3.27826 5.72775e-20)
(0.721662 2.85627 -2.1913e-20)
(0.391435 1.67818 1.0338e-19)
(0.0173978 -0.0393351 5.93647e-20)
(-0.157829 -0.200821 -2.41783e-19)
(-0.0571385 -0.137633 -2.82547e-19)
(0.342925 0.535718 2.10277e-19)
(0.755661 1.14348 3.13364e-19)
(0.907995 1.41748 -9.36659e-21)
(0.943178 1.48387 1.73025e-19)
(0.915124 1.48991 0)
(0.86497 1.45372 3.29198e-19)
(0.804231 1.41506 -6.88614e-20)
(0.741017 1.3785 1.99465e-20)
(0.66666 1.34744 -3.59996e-20)
(0.587067 1.32998 2.67412e-20)
(0.550608 1.4186 2.58926e-19)
(0.642586 2.06305 -1.28548e-19)
(0.796624 3.06985 -1.12377e-19)
(0.874083 3.30281 1.74487e-21)
(0.857636 3.17245 -3.00527e-20)
(0.622229 2.5041 1.39317e-19)
(0.19064 0.713103 -7.776e-20)
(-0.0839473 -0.268312 1.15136e-19)
(-0.128994 -0.221734 -3.52694e-19)
(-0.0607721 -0.123445 2.46566e-19)
(0.327715 0.543985 -1.96692e-19)
(0.734573 1.17606 0)
(0.884116 1.46206 -2.30424e-19)
(0.916529 1.52412 -3.33148e-19)
(0.889044 1.52491 0)
(0.84176 1.48601 -2.56734e-19)
(0.784214 1.44663 0)
(0.724303 1.41083 -1.26608e-19)
(0.651683 1.38127 -1.59247e-20)
(0.583907 1.37035 6.12176e-20)
(0.564941 1.50039 -1.22954e-19)
(0.684487 2.26411 7.12625e-20)
(0.838106 3.13827 1.78098e-19)
(0.905441 3.27279 1.06038e-20)
(0.840102 3.02886 -3.08722e-20)
(0.528272 2.07077 -4.76982e-20)
(0.0750132 0.120987 1.22513e-19)
(-0.182848 -0.250456 -1.36024e-19)
(-0.106388 -0.210904 4.26383e-22)
(-0.0540001 -0.0778443 -2.57769e-20)
(0.304443 0.538647 3.89968e-19)
(0.700841 1.18117 -2.99244e-19)
(0.85092 1.47664 2.43987e-19)
(0.887647 1.54929 1.60257e-19)
(0.861847 1.5557 2.83894e-20)
(0.818061 1.5191 1.59938e-19)
(0.76342 1.48054 0)
(0.706865 1.44416 -3.83273e-20)
(0.637558 1.41518 0)
(0.578073 1.41096 -5.72538e-20)
(0.578057 1.58843 1.2232e-19)
(0.724953 2.44334 -2.76558e-21)
(0.87529 3.1813 -5.9728e-20)
(0.917951 3.23763 3.68446e-20)
(0.802788 2.83364 -1.23253e-20)
(0.374567 1.51138 6.26725e-20)
(-0.0479867 -0.127975 -1.86532e-19)
(-0.226419 -0.251096 -1.0559e-19)
(-0.124654 -0.249482 -3.98905e-20)
(-0.0753632 -0.0905443 1.91093e-19)
(0.282146 0.537755 4.17109e-21)
(0.672548 1.20956 1.52928e-19)
(0.821248 1.52072 0)
(0.855161 1.5912 3.00527e-19)
(0.831241 1.59189 -4.29574e-19)
(0.791412 1.55186 1.61171e-19)
(0.740454 1.51167 -1.08151e-19)
(0.68865 1.47604 1.06116e-19)
(0.622587 1.44973 -9.47816e-20)
(0.574523 1.45448 -1.16958e-21)
(0.595295 1.68045 2.30566e-20)
(0.765863 2.5995 4.78162e-20)
(0.900378 3.19017 3.52256e-20)
(0.930781 3.17845 -5.69129e-20)
(0.73949 2.59058 -5.79421e-20)
(0.287135 1.00775 1.09937e-19)
(-0.0452744 -0.25364 -1.07107e-19)
(-0.192295 -0.288901 7.59566e-20)
(-0.113084 -0.276579 2.06151e-21)
(-0.0823368 -0.110345 -1.61026e-19)
(0.25193 0.518854 7.22775e-19)
(0.630278 1.20236 -1.51842e-19)
(0.780804 1.52698 -4.17122e-19)
(0.820417 1.61209 3.38581e-19)
(0.799971 1.62135 -1.88026e-19)
(0.764361 1.58473 3.10893e-19)
(0.71695 1.54655 1.6927e-19)
(0.669151 1.5099 0)
(0.608282 1.4839 1.09023e-19)
(0.567033 1.49718 -1.58009e-20)
(0.60826 1.76986 -1.07524e-20)
(0.80023 2.71873 -4.4067e-21)
(0.920338 3.19094 1.76107e-20)
(0.924663 3.11814 7.91538e-21)
(0.683341 2.38344 -8.13528e-20)
(0.175923 0.467826 -2.96216e-20)
(-0.037457 -0.270349 1.02149e-19)
(-0.1117 -0.2854 4.61132e-20)
(-0.0862738 -0.244734 1.55925e-20)
(-0.0491418 -0.105612 1.3056e-19)
(0.221322 0.499202 0)
(0.592324 1.21765 1.41265e-19)
(0.743296 1.56596 -1.89474e-19)
(0.781548 1.65214 3.2775e-19)
(0.765137 1.65632 -4.08508e-19)
(0.733437 1.61616 1.70138e-19)
(0.690444 1.57524 0)
(0.648704 1.53931 0)
(0.594963 1.51596 0)
(0.560596 1.54094 2.27133e-20)
(0.62265 1.85397 -2.12822e-20)
(0.82892 2.80892 1.71543e-20)
(0.932929 3.18781 4.43288e-20)
(0.919901 3.04016 4.23053e-20)
(0.59896 2.13825 -7.45462e-20)
(0.0614144 0.127902 4.98916e-20)
(-0.122955 -0.280193 5.33331e-21)
(-0.0998347 -0.28748 -1.01158e-19)
(-0.0739769 -0.19883 1.22368e-20)
(-0.023439 -0.0669023 0)
(0.183407 0.455357 6.60025e-19)
(0.538687 1.18586 -1.32095e-19)
(0.694432 1.5571 4.38044e-21)
(0.741474 1.66487 0)
(0.729612 1.68092 -1.96319e-19)
(0.702733 1.64688 1.84196e-20)
(0.664148 1.6093 0)
(0.626813 1.57219 5.26129e-20)
(0.578987 1.5476 -4.15173e-20)
(0.551104 1.58042 0)
(0.629665 1.92761 0)
(0.846825 2.86933 -3.09932e-20)
(0.939499 3.17984 -5.44656e-20)
(0.893698 2.97192 2.16627e-21)
(0.53223 1.89445 -1.95431e-20)
(-0.00971208 0.00340829 2.59241e-20)
(-0.155441 -0.264805 0)
(-0.130169 -0.305983 -5.7678e-20)
(-0.079988 -0.189374 -9.19484e-20)
(-0.0175907 -0.0556096 2.18212e-19)
(0.144035 0.402166 5.43775e-19)
(0.48916 1.1738 -1.261e-19)
(0.647867 1.58222 1.79488e-19)
(0.69647 1.69802 -4.45574e-19)
(0.689217 1.71032 0)
(0.6679 1.67477 0)
(0.634018 1.63306 0)
(0.604021 1.59721 5.55334e-20)
(0.564188 1.57465 -4.38183e-20)
(0.542155 1.61609 0)
(0.635251 1.99105 0)
(0.857308 2.90787 9.26997e-20)
(0.937666 3.17851 -3.13683e-20)
(0.884365 2.90723 3.35015e-20)
(0.491323 1.74075 6.20861e-20)
(-0.0170826 -0.0428365 0)
(-0.18215 -0.30848 -1.60585e-20)
(-0.1453 -0.367057 -1.90288e-20)
(-0.105512 -0.246261 1.81449e-19)
(-0.0205872 -0.0686245 -2.206e-19)
(0.100508 0.31793 -5.04957e-19)
(0.421176 1.09459 1.31594e-19)
(0.589693 1.54491 3.7553e-19)
(0.65083 1.69636 2.57189e-19)
(0.649499 1.72596 -2.08143e-19)
(0.63411 1.70065 -1.39285e-19)
(0.605087 1.66383 9.6085e-20)
(0.579585 1.62678 0)
(0.54611 1.60109 0)
(0.527958 1.64292 0)
(0.627983 2.02324 -7.94407e-20)
(0.859763 2.92874 -9.14343e-20)
(0.935272 3.18289 2.99514e-20)
(0.860755 2.88711 -2.09159e-20)
(0.504137 1.65443 -3.961e-21)
(0.0269872 0.0166641 0)
(-0.170781 -0.317676 2.61582e-20)
(-0.150596 -0.401864 -1.52153e-19)
(-0.111137 -0.311295 3.52192e-19)
(-0.028649 -0.116312 -2.01318e-19)
(0.0504293 0.214172 5.33661e-19)
(0.356354 1.03132 -4.38421e-19)
(0.530743 1.53801 0)
(0.598092 1.71262 1.27163e-19)
(0.60443 1.74493 9.25113e-20)
(0.596006 1.72084 1.96366e-19)
(0.572006 1.67993 -8.9815e-20)
(0.554066 1.64486 0)
(0.528621 1.62144 0)
(0.513666 1.66248 -1.61649e-19)
(0.615835 2.03183 -1.53255e-21)
(0.852125 2.93235 7.98105e-20)
(0.925845 3.18577 4.40541e-20)
(0.876677 2.90848 4.80725e-20)
(0.545475 1.78087 -5.43088e-20)
(0.0387129 0.237559 5.70604e-20)
(-0.160587 -0.230741 -4.37519e-20)
(-0.174799 -0.375754 0)
(-0.126353 -0.339913 -5.44565e-21)
(-0.017337 -0.0585067 1.09941e-19)
(0.0123573 0.126181 5.44997e-19)
(0.262384 0.864795 0)
(0.460818 1.44474 0)
(0.547429 1.68407 0)
(0.56215 1.74667 7.82305e-20)
(0.55984 1.73887 -1.93836e-19)
(0.540683 1.70459 -8.84159e-20)
(0.526432 1.66745 0)
(0.507205 1.63967 0)
(0.495057 1.67499 9.94947e-20)
(0.590521 2.01094 3.25941e-20)
(0.839599 2.90042 -3.72559e-20)
(0.912454 3.18164 4.34721e-22)
(0.826381 2.96302 3.02457e-20)
(0.487738 1.85054 -5.86317e-20)
(-0.0653459 0.421578 1.03708e-19)
(-0.223151 -0.210918 -8.06703e-20)
(-0.288875 -0.586066 0)
(-0.247148 -0.673467 5.00726e-21)
(-0.0858896 -0.309916 1.38212e-19)
(-0.0065576 0.0682221 -5.05694e-19)
(0.178542 0.713288 1.74114e-19)
(0.387271 1.36525 2.72291e-19)
(0.486822 1.66031 -1.32102e-20)
(0.514316 1.74718 -1.66482e-19)
(0.518384 1.74365 -1.09823e-19)
(0.507183 1.71363 2.491e-19)
(0.497931 1.67727 -4.55779e-21)
(0.484784 1.64994 0)
(0.475256 1.67828 2.77567e-20)
(0.558015 1.96458 -1.38639e-20)
(0.803723 2.83779 4.15219e-20)
(0.92136 3.17083 0)
(0.929376 3.06667 -2.8692e-20)
(0.720001 2.285 0)
(0.228154 0.72048 -3.71468e-20)
(-0.099001 -0.234426 -2.8164e-20)
(-0.305246 -0.791709 0)
(-0.271016 -1.06143 0)
(-0.165877 -0.844446 3.64021e-19)
(-0.000649727 0.000935918 4.08223e-19)
(0.0727047 0.335619 -1.53091e-19)
(0.321435 1.15322 1.22027e-19)
(0.436512 1.57499 -1.93229e-19)
(0.472789 1.72635 7.61277e-20)
(0.479945 1.74881 -2.66571e-20)
(0.472952 1.73124 1.72541e-20)
(0.46504 1.69101 -3.26039e-20)
(0.457699 1.65597 -2.18095e-20)
(0.451192 1.67167 -2.20851e-20)
(0.513721 1.89394 3.06212e-21)
(0.782441 2.70419 0)
(0.957501 3.10918 -4.10346e-21)
(0.992946 3.02942 0)
(0.994424 2.63962 0)
(0.805163 1.79271 0)
(0.41036 0.72487 -1.08443e-19)
(0.150366 -0.179377 3.0208e-19)
(-0.0973089 -1.15895 -1.31103e-20)
(-0.107313 -1.17003 -1.6173e-19)
(0.00869051 -0.0471505 7.30914e-20)
(0.0133315 0.12337 6.85379e-20)
(0.202281 0.871943 -5.5839e-20)
(0.362183 1.44635 -4.28622e-20)
(0.423507 1.6847 3.46443e-20)
(0.43998 1.73788 2.487e-20)
(0.437956 1.73287 1.78164e-20)
(0.430953 1.69663 0)
(0.424897 1.65617 -9.20128e-21)
(0.423401 1.65845 -5.90371e-21)
(0.452737 1.80202 1.65559e-20)
(0.663646 2.48284 0)
(0.895421 2.99077 1.02484e-20)
(0.930035 2.96312 -6.88285e-21)
(0.915335 2.72708 0)
(0.835432 2.19987 0)
(0.566171 1.34085 -3.27001e-21)
(0.336996 0.419306 0)
(0.180107 -0.244272 -4.08367e-21)
(0.0283204 -0.656239 0)
(-0.00148297 -0.0673139 0)
(0.00288127 -0.0225298 0)
(0.0729616 0.350933 0)
(0.282486 1.19404 0)
(0.369458 1.59865 -8.69055e-34)
(0.394982 1.72199 6.71161e-34)
(0.395994 1.73149 0)
(0.392184 1.70868 0)
(0.386882 1.65355 0)
(0.387685 1.64112 0)
(0.392774 1.7258 0)
(0.512879 2.2212 0)
(0.744206 2.84917 0)
(0.786 2.88069 0)
(0.762011 2.75793 0)
(0.723303 2.42958 0)
(0.557134 1.81965 0)
(0.351127 1.03755 0)
(0.169718 0.262016 0)
(0.0458466 -0.171618 0)
(-0.00532949 -0.064058 0)
(0.011361 -0.092947 0)
(0.0205017 0.0843196 0)
(0.17967 0.844995 0)
(0.302182 1.44586 0)
(0.350966 1.68378 0)
(0.355981 1.7261 0)
(0.351665 1.71368 0)
(0.343162 1.65678 0)
(0.344202 1.62829 0)
(0.337874 1.67855 0)
(0.390811 2.04517 0)
(0.599716 2.73652 0)
(0.632433 2.84367 0)
(0.607735 2.7855 0)
(0.584742 2.57372 0)
(0.485493 2.13727 0)
(0.322885 1.46277 0)
(0.165148 0.794399 0)
(0.0412431 0.273735 0)
(-0.00464821 -0.0714996 0)
(0.00663042 -0.124376 0)
(5.6749e-05 -0.0259642 0)
(0.0849867 0.511494 0)
(0.238916 1.27396 0)
(0.296524 1.61671 0)
(0.309676 1.71134 0)
(0.309412 1.71106 0)
(0.299718 1.66294 0)
(0.294838 1.62105 0)
(0.284625 1.65232 0)
(0.288009 1.94287 0)
(0.463589 2.63571 0)
(0.487063 2.83873 0)
(0.463596 2.82591 0)
(0.439775 2.7001 0)
(0.375236 2.38497 0)
(0.252377 1.81016 0)
(0.121764 1.18596 0)
(0.0270509 0.607485 0)
(-0.000644401 -0.0663435 0)
(-0.00361197 -0.127969 0)
(0.00233021 -0.0778441 0)
(0.02661 0.23296 0)
(0.183363 1.10483 0)
(0.246269 1.56463 0)
(0.261568 1.70268 0)
(0.260327 1.71094 0)
(0.251575 1.67128 0)
(0.243689 1.62132 0)
(0.236517 1.64386 0)
(0.20714 1.88781 0)
(0.346561 2.56587 0)
(0.368598 2.84763 0)
(0.33548 2.87234 0)
(0.313418 2.80263 0)
(0.268559 2.5714 0)
(0.180279 2.09117 0)
(0.0816641 1.51656 0)
(0.0146784 0.865093 0)
(0.00226089 -0.0631679 0)
(-0.00301808 -0.136885 0)
(0.0162796 -0.119387 0)
(0.0161745 0.0877187 0)
(0.123412 0.888776 0)
(0.19738 1.46474 0)
(0.218121 1.6767 0)
(0.216519 1.71001 0)
(0.205394 1.67983 0)
(0.194055 1.62824 0)
(0.193714 1.64709 0)
(0.14555 1.86069 0)
(0.250396 2.51599 0)
(0.271634 2.85933 0)
(0.235599 2.92065 0)
(0.21269 2.88475 0)
(0.179484 2.70805 0)
(0.117745 2.28847 0)
(0.0459179 1.73422 0)
(0.00600426 1.01468 0)
(-0.00116249 -0.0593806 0)
(-0.00662726 -0.148537 0)
(0.0115631 -0.14727 0)
(0.00436717 0.0211098 0)
(0.0688516 0.798274 0)
(0.139566 1.42023 0)
(0.166839 1.66516 0)
(0.169382 1.71076 0)
(0.161492 1.68914 0)
(0.147958 1.63873 0)
(0.154901 1.65627 0)
(0.098014 1.84834 0)
(0.173953 2.4874 0)
(0.191799 2.87311 0)
(0.157287 2.96321 0)
(0.13869 2.94833 0)
(0.113941 2.80872 0)
(0.0713944 2.43753 0)
(0.022766 1.90599 0)
(-0.00397083 1.10314 0)
(-0.00654677 -0.0347412 0)
(-0.0027507 -0.156872 0)
(0.0142517 -0.15878 0)
(0.0134605 -0.013545 0)
(0.0498693 0.636411 0)
(0.109826 1.34729 0)
(0.12245 1.64521 0)
(0.121351 1.71149 0)
(0.116661 1.69599 0)
(0.1039 1.64877 0)
(0.118949 1.66636 0)
(0.0628406 1.84429 0)
(0.115057 2.46831 0)
(0.129027 2.88728 0)
(0.0993228 3.00076 0)
(0.082748 3 0)
(0.0646075 2.88095 0)
(0.0337411 2.52921 0)
(0.00090346 1.99146 0)
(-0.00795421 1.10161 0)
(-0.000346259 -0.0274113 0)
(0.0287574 -0.218797 0)
(0.0594015 -0.21311 0)
(0.0721422 -0.0377442 0)
(0.0478443 0.541171 0)
(0.0942876 1.29706 0)
(0.0884675 1.63037 0)
(0.0812584 1.70848 0)
(0.0765242 1.69744 0)
(0.0635522 1.65556 0)
(0.0850758 1.67525 0)
(0.0342257 1.84515 0)
(0.0707356 2.46263 0)
(0.0783413 2.90105 0)
(0.0544232 3.03095 0)
(0.0419387 3.03851 0)
(0.0293823 2.9321 0)
(0.0101099 2.59588 0)
(-0.00797225 2.05683 0)
(-0.0118546 1.08034 0)
(0.0165135 -0.134479 0)
(0.0619216 -0.372544 0)
(0.0904316 -0.307233 0)
(0.0991544 -0.0123637 0)
(0.0372203 0.566864 0)
(0.0531599 1.29211 0)
(0.036215 1.62869 0)
(0.0315846 1.7089 0)
(0.0360875 1.69777 0)
(0.02735 1.6581 0)
(0.0543506 1.68096 0)
(0.0137268 1.84687 0)
(0.0381284 2.45819 0)
(0.0398204 2.91273 0)
(0.0211965 3.05391 0)
(0.0112749 3.06926 0)
(0.00152203 2.96574 0)
(-0.0114909 2.62779 0)
(-0.0235282 2.06269 0)
(-0.0136146 1.02726 0)
(0.0224724 -0.325929 0)
(0.0580242 -0.508524 0)
(0.0782464 -0.356981 0)
(0.0529547 0.0662751 0)
(-0.0200406 0.629836 0)
(-0.0242469 1.31414 0)
(-0.0365552 1.63741 0)
(-0.0218006 1.7082 0)
(-0.00507356 1.69208 0)
(-0.00760058 1.65515 0)
(0.025907 1.68368 0)
(-0.00479541 1.85073 0)
(0.0131137 2.46032 0)
(0.00930622 2.92159 0)
(-0.00457688 3.07123 0)
(-0.0116751 3.08917 0)
(-0.0184654 2.98549 0)
(-0.0253013 2.64471 0)
(-0.0289409 2.05108 0)
(-0.0157665 0.944697 0)
(0.0128418 -0.425049 0)
(0.0262481 -0.56127 0)
(-0.00412396 -0.260522 0)
(-0.0484822 0.213812 0)
(-0.123802 0.790209 0)
(-0.136234 1.37184 0)
(-0.126595 1.63518 0)
(-0.0872317 1.69649 0)
(-0.0483496 1.68043 0)
(-0.0375217 1.64456 0)
(0.00141005 1.68076 0)
(-0.0192973 1.85134 0)
(-0.00550493 2.46037 0)
(-0.0134219 2.9282 0)
(-0.0225776 3.08218 0)
(-0.028394 3.10315 0)
(-0.0331691 2.99503 0)
(-0.0373235 2.64289 0)
(-0.0331721 2.02296 0)
(-0.0151831 0.856048 0)
(0.000710258 -0.436309 0)
(-0.0323085 -0.452286 0)
(-0.0876958 -0.129717 0)
(-0.138826 0.35202 0)
(-0.2034 0.911808 0)
(-0.208734 1.37747 0)
(-0.188649 1.59472 0)
(-0.1386 1.6615 0)
(-0.0865827 1.6552 0)
(-0.0658012 1.62762 0)
(-0.0193532 1.67386 0)
(-0.0325458 1.85393 0)
(-0.0205933 2.46312 0)
(-0.0290699 2.93345 0)
(-0.0358244 3.08979 0)
(-0.0397332 3.10981 0)
(-0.0416305 2.9963 0)
(-0.0418926 2.62941 0)
(-0.0341052 1.97057 0)
(-0.0121377 0.767154 0)
(-0.0127015 -0.3289 0)
(-0.0568364 -0.292796 0)
(-0.121095 0.0285999 0)
(-0.17878 0.474449 0)
(-0.232628 0.975766 0)
(-0.232535 1.34298 0)
(-0.210308 1.52868 0)
(-0.160901 1.60309 0)
(-0.109538 1.61333 0)
(-0.083879 1.60009 0)
(-0.0338277 1.66017 0)
(-0.0429343 1.85209 0)
(-0.0316219 2.46504 0)
(-0.0410354 2.93762 0)
(-0.0441437 3.09317 0)
(-0.0461647 3.1138 0)
(-0.046354 2.99224 0)
(-0.0433629 2.61383 0)
(-0.0319617 1.91562 0)
(-0.00831072 0.688986 0)
(-0.0141821 -0.199706 0)
(-0.0587478 -0.108412 0)
(-0.123972 0.193614 0)
(-0.182422 0.591821 0)
(-0.226371 1.01504 0)
(-0.222249 1.30664 0)
(-0.201868 1.46674 0)
(-0.159817 1.54302 0)
(-0.115689 1.56598 0)
(-0.0904323 1.56824 0)
(-0.0412347 1.64294 0)
(-0.0497859 1.85004 0)
(-0.0395854 2.47036 0)
(-0.0472717 2.94112 0)
(-0.0490545 3.09543 0)
(-0.0495406 3.11313 0)
(-0.0472728 2.9818 0)
(-0.0421491 2.58264 0)
(-0.0281047 1.84966 0)
(-0.00486177 0.622869 0)
(-0.0116156 -0.0724571 0)
(-0.0503399 0.0645637 0)
(-0.10798 0.339654 0)
(-0.159476 0.689625 0)
(-0.196106 1.04429 0)
(-0.191953 1.28225 0)
(-0.176866 1.42042 0)
(-0.143791 1.49326 0)
(-0.108045 1.52258 0)
(-0.0876334 1.53662 0)
(-0.0421469 1.62296 0)
(-0.0518978 1.84624 0)
(-0.0432981 2.47374 0)
(-0.0518572 2.94357 0)
(-0.0509084 3.0943 0)
(-0.0498822 3.11058 0)
(-0.046388 2.97277 0)
(-0.039571 2.55762 0)
(-0.0236448 1.78976 0)
(-0.00233548 0.572635 0)
(-0.00833271 0.0302323 0)
(-0.037891 0.211588 0)
(-0.083529 0.469974 0)
(-0.125369 0.780066 0)
(-0.156253 1.07997 0)
(-0.155072 1.27831 0)
(-0.147231 1.39642 0)
(-0.122903 1.46166 0)
(-0.0943755 1.49092 0)
(-0.0797288 1.51053 0)
(-0.0390905 1.60538 0)
(-0.0508986 1.84327 0)
(-0.0440713 2.47979 0)
(-0.0519133 2.94468 0)
(-0.050507 3.09191 0)
(-0.0486329 3.10491 0)
(-0.0439745 2.95448 0)
(-0.0362435 2.51891 0)
(-0.0192873 1.72299 0)
(-0.00070859 0.532071 0)
(-0.00478406 0.0999095 0)
(-0.0249248 0.319664 0)
(-0.0587543 0.568802 0)
(-0.090781 0.84973 0)
(-0.116603 1.11111 0)
(-0.118855 1.28109 0)
(-0.117753 1.38447 0)
(-0.10158 1.44296 0)
(-0.0796769 1.47062 0)
(-0.0704162 1.49177 0)
(-0.0344442 1.59145 0)
(-0.0464652 1.84015 0)
(-0.0426099 2.48303 0)
(-0.051008 2.94476 0)
(-0.0483595 3.0892 0)
(-0.046123 3.10014 0)
(-0.0411527 2.9417 0)
(-0.0328557 2.4901 0)
(-0.0153482 1.66775 0)
(0.000219023 0.503665 0)
(-0.00231878 0.143377 0)
(-0.0147607 0.397174 0)
(-0.03874 0.646397 0)
(-0.0624589 0.908427 0)
(-0.0831653 1.14279 0)
(-0.0873793 1.29129 0)
(-0.0909015 1.38207 0)
(-0.0815713 1.43363 0)
(-0.0660458 1.45886 0)
(-0.0617094 1.48038 0)
(-0.0304979 1.58362 0)
(-0.0430553 1.84232 0)
(-0.0399584 2.48865 0)
(-0.048672 2.94483 0)
(-0.0447088 3.08418 0)
(-0.0424301 3.09101 0)
(-0.0374264 2.92038 0)
(-0.0290659 2.44939 0)
(-0.0118654 1.60749 0)
(0.00071738 0.480152 0)
(-0.000857296 0.166583 0)
(-0.00769168 0.44603 0)
(-0.0238033 0.699246 0)
(-0.0411016 0.948839 0)
(-0.0572788 1.16562 0)
(-0.0619826 1.29995 0)
(-0.0675915 1.38135 0)
(-0.0633074 1.42742 0)
(-0.0529471 1.45083 0)
(-0.0534714 1.47288 0)
(-0.0262397 1.57876 0)
(-0.0393891 1.84379 0)
(-0.0369515 2.49355 0)
(-0.0457556 2.94485 0)
(-0.0413187 3.08074 0)
(-0.0391717 3.08515 0)
(-0.0341475 2.90696 0)
(-0.0257451 2.4225 0)
(-0.00919066 1.56381 0)
(0.000884402 0.465876 0)
(-0.000138805 0.17779 0)
(-0.00333367 0.476927 0)
(-0.0136755 0.739154 0)
(-0.0263121 0.983319 0)
(-0.0389875 1.18833 0)
(-0.0435477 1.31247 0)
(-0.0496019 1.38564 0)
(-0.0482508 1.42562 0)
(-0.041498 1.44571 0)
(-0.0453711 1.46738 0)
(-0.0228905 1.57647 0)
(-0.0361883 1.84931 0)
(-0.0338175 2.49989 0)
(-0.0422242 2.9445 0)
(-0.0377355 3.07529 0)
(-0.0357603 3.07554 0)
(-0.0307503 2.88591 0)
(-0.0227562 2.38417 0)
(-0.00726061 1.51377 0)
(0.000861349 0.451822 0)
(0.000155189 0.181168 0)
(-0.000814978 0.492439 0)
(-0.00685827 0.763139 0)
(-0.0159473 1.0046 0)
(-0.0258743 1.20223 0)
(-0.0302018 1.3204 0)
(-0.0362565 1.38847 0)
(-0.0370568 1.42439 0)
(-0.031692 1.44152 0)
(-0.0382716 1.46259 0)
(-0.0190555 1.57397 0)
(-0.0334546 1.85231 0)
(-0.0313944 2.50435 0)
(-0.0396501 2.94397 0)
(-0.0348451 3.0718 0)
(-0.0331124 3.06987 0)
(-0.0281818 2.87379 0)
(-0.0203742 2.36146 0)
(-0.00578587 1.48197 0)
(0.000701014 0.444711 0)
(0.000228667 0.181193 0)
(0.000332507 0.500855 0)
(-0.00300818 0.781802 0)
(-0.00957222 1.02491 0)
(-0.0172588 1.21777 0)
(-0.0211166 1.33161 0)
(-0.0268214 1.39511 0)
(-0.0289846 1.42691 0)
(-0.0247164 1.44104 0)
(-0.0323519 1.46036 0)
(-0.0159637 1.57267 0)
(-0.0306784 1.85717 0)
(-0.0290145 2.5096 0)
(-0.0365974 2.94316 0)
(-0.032107 3.06663 0)
(-0.0304126 3.06058 0)
(-0.0254814 2.85401 0)
(-0.0182019 2.32643 0)
(-0.00491357 1.44067 0)
(0.000548335 0.434611 0)
(0.000243378 0.179628 0)
(0.000954682 0.502975 0)
(-0.000614184 0.790906 0)
(-0.00535727 1.0353 0)
(-0.0114746 1.22554 0)
(-0.0148993 1.33742 0)
(-0.0201123 1.39865 0)
(-0.0236921 1.42825 0)
(-0.0199909 1.44064 0)
(-0.028934 1.45893 0)
(-0.013881 1.57176 0)
(-0.0287532 1.85983 0)
(-0.0270427 2.51254 0)
(-0.0345486 2.94232 0)
(-0.0299343 3.06383 0)
(-0.028531 3.05567 0)
(-0.023778 2.84367 0)
(-0.0166688 2.30799 0)
(-0.00405768 1.41829 0)
(0.000366285 0.430509 0)
(0.000242564 0.177356 0)
(0.00102875 0.502832 0)
(0.000351056 0.799483 0)
(-0.00325046 1.04824 0)
(-0.00824714 1.23675 0)
(-0.0113795 1.34683 0)
(-0.0158539 1.40545 0)
(-0.0199636 1.43219 0)
(-0.0166443 1.44249 0)
(-0.0257075 1.45944 0)
(-0.0124261 1.57292 0)
(-0.0273592 1.86588 0)
(-0.0255994 2.51766 0)
(-0.0321199 2.94176 0)
(-0.0281355 3.0594 0)
(-0.026813 3.04718 0)
(-0.0221434 2.8253 0)
(-0.0154196 2.2757 0)
(-0.0039251 1.38296 0)
(0.000238765 0.422059 0)
(0.000259747 0.174836 0)
(0.0010303 0.501386 0)
(0.000932991 0.802059 0)
(-0.00170745 1.05309 0)
(-0.00589368 1.24117 0)
(-0.00889598 1.35076 0)
(-0.012793 1.40817 0)
(-0.0173911 1.43364 0)
(-0.0142272 1.44292 0)
(-0.0238244 1.45948 0)
(-0.011658 1.57407 0)
(-0.0265794 1.86928 0)
(-0.0246136 2.52025 0)
(-0.0311082 2.94146 0)
(-0.0270017 3.05779 0)
(-0.025908 3.04344 0)
(-0.0215125 2.81668 0)
(-0.0147206 2.26051 0)
(-0.00340617 1.36717 0)
(0.000144365 0.41935 0)
(5.49766e-05 0.173431 0)
(0.000375308 0.500758 0)
(0.000205984 0.807749 0)
(-0.00188827 1.06411 0)
(-0.00524193 1.25185 0)
(-0.00828334 1.36035 0)
(-0.0114792 1.41558 0)
(-0.0162328 1.43791 0)
(-0.0130695 1.44557 0)
(-0.0228046 1.46117 0)
(-0.0118768 1.57724 0)
(-0.0262114 1.87798 0)
(-0.0242758 2.52635 0)
(-0.0296903 2.94144 0)
(-0.0261494 3.05361 0)
(-0.0250264 3.03404 0)
(-0.0207464 2.79508 0)
(-0.014431 2.22253 0)
(-0.00446808 1.3276 0)
(-0.000743429 0.407127 0)
(-0.232064 1.55271 1.26756e-22)
(0.391733 3.22553 1.35638e-20)
(0.0892101 3.45885 6.52281e-20)
(0.194877 3.42956 0)
(0.152048 3.38536 0)
(0.145658 3.33964 -3.68562e-19)
(0.147468 3.31284 3.73441e-19)
(0.120575 3.27313 -3.99439e-19)
(0.110594 3.18312 7.40142e-21)
(0.0913086 2.56958 5.50198e-19)
(-0.10506 2.31026 1.13317e-23)
(0.127995 3.2815 1.64484e-19)
(0.00809484 3.43323 0)
(0.0939856 3.38724 0)
(0.0689784 3.34253 1.09212e-20)
(0.0738975 3.30619 7.63957e-19)
(0.0705948 3.27741 -4.26048e-19)
(0.0476564 3.24279 -7.15172e-21)
(0.048938 3.08623 6.81892e-21)
(0.000634644 2.08877 0)
(-0.0281272 2.06479 1.73262e-19)
(0.0832587 3.13575 -1.84287e-19)
(0.0206503 3.34233 0)
(0.0690094 3.32284 3.51657e-19)
(0.0485603 3.30229 -1.31778e-21)
(0.0494118 3.28148 -3.97333e-19)
(0.0444009 3.26615 -4.94464e-19)
(0.0289854 3.24663 -2.05624e-22)
(0.0401888 3.12047 7.02924e-21)
(-0.0169046 2.2127 0)
(-0.0412619 2.01133 -4.29198e-20)
(0.0264335 3.11409 0)
(-0.015346 3.30694 -1.86192e-19)
(0.0190843 3.30626 -1.52532e-19)
(0.0145563 3.28262 1.39307e-20)
(0.0204975 3.26119 -2.58058e-19)
(0.0257494 3.24705 2.29297e-19)
(0.0207743 3.23394 -8.26728e-21)
(0.0415005 3.12625 1.08724e-20)
(0.00708163 2.25125 2.84248e-19)
(-0.0532357 2.02235 -1.43641e-19)
(0.0117391 3.08792 0)
(-0.00875341 3.26575 4.02293e-19)
(0.00933991 3.26164 -2.22296e-19)
(0.0130768 3.24803 -6.89209e-22)
(0.0157768 3.23804 -2.48849e-21)
(0.0210903 3.23315 -1.55857e-20)
(0.0214897 3.22472 -2.93997e-19)
(0.0426962 3.12821 8.07101e-21)
(-0.00313577 2.31263 -5.95909e-19)
(-0.0500062 2.08178 0)
(-0.0109715 3.08486 -2.2208e-19)
(-0.0290621 3.24196 1.88695e-20)
(-0.0159927 3.24648 -1.54594e-20)
(-0.00642732 3.232 1.58245e-20)
(0.00286903 3.2195 2.62668e-19)
(0.0150535 3.21181 2.74863e-19)
(0.0207493 3.20551 5.78936e-19)
(0.0426344 3.12417 3.21162e-19)
(0.0105262 2.3545 -1.67452e-20)
(-0.051378 2.14062 0)
(-0.0203425 3.08139 2.29734e-19)
(-0.0195163 3.21353 -2.4127e-19)
(-0.0120054 3.21264 -1.67145e-20)
(-0.000720224 3.2025 3.45687e-20)
(0.00718975 3.19627 3.61753e-22)
(0.016677 3.19518 -1.86009e-20)
(0.0217162 3.19132 -3.02935e-19)
(0.0422436 3.12187 -3.12125e-19)
(0.00383408 2.41996 -1.73235e-20)
(-0.0476364 2.22726 2.65751e-19)
(-0.0288458 3.08511 -1.23468e-20)
(-0.0323055 3.19369 8.51836e-21)
(-0.0239103 3.19519 0)
(-0.0136571 3.18541 0)
(-0.00137143 3.17757 0)
(0.012875 3.17224 0)
(0.0205946 3.16931 3.38848e-19)
(0.0412155 3.1127 -3.48985e-19)
(0.0152721 2.46399 3.44939e-19)
(-0.0464667 2.30654 2.61864e-20)
(-0.0330704 3.08456 2.8366e-19)
(-0.0212233 3.16951 0)
(-0.0146689 3.16538 -1.91026e-20)
(-0.00403746 3.15772 1.95355e-20)
(0.00515555 3.15355 0)
(0.0151157 3.15383 -1.05994e-20)
(0.0206814 3.15297 -3.28866e-19)
(0.0401203 3.10936 3.50636e-19)
(0.0104179 2.53313 0)
(-0.0436823 2.40309 1.60551e-20)
(-0.0359168 3.0861 -4.35216e-19)
(-0.0300754 3.14968 0)
(-0.0225469 3.14679 0)
(-0.0137311 3.13904 2.0987e-20)
(-0.00205297 3.13331 -1.77233e-19)
(0.0113321 3.12939 -2.21506e-20)
(0.0191419 3.12926 1.88991e-19)
(0.0386089 3.09616 0)
(0.0191758 2.58108 0)
(-0.0400985 2.49077 -4.6043e-19)
(-0.0385686 3.08228 1.56026e-19)
(-0.0206242 3.12431 0)
(-0.0128388 3.1163 0)
(-0.00334096 3.10964 0)
(0.00549651 3.10688 3.65276e-19)
(0.0146113 3.10848 0)
(0.0201327 3.11076 -2.01638e-19)
(0.037847 3.09051 1.24674e-20)
(0.0149547 2.65385 2.11342e-19)
(-0.0376781 2.58935 1.64386e-19)
(-0.0398386 3.07573 -1.59933e-20)
(-0.0296236 3.10129 1.91792e-19)
(-0.0210818 3.09498 1.86461e-19)
(-0.0124854 3.08833 0)
(-0.000734494 3.08391 -1.87816e-19)
(0.0122566 3.08161 0)
(0.0209739 3.08442 0)
(0.0385632 3.07214 0)
(0.0222658 2.70642 -2.12323e-19)
(-0.0351479 2.67855 -1.74426e-19)
(-0.0429727 3.06241 1.80134e-19)
(-0.0235574 3.07218 -1.80798e-19)
(-0.0130599 3.06222 -2.85195e-19)
(-0.00278728 3.05706 0)
(0.00706591 3.05573 2.55225e-20)
(0.0169559 3.05851 -1.30275e-20)
(0.0247651 3.06323 9.72154e-20)
(0.0417246 3.06163 1.20703e-19)
(0.0208647 2.78046 -1.24193e-19)
(-0.0343416 2.77287 1.78967e-19)
(-0.0461137 3.04523 -1.72602e-19)
(-0.0329027 3.04584 1.23114e-20)
(-0.0209274 3.04029 7.26719e-20)
(-0.0112356 3.03616 -1.04429e-19)
(0.000324495 3.03352 0)
(0.0136753 3.03224 1.12239e-19)
(0.0256226 3.03555 4.9498e-21)
(0.0446207 3.03658 -2.33699e-19)
(0.0286834 2.83262 -6.55242e-21)
(-0.0296125 2.85529 -5.12364e-20)
(-0.0442437 3.02155 1.25197e-20)
(-0.0231809 3.01779 -6.499e-20)
(-0.0111621 3.01445 2.66011e-20)
(-0.00219638 3.01414 1.27242e-19)
(0.0062745 3.01343 -5.4169e-20)
(0.0146283 3.01411 -5.38776e-20)
(0.0233337 3.01713 -5.58999e-20)
(0.0418055 3.02184 1.20087e-19)
(0.0248546 2.90034 5.86617e-20)
(-0.0176173 2.94043 4.11862e-20)
(-0.0260018 3.0008 1.82094e-20)
(-0.0161357 3.00082 3.58107e-20)
(-0.00939973 3.00162 -7.33859e-20)
(-0.00417392 3.00264 2.48031e-20)
(0.000698175 3.00214 5.04221e-20)
(0.00531927 3.00067 -5.26703e-20)
(0.0107505 2.99901 -5.49744e-20)
(0.0217842 2.99713 7.45189e-21)
(0.0165197 2.94913 5.28482e-20)
)
;

boundaryField
{
    wall-4
    {
        type            noSlip;
    }
    pressure-outlet-7
    {
        type            zeroGradient;
    }
    velocity-inlet-6
    {
        type            fixedValue;
        value           uniform (0 3 0);
    }
    velocity-inlet-5
    {
        type            fixedValue;
        value           uniform (1 0 0);
    }
    frontAndBackPlanes
    {
        type            empty;
    }
}


// ************************************************************************* //
