/*--------------------------------*- C++ -*----------------------------------*\
| =========                 |                                                 |
| \\      /  F ield         | OpenFOAM: The Open Source CFD Toolbox           |
|  \\    /   O peration     | Version:  v2012                                 |
|   \\  /    A nd           | Website:  www.openfoam.com                      |
|    \\/     M anipulation  |                                                 |
\*---------------------------------------------------------------------------*/
FoamFile
{
    version     2.0;
    format      ascii;
    class       volVectorField;
    location    "58";
    object      U;
}
// * * * * * * * * * * * * * * * * * * * * * * * * * * * * * * * * * * * * * //

dimensions      [0 1 -1 0 0 0 0];


internalField   nonuniform List<vector> 
2200
(
(0.878856 -0.0304114 0)
(1.0058 -0.0512811 0)
(1.00331 -0.0353849 0)
(1.00033 -0.024437 0)
(0.999911 -0.0166589 0)
(1 -0.0107287 0)
(1.00002 -0.0068355 0)
(1.00002 -0.00418826 0)
(0.999996 -0.00216562 0)
(1.00018 -0.000624678 0)
(0.999993 0.0010995 0)
(0.99997 0.00256082 0)
(1.00018 0.00447916 0)
(1.00014 0.00704921 0)
(1.00009 0.0108249 0)
(1.00006 0.0166453 0)
(1.00038 0.0243719 0)
(1.00349 0.0348725 0)
(1.00599 0.0513763 0)
(0.879054 0.0302997 0)
(0.711992 -0.0327668 0)
(0.99664 -0.0630169 0)
(1.03329 -0.0561895 0)
(1.02482 -0.0464414 0)
(1.01583 -0.036153 0)
(1.00967 -0.0264168 0)
(1.00593 -0.018177 0)
(1.00378 -0.011458 0)
(1.0026 -0.00613408 0)
(1.00206 -0.0016768 0)
(1.00206 0.00251426 0)
(1.00243 0.00708308 0)
(1.00341 0.0123468 0)
(1.00561 0.0189531 0)
(1.00938 0.027204 0)
(1.01546 0.0369607 0)
(1.02457 0.0474483 0)
(1.03315 0.057966 0)
(0.996704 0.063143 0)
(0.711775 0.0330319 0)
(0.535576 -0.0238884 0)
(0.969916 -0.056923 0)
(1.05645 -0.0546881 0)
(1.05231 -0.0487284 0)
(1.03629 -0.0403808 0)
(1.02445 -0.0322173 0)
(1.01589 -0.0239369 0)
(1.01037 -0.0160829 0)
(1.00712 -0.00875621 0)
(1.00564 -0.00205903 0)
(1.00569 0.00432831 0)
(1.00716 0.010716 0)
(1.01039 0.0177662 0)
(1.01572 0.025433 0)
(1.02421 0.0334255 0)
(1.03624 0.0413956 0)
(1.05229 0.0493894 0)
(1.05633 0.0532814 0)
(0.969222 0.0576373 0)
(0.534415 0.0239344 0)
(0.392298 -0.0136573 0)
(0.911766 -0.0464075 0)
(1.05748 -0.0469584 0)
(1.06948 -0.0443407 0)
(1.05483 -0.0382117 0)
(1.03934 -0.031513 0)
(1.02759 -0.0247248 0)
(1.01912 -0.0174664 0)
(1.01378 -0.0100154 0)
(1.0111 -0.00251294 0)
(1.01071 0.0049924 0)
(1.01298 0.0125261 0)
(1.01813 0.0198028 0)
(1.02659 0.0266463 0)
(1.03839 0.0330665 0)
(1.05389 0.0395267 0)
(1.0681 0.0456229 0)
(1.0555 0.0483169 0)
(0.909893 0.0469893 0)
(0.389944 0.0137783 0)
(0.307682 -0.00451388 0)
(0.846755 -0.0323814 0)
(1.04946 -0.039923 0)
(1.07953 -0.0381661 0)
(1.06828 -0.0335192 0)
(1.05172 -0.0279415 0)
(1.03832 -0.0225455 0)
(1.02807 -0.0165128 0)
(1.02095 -0.00956989 0)
(1.01716 -0.00186512 0)
(1.01721 0.00605104 0)
(1.02082 0.0132795 0)
(1.02752 0.0197603 0)
(1.03735 0.0254445 0)
(1.05037 0.0303757 0)
(1.06679 0.0356657 0)
(1.07783 0.0399788 0)
(1.04743 0.0417056 0)
(0.843081 0.0329438 0)
(0.303815 0.00473073 0)
(0.264249 0.000105047 0)
(0.788959 -0.0200619 0)
(1.03335 -0.0314533 0)
(1.08349 -0.0320201 0)
(1.07725 -0.0287572 0)
(1.06082 -0.0238481 0)
(1.04723 -0.0193933 0)
(1.03638 -0.014289 0)
(1.0286 -0.00825085 0)
(1.02414 -0.00129343 0)
(1.02342 0.00594837 0)
(1.02702 0.0127953 0)
(1.0344 0.0184476 0)
(1.04498 0.0230322 0)
(1.05851 0.0270624 0)
(1.0748 0.0314957 0)
(1.08028 0.0342527 0)
(1.02911 0.0333074 0)
(0.782643 0.0207325 0)
(0.258816 0.00011773 0)
(0.240329 0.00106523 0)
(0.738361 -0.0122956 0)
(1.01371 -0.0250128 0)
(1.08409 -0.0267984 0)
(1.08305 -0.024514 0)
(1.06781 -0.0203632 0)
(1.05425 -0.0163207 0)
(1.04338 -0.0118244 0)
(1.03518 -0.00645256 0)
(1.03022 -3.9361e-05 0)
(1.03008 0.00677508 0)
(1.0343 0.0125591 0)
(1.04165 0.017247 0)
(1.05191 0.0211801 0)
(1.06493 0.0245323 0)
(1.07958 0.0279861 0)
(1.0801 0.0295892 0)
(1.00779 0.0271848 0)
(0.729128 0.013126 0)
(0.233238 -0.000841918 0)
(0.225964 0.000956369 0)
(0.69541 -0.00805047 0)
(0.993016 -0.0207669 0)
(1.08218 -0.0231481 0)
(1.08685 -0.0212871 0)
(1.0734 -0.0177192 0)
(1.05991 -0.0139234 0)
(1.04931 -0.00960476 0)
(1.04138 -0.00461945 0)
(1.03653 0.000991445 0)
(1.03542 0.00674343 0)
(1.0388 0.0121286 0)
(1.04585 0.0164722 0)
(1.0559 0.0199427 0)
(1.06923 0.0230238 0)
(1.08199 0.0258055 0)
(1.07562 0.0267404 0)
(0.983325 0.0234047 0)
(0.681994 0.0091046 0)
(0.216801 -0.000715438 0)
(0.216391 0.000623543 0)
(0.660022 -0.00567709 0)
(0.972532 -0.0176303 0)
(1.07954 -0.0202377 0)
(1.09026 -0.0186827 0)
(1.07824 -0.0155664 0)
(1.06488 -0.0119047 0)
(1.05436 -0.00772987 0)
(1.04639 -0.00294054 0)
(1.04119 0.00247861 0)
(1.04058 0.00803244 0)
(1.04423 0.0126406 0)
(1.05084 0.0163796 0)
(1.06025 0.0196231 0)
(1.07274 0.0222757 0)
(1.08357 0.0244145 0)
(1.07114 0.0249128 0)
(0.959606 0.0209491 0)
(0.642141 0.00705158 0)
(0.204786 -0.000338213 0)
(0.209166 0.000293954 0)
(0.631365 -0.00423539 0)
(0.953538 -0.0150557 0)
(1.07627 -0.0179996 0)
(1.09328 -0.0166653 0)
(1.08286 -0.0137274 0)
(1.06943 -0.0101474 0)
(1.05899 -0.00604132 0)
(1.05125 -0.00133757 0)
(1.0464 0.00366844 0)
(1.04481 0.00859001 0)
(1.04717 0.013116 0)
(1.05329 0.0168671 0)
(1.06268 0.0196333 0)
(1.07558 0.0220289 0)
(1.08447 0.0237827 0)
(1.06406 0.0237184 0)
(0.934733 0.0190462 0)
(0.607203 0.0058924 0)
(0.194354 3.25186e-05 0)
(0.203313 8.11898e-05 0)
(0.608057 -0.00316658 0)
(0.935641 -0.0126002 0)
(1.0733 -0.0156256 0)
(1.09669 -0.0144715 0)
(1.08758 -0.0117346 0)
(1.07411 -0.00821572 0)
(1.06339 -0.00421657 0)
(1.05525 0.000421254 0)
(1.04973 0.00555615 0)
(1.04837 0.0104506 0)
(1.05135 0.0146162 0)
(1.05722 0.0176032 0)
(1.06609 0.0202602 0)
(1.07808 0.0223044 0)
(1.08494 0.0235043 0)
(1.05743 0.0229309 0)
(0.9112 0.01751 0)
(0.577161 0.00524312 0)
(0.184833 0.000317133 0)
(0.198695 1.74147e-06 0)
(0.589738 -0.00231527 0)
(0.920104 -0.0103027 0)
(1.07018 -0.0135593 0)
(1.09995 -0.0125144 0)
(1.09244 -0.00975747 0)
(1.07883 -0.00617675 0)
(1.06794 -0.00227826 0)
(1.05975 0.00218687 0)
(1.05435 0.00697592 0)
(1.05207 0.011756 0)
(1.05334 0.0155496 0)
(1.05871 0.0187948 0)
(1.06779 0.0208499 0)
(1.08035 0.0226207 0)
(1.08469 0.0235413 0)
(1.04838 0.0222605 0)
(0.886615 0.0162523 0)
(0.549622 0.00484209 0)
(0.175439 0.000483017 0)
(0.195101 2.6186e-05 0)
(0.575009 -0.00156585 0)
(0.905497 -0.00813735 0)
(1.06743 -0.011071 0)
(1.10356 -0.010008 0)
(1.09738 -0.00733512 0)
(1.08361 -0.00380157 0)
(1.07214 0.000197642 0)
(1.06317 0.00479497 0)
(1.05667 0.00981862 0)
(1.05418 0.0143208 0)
(1.05656 0.0180442 0)
(1.06214 0.0201485 0)
(1.07086 0.0221219 0)
(1.08192 0.0235113 0)
(1.08396 0.0238909 0)
(1.03952 0.0221303 0)
(0.863051 0.0153834 0)
(0.524838 0.00465686 0)
(0.166432 0.000569778 0)
(0.192961 6.39431e-05 0)
(0.564411 -0.000796555 0)
(0.89417 -0.00594941 0)
(1.06498 -0.00883092 0)
(1.10705 -0.00763178 0)
(1.10254 -0.00477765 0)
(1.08884 -0.00105463 0)
(1.07724 0.00284582 0)
(1.06816 0.00726178 0)
(1.06166 0.0119345 0)
(1.05823 0.0164942 0)
(1.05838 0.0196812 0)
(1.06291 0.0222887 0)
(1.07183 0.0235315 0)
(1.083 0.0244359 0)
(1.0822 0.0244683 0)
(1.02756 0.0221501 0)
(0.837736 0.0147874 0)
(0.500632 0.00458713 0)
(0.157273 0.000610116 0)
(0.192038 9.98069e-05 0)
(0.556861 -0.000243819 0)
(0.883761 -0.00401117 0)
(1.06328 -0.00614786 0)
(1.11109 -0.00473398 0)
(1.10788 -0.00176661 0)
(1.09407 0.00198169 0)
(1.08174 0.00621689 0)
(1.07155 0.0109695 0)
(1.06363 0.0160146 0)
(1.05973 0.0201686 0)
(1.06096 0.0231439 0)
(1.0661 0.0244874 0)
(1.07438 0.0256702 0)
(1.08307 0.026162 0)
(1.07956 0.0256258 0)
(1.01605 0.0225786 0)
(0.81345 0.0145557 0)
(0.478041 0.00460685 0)
(0.148392 0.000626236 0)
(0.192584 8.65653e-05 0)
(0.552469 0.000813436 0)
(0.877472 -0.0015933 0)
(1.06253 -0.0034733 0)
(1.11529 -0.00167444 0)
(1.11355 0.00161719 0)
(1.09983 0.00578789 0)
(1.08746 0.0100911 0)
(1.07721 0.0147618 0)
(1.069 0.019322 0)
(1.06375 0.023367 0)
(1.06255 0.0260068 0)
(1.06566 0.0275429 0)
(1.07394 0.0280676 0)
(1.08285 0.0281733 0)
(1.0751 0.027211 0)
(1.00076 0.023383 0)
(0.786521 0.0146787 0)
(0.4546 0.00474393 0)
(0.139054 0.000651654 0)
(0.194601 0.00022336 0)
(0.552663 0.0015096 0)
(0.87253 0.000448101 0)
(1.0632 -0.000133897 0)
(1.12038 0.00207171 0)
(1.11967 0.00569999 0)
(1.10568 0.0100711 0)
(1.09231 0.0148751 0)
(1.08057 0.0199904 0)
(1.07072 0.0250457 0)
(1.06489 0.0287948 0)
(1.06429 0.0305924 0)
(1.0685 0.0315785 0)
(1.07578 0.0318309 0)
(1.08129 0.0311105 0)
(1.07001 0.0294455 0)
(0.985937 0.0247325 0)
(0.760269 0.0151326 0)
(0.43185 0.00500012 0)
(0.129711 0.000680769 0)
(0.198707 0.000660757 0)
(0.555241 0.00229464 0)
(0.872766 0.00328279 0)
(1.06567 0.00316136 0)
(1.12631 0.00599635 0)
(1.1267 0.0100022 0)
(1.11246 0.0149916 0)
(1.09888 0.0200815 0)
(1.08711 0.0253211 0)
(1.07684 0.0301258 0)
(1.069 0.0336088 0)
(1.06538 0.0355404 0)
(1.06634 0.0358455 0)
(1.07338 0.0353004 0)
(1.07967 0.0346895 0)
(1.06256 0.0323413 0)
(0.966245 0.0264668 0)
(0.730248 0.0159767 0)
(0.406899 0.00536448 0)
(0.119432 0.000715306 0)
(0.204999 0.000866665 0)
(0.561791 0.00340064 0)
(0.876396 0.00573449 0)
(1.07025 0.00733412 0)
(1.13317 0.0107957 0)
(1.13443 0.0155033 0)
(1.11967 0.0209867 0)
(1.10469 0.0268054 0)
(1.09078 0.0327561 0)
(1.07793 0.0380879 0)
(1.06904 0.0416598 0)
(1.06622 0.0424373 0)
(1.06857 0.0421358 0)
(1.07447 0.0413548 0)
(1.07573 0.0393317 0)
(1.05399 0.0358416 0)
(0.946602 0.0288806 0)
(0.700135 0.0171519 0)
(0.38164 0.00582508 0)
(0.108821 0.000752802 0)
(0.213366 0.00104934 0)
(0.572994 0.00471563 0)
(0.884496 0.00885901 0)
(1.07764 0.0119212 0)
(1.14142 0.0164454 0)
(1.14322 0.0216011 0)
(1.12756 0.0278873 0)
(1.1117 0.0341984 0)
(1.09713 0.0404867 0)
(1.08368 0.0459073 0)
(1.0724 0.0488715 0)
(1.06573 0.0497829 0)
(1.06449 0.0488876 0)
(1.06945 0.0467284 0)
(1.07209 0.0448287 0)
(1.04235 0.040325 0)
(0.920862 0.0316861 0)
(0.664761 0.0186803 0)
(0.352927 0.00634606 0)
(0.0969082 0.000782083 0)
(0.225572 0.00139211 0)
(0.590959 0.0066688 0)
(0.89903 0.0131725 0)
(1.08819 0.0181436 0)
(1.15119 0.0235755 0)
(1.15316 0.029802 0)
(1.13664 0.0370045 0)
(1.11918 0.0443549 0)
(1.102 0.0515324 0)
(1.08484 0.0572233 0)
(1.07134 0.0598178 0)
(1.06528 0.0592637 0)
(1.06537 0.0576024 0)
(1.06915 0.0553219 0)
(1.06479 0.0514554 0)
(1.02857 0.0455423 0)
(0.894369 0.0353242 0)
(0.628207 0.0205114 0)
(0.323021 0.00691764 0)
(0.0844964 0.000809475 0)
(0.241231 0.00193472 0)
(0.614296 0.00848998 0)
(0.919731 0.0178329 0)
(1.10336 0.0251333 0)
(1.16348 0.0323453 0)
(1.16502 0.0396013 0)
(1.14669 0.0480771 0)
(1.12717 0.0560244 0)
(1.10775 0.0632623 0)
(1.08881 0.0685264 0)
(1.07308 0.0708546 0)
(1.06339 0.0700239 0)
(1.05946 0.0672772 0)
(1.06094 0.0630626 0)
(1.05784 0.0590539 0)
(1.01097 0.0517167 0)
(0.859779 0.0391042 0)
(0.584559 0.0225041 0)
(0.28865 0.00743725 0)
(0.0706516 0.000812248 0)
(0.26304 0.00279762 0)
(0.647119 0.0122233 0)
(0.948683 0.0245819 0)
(1.12298 0.0346559 0)
(1.17846 0.043086 0)
(1.17881 0.0525579 0)
(1.15824 0.0622119 0)
(1.13614 0.0714248 0)
(1.11364 0.0795652 0)
(1.09097 0.0851318 0)
(1.07168 0.0856587 0)
(1.06108 0.08263 0)
(1.05826 0.0785592 0)
(1.05894 0.0744796 0)
(1.04656 0.0681535 0)
(0.989835 0.0586948 0)
(0.823674 0.0440374 0)
(0.538992 0.0247145 0)
(0.252873 0.00792522 0)
(0.0565376 0.000793722 0)
(0.294077 0.00367953 0)
(0.691762 0.015405 0)
(0.986945 0.0327215 0)
(1.14909 0.0464247 0)
(1.19702 0.0578191 0)
(1.19466 0.0693015 0)
(1.17032 0.0807385 0)
(1.14458 0.0904604 0)
(1.11827 0.0978182 0)
(1.09169 0.101209 0)
(1.06971 0.100679 0)
(1.05661 0.0972748 0)
(1.05004 0.0919658 0)
(1.04737 0.0848428 0)
(1.03453 0.0781436 0)
(0.963647 0.0667813 0)
(0.776312 0.048431 0)
(0.48329 0.0266461 0)
(0.21169 0.00815829 0)
(0.04108 0.000699389 0)
(0.330419 0.00707875 0)
(0.749942 0.024661 0)
(1.03668 0.0466149 0)
(1.1814 0.0645305 0)
(1.21955 0.0773267 0)
(1.21299 0.0918618 0)
(1.18399 0.103966 0)
(1.15416 0.113732 0)
(1.12395 0.120739 0)
(1.09431 0.123985 0)
(1.06897 0.121715 0)
(1.05269 0.114467 0)
(1.04541 0.106646 0)
(1.04227 0.0997214 0)
(1.01742 0.089715 0)
(0.931365 0.0749793 0)
(0.726577 0.0539333 0)
(0.427334 0.0287943 0)
(0.170786 0.00818709 0)
(0.0268571 0.00060983 0)
(0.410221 0.0106146 0)
(0.837213 0.0356775 0)
(1.10218 0.0671452 0)
(1.22146 0.0897894 0)
(1.24635 0.105889 6.26936e-34)
(1.23263 0.122108 -2.82725e-34)
(1.19711 0.13431 0)
(1.16222 0.142971 0)
(1.12719 0.147883 0)
(1.09205 0.147195 0)
(1.06185 0.140344 0)
(1.04426 0.132353 0)
(1.03564 0.123583 0)
(1.02628 0.112932 0)
(0.997673 0.101729 0)
(0.892758 0.0842013 0)
(0.662025 0.0579161 0)
(0.3554 0.0291744 0)
(0.121349 0.00771692 0)
(0.010856 0.000748202 0)
(0.481037 0.0258562 4.61669e-20)
(0.939436 0.0595772 -3.4961e-20)
(1.17335 0.101868 0)
(1.26255 0.128732 2.70874e-20)
(1.27402 0.144027 -2.19667e-20)
(1.25101 0.162248 2.98301e-34)
(1.20848 0.172545 0)
(1.16821 0.179026 1.59073e-20)
(1.12761 0.181255 -5.2257e-20)
(1.0882 0.1783 1.06691e-20)
(1.0574 0.171146 0)
(1.03674 0.15917 -2.7104e-20)
(1.02371 0.146315 -3.25384e-20)
(1.01426 0.135092 5.6949e-20)
(0.964667 0.119117 -4.49837e-20)
(0.830421 0.0939769 0)
(0.574017 0.0619308 -1.61995e-20)
(0.272885 0.0285393 0)
(0.071191 0.00737381 -8.93953e-20)
(-0.00613476 0.000508789 1.05356e-19)
(0.517358 0.0535351 -6.06264e-21)
(1.00405 0.102485 1.04143e-19)
(1.22364 0.151975 -5.69429e-21)
(1.29626 0.176368 -6.65593e-20)
(1.2987 0.19372 -4.65145e-20)
(1.26656 0.210056 7.56853e-20)
(1.2176 0.217502 0)
(1.1718 0.221215 0)
(1.1263 0.221003 8.31403e-20)
(1.08232 0.214872 0)
(1.04305 0.201197 9.78362e-20)
(1.0176 0.185661 2.90829e-20)
(1.00507 0.172712 4.55202e-22)
(0.980906 0.157831 -6.19752e-20)
(0.924381 0.13816 0)
(0.771721 0.109396 0)
(0.501762 0.0670127 -2.64165e-19)
(0.214766 0.0278533 6.64154e-19)
(0.0404379 0.0058223 -3.92523e-19)
(-0.0172767 -0.00118415 -4.62592e-19)
(0.524956 0.0760128 -5.81568e-20)
(1.04098 0.159411 2.23742e-20)
(1.26008 0.212416 1.23236e-20)
(1.3225 0.235662 1.15988e-19)
(1.31767 0.251376 1.4511e-20)
(1.27823 0.263266 -1.97187e-19)
(1.22371 0.26677 6.73119e-20)
(1.17246 0.267259 0)
(1.12072 0.263289 -1.75725e-19)
(1.06974 0.252893 1.56187e-19)
(1.02818 0.236586 -2.64016e-19)
(1.00234 0.220778 1.23757e-19)
(0.983246 0.204833 -8.02751e-20)
(0.964151 0.187677 1.80901e-19)
(0.892167 0.165226 0)
(0.727673 0.124756 -6.60263e-20)
(0.459752 0.074853 0)
(0.198179 0.0298524 3.63096e-19)
(0.0344967 0.0056019 -8.60886e-19)
(-0.0200344 -0.00288831 5.39446e-19)
(0.521051 0.107881 1.5764e-19)
(1.06249 0.216328 -6.94457e-20)
(1.28226 0.277669 -1.49284e-20)
(1.33963 0.300287 0)
(1.32992 0.313917 -8.59792e-20)
(1.28526 0.320683 1.06144e-19)
(1.22608 0.319391 -7.19823e-20)
(1.17012 0.315508 0)
(1.11436 0.307468 1.24834e-19)
(1.06061 0.29295 -1.09715e-19)
(1.01546 0.273917 2.28613e-19)
(0.982983 0.254359 0)
(0.961756 0.235929 -1.70551e-19)
(0.928737 0.215262 9.60692e-20)
(0.85968 0.186858 2.42168e-19)
(0.697717 0.144624 -2.13076e-19)
(0.442656 0.0870188 3.37274e-19)
(0.195732 0.0361564 -7.45507e-19)
(0.037335 0.00669854 4.72094e-19)
(-0.0191322 -0.00394969 -5.90574e-19)
(0.509074 0.13196 -5.1511e-20)
(1.06891 0.269577 3.66967e-20)
(1.29269 0.343047 -4.9728e-20)
(1.34864 0.365823 1.00527e-19)
(1.33555 0.377289 -9.57756e-20)
(1.28726 0.37902 3.34052e-20)
(1.2247 0.37302 3.68609e-21)
(1.165 0.364813 -1.4092e-19)
(1.10461 0.352215 -1.30786e-19)
(1.04452 0.333292 -2.35675e-19)
(0.993294 0.310018 -4.9168e-19)
(0.959847 0.287368 -1.5165e-19)
(0.936636 0.266147 2.2404e-21)
(0.910883 0.2457 -3.29361e-19)
(0.835221 0.21658 -5.50905e-21)
(0.675406 0.164733 3.10239e-19)
(0.434189 0.100473 -9.33815e-20)
(0.20112 0.0447382 -5.40479e-20)
(0.0464489 0.00932133 0)
(-0.0150507 -0.00400762 1.25607e-18)
(0.493145 0.152929 0)
(1.06522 0.320012 -2.10968e-21)
(1.29544 0.406682 0)
(1.35085 0.42993 -1.28641e-20)
(1.33532 0.440261 9.20881e-20)
(1.28463 0.437566 -7.81362e-20)
(1.21923 0.427113 7.8459e-20)
(1.15591 0.414518 2.31493e-19)
(1.09163 0.397871 -7.28941e-20)
(1.02866 0.375049 1.16391e-19)
(0.976031 0.348246 2.64356e-19)
(0.939695 0.322072 3.3066e-19)
(0.912936 0.299455 -1.99264e-19)
(0.87623 0.274286 3.56761e-19)
(0.805816 0.239467 -2.82782e-19)
(0.655958 0.188502 0)
(0.430326 0.118133 -7.0898e-19)
(0.212082 0.0563494 9.54235e-19)
(0.0598989 0.0149889 7.12289e-20)
(-0.00871677 -0.00295144 -1.32895e-18)
(0.477828 0.172735 -5.08295e-21)
(1.05569 0.367129 -2.06193e-20)
(1.29207 0.46694 5.84334e-20)
(1.34818 0.491732 -7.90494e-20)
(1.33063 0.501022 7.70305e-20)
(1.27794 0.494356 -7.54253e-20)
(1.21035 0.480107 1.55283e-19)
(1.14465 0.463656 -6.92792e-20)
(1.07763 0.442527 -2.93821e-19)
(1.01167 0.414943 -1.4513e-22)
(0.955021 0.384131 -2.87551e-19)
(0.913998 0.354687 -3.56039e-19)
(0.886204 0.330021 2.20214e-19)
(0.858186 0.305199 -1.2839e-19)
(0.784159 0.271156 3.07702e-19)
(0.639276 0.209718 0)
(0.426651 0.136559 -4.40717e-19)
(0.220876 0.0687102 6.5094e-19)
(0.0717644 0.0217717 1.23143e-18)
(-0.00248825 -0.00122314 -1.44819e-18)
(0.464082 0.190587 -7.65161e-20)
(1.04462 0.412478 3.26497e-20)
(1.28544 0.524922 -3.54025e-20)
(1.34143 0.550892 8.15826e-20)
(1.32214 0.559731 1.20955e-20)
(1.26814 0.549655 -1.47667e-19)
(1.19899 0.531779 -9.02931e-20)
(1.13126 0.511422 -8.89419e-20)
(1.06187 0.486597 -1.65979e-19)
(0.993038 0.455771 2.67108e-19)
(0.932515 0.42075 2.90439e-19)
(0.891695 0.389171 5.64947e-19)
(0.86251 0.362095 0)
(0.823238 0.333484 6.51434e-21)
(0.757227 0.292809 -8.46185e-19)
(0.621891 0.234809 1.98274e-19)
(0.423172 0.155166 9.55697e-19)
(0.228649 0.0822723 -2.82046e-19)
(0.0827092 0.0295028 5.85643e-19)
(0.0035414 0.00103579 -4.88102e-20)
(0.453424 0.208279 5.8329e-21)
(1.03167 0.4543 5.26162e-20)
(1.27561 0.579378 -1.25033e-20)
(1.33208 0.607417 8.5011e-20)
(1.31146 0.615462 -1.49122e-19)
(1.25636 0.602132 1.46318e-19)
(1.18594 0.581203 9.34331e-20)
(1.1168 0.557688 2.65449e-19)
(1.04529 0.529315 3.32939e-19)
(0.973565 0.494542 -3.0901e-19)
(0.911762 0.455706 0)
(0.867041 0.421634 -2.13951e-19)
(0.834944 0.390696 2.4564e-19)
(0.805823 0.362537 3.10413e-19)
(0.736283 0.324235 -1.79575e-19)
(0.605308 0.25531 -4.37468e-19)
(0.417562 0.173626 -1.30441e-19)
(0.23346 0.0955795 -1.90527e-21)
(0.0908378 0.0371808 0)
(0.00830732 0.00331103 0)
(0.44541 0.224483 -7.8216e-20)
(1.02039 0.495204 0)
(1.26476 0.631524 2.41925e-21)
(1.32059 0.661051 -1.39357e-20)
(1.29875 0.668574 1.70423e-19)
(1.24283 0.652545 -4.30863e-20)
(1.17143 0.628776 9.49107e-20)
(1.10079 0.602064 -1.79497e-19)
(1.02734 0.570716 2.52539e-19)
(0.95363 0.53277 -1.01889e-19)
(0.889006 0.490161 1.66557e-19)
(0.843384 0.452171 6.78923e-19)
(0.811986 0.420638 1.43526e-20)
(0.772371 0.38835 -3.23839e-19)
(0.70973 0.343099 6.00167e-19)
(0.586416 0.279288 3.8511e-21)
(0.41028 0.190693 1.39553e-19)
(0.234398 0.108338 -6.654e-19)
(0.0953371 0.0438104 6.85837e-19)
(0.0116345 0.00531236 -8.08003e-19)
(0.438224 0.241897 2.78104e-23)
(1.00767 0.532357 0)
(1.25221 0.679883 0)
(1.30784 0.711958 -4.56563e-22)
(1.28509 0.718715 -4.99281e-20)
(1.22844 0.699991 6.81327e-20)
(1.15617 0.673774 -1.76177e-19)
(1.08449 0.644613 0)
(1.00946 0.610485 -3.72545e-19)
(0.933191 0.569282 4.47829e-19)
(0.866593 0.523822 4.75595e-19)
(0.818002 0.483121 -2.49277e-19)
(0.784572 0.447167 -3.02e-19)
(0.755216 0.413819 7.08338e-19)
(0.68854 0.372027 -2.13341e-19)
(0.56786 0.295904 -2.54533e-19)
(0.398886 0.206246 -1.52273e-19)
(0.231217 0.118262 -7.18641e-19)
(0.0960597 0.049124 1.05366e-19)
(0.0134816 0.00665711 8.74199e-19)
(0.433825 0.259851 -3.83868e-20)
(0.997524 0.569403 -5.10872e-20)
(1.23959 0.726151 2.36402e-20)
(1.29407 0.759847 -1.95813e-22)
(1.27041 0.766071 -5.30989e-20)
(1.21312 0.745221 1.09e-19)
(1.14013 0.716814 0)
(1.06744 0.68512 1.08697e-19)
(0.991058 0.648769 -8.5708e-20)
(0.913292 0.605 7.47337e-19)
(0.84394 0.555907 -1.0781e-19)
(0.795115 0.510343 1.23498e-19)
(0.761949 0.474465 0)
(0.721528 0.43783 -3.83649e-19)
(0.66168 0.385668 4.65053e-19)
(0.547206 0.315966 0)
(0.387396 0.21923 -3.27975e-19)
(0.225765 0.127054 9.65219e-19)
(0.0939754 0.0526528 1.14397e-19)
(0.0138502 0.00746524 -1.07652e-18)
(0.430922 0.27687 -9.65544e-20)
(0.98652 0.602835 1.23479e-19)
(1.22605 0.768803 0)
(1.27986 0.805017 1.86252e-20)
(1.25549 0.810697 0)
(1.19767 0.78767 -1.42228e-19)
(1.12422 0.757255 0)
(1.05097 0.723681 0)
(0.973332 0.68522 -1.13804e-19)
(0.892877 0.63888 -7.10491e-19)
(0.820742 0.587403 -8.79257e-19)
(0.76911 0.539542 1.44645e-19)
(0.73339 0.498292 5.22289e-19)
(0.703991 0.45858 4.22839e-19)
(0.639842 0.410997 -1.49226e-18)
(0.527214 0.326379 -5.97697e-19)
(0.372719 0.229979 3.5025e-19)
(0.217459 0.132973 0)
(0.0904399 0.0544205 9.80067e-19)
(0.0131703 0.00788021 -1.1597e-18)
(0.429275 0.292484 1.15188e-19)
(0.97773 0.636279 -1.43343e-19)
(1.21309 0.809727 0)
(1.2654 0.847286 -1.12069e-20)
(1.24029 0.852522 -1.7676e-21)
(1.18205 0.827883 0)
(1.10821 0.795812 5.43286e-20)
(1.03418 0.760279 7.55968e-20)
(0.955147 0.720219 -2.13811e-19)
(0.873254 0.672204 9.40607e-20)
(0.798763 0.6176 0)
(0.74578 0.565514 5.99167e-19)
(0.710116 0.523455 5.57424e-21)
(0.669638 0.479475 2.28162e-19)
(0.612511 0.418279 2.70911e-19)
(0.505904 0.341234 0)
(0.359025 0.237076 -5.71157e-19)
(0.20815 0.136529 1.11932e-18)
(0.0856749 0.0550862 -1.18556e-18)
(0.0120587 0.00781348 2.49746e-18)
(0.42787 0.307436 0)
(0.967845 0.666214 0)
(1.19979 0.847141 -7.02862e-20)
(1.25107 0.88704 0)
(1.22536 0.891946 0)
(1.16675 0.865594 -1.15977e-19)
(1.09267 0.831921 5.55707e-20)
(1.01822 0.794972 1.77393e-20)
(0.938078 0.75333 -4.87791e-20)
(0.853764 0.703355 0)
(0.776005 0.646781 -1.3409e-19)
(0.719033 0.5933 -4.88787e-19)
(0.680475 0.544687 -5.89032e-19)
(0.650311 0.494949 -2.37043e-19)
(0.589665 0.43859 2.93382e-19)
(0.485046 0.344461 -6.91327e-19)
(0.343357 0.241564 1.22923e-18)
(0.198818 0.137361 1.81722e-21)
(0.0809448 0.0549022 -1.13417e-18)
(0.0109943 0.00766459 -1.68423e-19)
(0.426856 0.32186 0)
(0.960103 0.696704 -1.16684e-19)
(1.18744 0.883238 8.5762e-20)
(1.23694 0.924164 0)
(1.21057 0.92866 0)
(1.15167 0.901105 2.31593e-19)
(1.07736 0.866247 0)
(1.00227 0.827848 0)
(0.920905 0.785136 -4.69073e-19)
(0.835046 0.73434 1.30387e-19)
(0.754566 0.675838 -1.18879e-18)
(0.695661 0.618331 0)
(0.655806 0.567543 -6.40365e-19)
(0.613912 0.512684 1.04885e-20)
(0.560139 0.437563 -9.43779e-19)
(0.463004 0.351969 3.71866e-19)
(0.33051 0.240863 1.35172e-21)
(0.191533 0.134855 -1.28583e-18)
(0.0777623 0.0531392 6.10291e-19)
(0.00891943 0.00587924 1.80155e-19)
(0.42577 0.336031 0)
(0.951404 0.723787 -1.6042e-19)
(1.17496 0.916059 9.04917e-20)
(1.2232 0.959045 1.21571e-19)
(1.19628 0.963337 -9.25854e-21)
(1.13709 0.934421 2.30301e-20)
(1.06268 0.898309 -3.23944e-20)
(0.98736 0.858904 4.46759e-19)
(0.90501 0.815089 5.01774e-19)
(0.816618 0.762854 9.92611e-19)
(0.732917 0.702788 9.87729e-19)
(0.669109 0.644343 1.73819e-19)
(0.624245 0.58687 9.21252e-19)
(0.591731 0.52322 5.69673e-19)
(0.53429 0.452293 6.77419e-19)
(0.441452 0.344282 -4.06941e-19)
(0.315218 0.234016 -4.70739e-19)
(0.188863 0.129428 5.51982e-19)
(0.0820333 0.0581169 -3.28088e-19)
(0.0147771 0.0137937 5.83486e-19)
(0.424987 0.349712 2.25231e-19)
(0.944743 0.751588 2.51333e-19)
(1.16348 0.94799 5.23692e-20)
(1.20981 0.991593 1.58208e-20)
(1.18233 0.995427 -3.99109e-21)
(1.12295 0.965606 -6.40632e-20)
(1.04848 0.928701 3.10596e-20)
(0.972653 0.888292 -1.96305e-20)
(0.889101 0.8438 -5.84163e-19)
(0.799266 0.791378 -1.07741e-18)
(0.713056 0.731057 6.85639e-20)
(0.646096 0.669478 0)
(0.598876 0.60899 0)
(0.551368 0.539762 -2.97097e-19)
(0.499395 0.442526 -1.10968e-18)
(0.416893 0.34075 8.76727e-19)
(0.310305 0.215085 5.14971e-19)
(0.198127 0.109985 0)
(0.0975582 0.0304453 1.05017e-18)
(0.00866189 -0.0120894 -6.22473e-19)
(0.424083 0.362923 -1.19478e-19)
(0.937026 0.775798 1.05614e-19)
(1.15185 0.976774 -1.25639e-19)
(1.19694 1.02214 -1.03569e-19)
(1.16898 1.02584 -1.728e-20)
(1.10943 0.994918 -2.04819e-20)
(1.03498 0.957045 0)
(0.959014 0.91596 -5.61543e-19)
(0.874646 0.870771 7.11121e-20)
(0.782562 0.81753 0)
(0.693008 0.756518 0)
(0.620218 0.694232 1.112e-19)
(0.564978 0.627905 1.49665e-19)
(0.524756 0.547228 -3.21141e-19)
(0.46688 0.454367 7.96518e-19)
(0.386699 0.317721 -9.55417e-19)
(0.288675 0.19077 -1.10344e-18)
(0.213954 0.0949648 9.77694e-19)
(0.160635 0.0781795 -3.73472e-19)
(0.112111 0.0775756 2.17286e-19)
(0.423378 0.375286 1.49338e-19)
(0.931113 0.800827 0)
(1.1412 1.00499 0)
(1.18448 1.0506 -2.87655e-20)
(1.15609 1.05378 2.3288e-20)
(1.09646 1.02218 -2.02464e-20)
(1.0221 0.983833 1.40047e-19)
(0.945745 0.942122 5.74555e-19)
(0.860353 0.896603 1.05999e-18)
(0.767091 0.843625 -8.12588e-20)
(0.675084 0.78349 1.68198e-19)
(0.598664 0.719774 -9.94896e-19)
(0.540032 0.651549 -9.93365e-19)
(0.479009 0.56656 -1.72555e-19)
(0.417918 0.438792 0)
(0.348261 0.311387 -5.70597e-21)
(0.266935 0.119373 6.08727e-19)
(0.251203 -0.0076484 -1.02296e-18)
(0.216426 -0.100239 7.77461e-19)
(0.0870041 -0.097775 6.43802e-19)
(0.422335 0.387337 -3.29732e-19)
(0.923945 0.822178 -1.4862e-19)
(1.13031 1.03022 6.94136e-21)
(1.17247 1.07747 5.88642e-20)
(1.14367 1.08067 0)
(1.08394 1.04826 -5.89757e-20)
(1.00963 1.00925 -2.02455e-19)
(0.933207 0.967236 -2.07235e-21)
(0.847186 0.921482 -5.55344e-19)
(0.751756 0.868295 -7.97728e-20)
(0.656097 0.808426 7.40959e-20)
(0.57368 0.745506 8.74104e-19)
(0.50295 0.672878 9.6915e-19)
(0.446664 0.57442 1.6831e-19)
(0.377292 0.45901 8.59803e-19)
(0.282457 0.278324 0)
(0.157526 0.10385 0)
(-0.00455195 0.188685 7.01368e-19)
(-0.0784927 0.630096 -2.83032e-20)
(0.00852619 1.54094 -8.67472e-19)
(0.421592 0.398626 1.82085e-19)
(0.918586 0.844873 4.18121e-19)
(1.12038 1.05551 -5.75993e-19)
(1.16079 1.10288 2.9112e-19)
(1.13156 1.1057 -9.12283e-21)
(1.07172 1.07299 -1.03904e-20)
(0.997515 1.03402 0)
(0.920724 0.991971 -4.78519e-19)
(0.833717 0.946549 0)
(0.737202 0.894392 1.12206e-18)
(0.639179 0.836527 -9.05166e-20)
(0.552425 0.774231 1.01496e-19)
(0.478656 0.703227 1.11296e-18)
(0.392276 0.608681 -3.65562e-19)
(0.285473 0.447532 -4.36912e-19)
(0.189255 0.330582 0)
(0.0804426 0.479801 0)
(0.0251573 1.34704 0)
(0.0716621 2.46863 -3.98207e-19)
(0.0986128 2.91329 -2.45598e-19)
(0.420197 0.409416 0)
(0.911855 0.863653 0)
(1.11016 1.07782 2.09945e-19)
(1.14958 1.12692 -2.3671e-19)
(1.11992 1.13008 1.07555e-19)
(1.05997 1.09696 1.84408e-20)
(0.9858 1.05774 2.63327e-20)
(0.908975 1.01592 -2.05018e-20)
(0.821531 0.970957 7.85865e-20)
(0.722958 0.919533 -1.28775e-18)
(0.620824 0.863124 1.63913e-19)
(0.528084 0.804009 8.76002e-19)
(0.438099 0.731962 -1.10843e-18)
(0.355912 0.619068 -1.22178e-18)
(0.265835 0.506274 4.10778e-19)
(0.184658 0.646606 0)
(0.117248 1.57403 5.63647e-19)
(0.120385 2.69762 6.12831e-19)
(0.128172 3.0894 -6.84894e-19)
(0.12043 3.22289 7.32215e-19)
(0.419199 0.419936 0)
(0.907002 0.884096 3.6822e-19)
(1.10097 1.10048 -5.26306e-20)
(1.13875 1.14961 3.30024e-19)
(1.10867 1.15252 -1.12897e-19)
(1.04864 1.11941 0)
(0.974599 1.08065 0)
(0.897493 1.03931 0)
(0.809193 0.995306 4.40931e-19)
(0.7098 0.945731 5.92769e-20)
(0.605865 0.892196 0)
(0.508722 0.834905 -8.70804e-19)
(0.421828 0.767432 0)
(0.302624 0.665985 8.74105e-19)
(0.202339 0.72112 -5.91101e-19)
(0.149239 1.46419 -4.74562e-19)
(0.152488 2.68472 -1.10013e-18)
(0.175198 3.12644 -5.79022e-19)
(0.165952 3.26623 -7.82094e-19)
(0.152584 3.30645 5.78513e-19)
(0.417651 0.429406 -1.28493e-19)
(0.900646 0.900334 1.51332e-20)
(1.09144 1.12006 -5.8497e-20)
(1.12843 1.17106 -2.55459e-19)
(1.09791 1.17462 0)
(1.0378 1.14142 0)
(0.963783 1.1027 0)
(0.88671 1.06195 3.35867e-20)
(0.798215 1.01895 -5.57553e-19)
(0.6971 0.970934 0)
(0.589369 0.919946 0)
(0.488817 0.868033 0)
(0.378271 0.79688 0)
(0.308171 0.757913 6.40238e-19)
(0.268237 1.1509 1.57304e-18)
(0.242801 2.39348 4.63653e-19)
(0.25842 3.08236 9.30904e-19)
(0.25303 3.28066 -7.13339e-19)
(0.204576 3.34615 2.62238e-19)
(0.172539 3.35911 0)
(0.416488 0.438726 1.3219e-19)
(0.896118 0.919237 -8.16851e-19)
(1.08279 1.14099 -2.19915e-19)
(1.11824 1.19191 -4.85653e-20)
(1.08734 1.19527 2.62514e-20)
(1.02718 1.1623 -9.82775e-20)
(0.953365 1.12436 -1.76182e-21)
(0.876121 1.08446 -3.70624e-19)
(0.786926 1.04285 0)
(0.685435 0.997368 -7.55449e-20)
(0.577238 0.950101 6.87231e-20)
(0.472525 0.899071 0)
(0.380012 0.843351 0)
(0.320729 0.947565 -8.01776e-19)
(0.269119 1.85387 9.96268e-20)
(0.265594 2.94442 -3.48427e-19)
(0.289484 3.28428 7.28259e-19)
(0.261266 3.38254 5.24818e-19)
(0.196346 3.40701 -7.1156e-19)
(0.171809 3.41691 3.51887e-19)
(0.414446 0.448296 2.59411e-19)
(0.889168 0.934716 7.95812e-19)
(1.07281 1.16009 2.64328e-19)
(1.10771 1.21316 0)
(1.07645 1.21738 0)
(1.01631 1.18438 7.63964e-20)
(0.942619 1.14647 6.03324e-20)
(0.865594 1.10722 3.30218e-19)
(0.776597 1.06684 2.16768e-20)
(0.674012 1.02339 9.6392e-19)
(0.563057 0.97916 -1.14404e-18)
(0.452093 0.930915 0)
(0.375382 0.916232 0)
(0.333761 1.31917 -5.46397e-19)
(0.331592 2.49299 -6.56931e-19)
(0.375449 3.1961 0)
(0.400171 3.36544 -7.36445e-19)
(0.329803 3.42817 4.97166e-20)
(0.261118 3.47336 3.42871e-19)
(0.238873 3.49872 -1.12446e-19)
(0.412646 0.458181 -4.93235e-19)
(0.883935 0.955631 -3.82021e-19)
(1.06302 1.18298 0)
(1.09632 1.23544 0)
(1.06479 1.23916 0)
(1.00477 1.20625 0)
(0.931551 1.16914 -7.19504e-20)
(0.854646 1.13075 2.88287e-19)
(0.765296 1.09182 0)
(0.663147 1.05111 -8.77512e-19)
(0.553591 1.0107 2.05221e-18)
(0.444739 0.972214 8.39759e-20)
(0.395379 1.04261 1.12697e-19)
(0.385689 1.74659 8.90363e-19)
(0.397469 2.9018 -4.79102e-19)
(0.436582 3.3166 0)
(0.419824 3.43866 2.06703e-19)
(0.33424 3.52738 9.13245e-20)
(0.259824 3.59118 1.48811e-19)
(0.184432 3.57064 -1.36279e-20)
(0.409645 0.468623 2.34475e-19)
(0.875112 0.97206 -3.89895e-19)
(1.0511 1.20363 0)
(1.08414 1.25855 -7.11656e-20)
(1.05235 1.26325 2.45079e-19)
(0.992557 1.23011 0)
(0.91969 1.19267 0)
(0.843358 1.15469 -4.99773e-19)
(0.75483 1.11686 -5.60406e-20)
(0.652517 1.0782 8.59939e-19)
(0.537985 1.04019 -9.75053e-19)
(0.447397 1.01976 5.7114e-19)
(0.408916 1.22369 0)
(0.420309 2.18702 -4.7203e-19)
(0.463283 3.14434 3.09691e-19)
(0.527546 3.4192 1.94371e-19)
(0.518922 3.51489 0)
(0.456402 3.5963 -3.71055e-20)
(0.387116 3.63653 -4.10181e-19)
(0.306684 3.60839 -9.63684e-20)
(0.40692 0.479211 -4.66815e-19)
(0.868628 0.996002 5.5825e-19)
(1.03958 1.22941 3.87066e-19)
(1.07092 1.28289 -9.61921e-20)
(1.03898 1.28654 -3.74388e-19)
(0.979553 1.25323 0)
(0.907538 1.21655 1.7267e-20)
(0.831738 1.17937 1.80395e-19)
(0.743314 1.14289 2.93961e-20)
(0.642306 1.10678 -7.42923e-19)
(0.530764 1.07415 -5.16112e-20)
(0.451335 1.08166 -6.44456e-19)
(0.448366 1.46142 7.05901e-19)
(0.493194 2.55426 1.5524e-19)
(0.558364 3.30538 -2.73071e-19)
(0.6105 3.47023 1.42161e-19)
(0.570324 3.52076 0)
(0.513015 3.52449 0)
(0.420224 3.48815 -6.80582e-19)
(0.192782 3.27863 1.25651e-18)
(0.402302 0.490217 2.23408e-19)
(0.857309 1.01329 5.50012e-19)
(1.02534 1.25158 -3.95131e-19)
(1.05684 1.30791 3.50881e-19)
(1.0248 1.31264 3.9111e-19)
(0.965887 1.27886 0)
(0.894564 1.24141 -9.57367e-21)
(0.819799 1.20424 1.44409e-19)
(0.732962 1.16856 0)
(0.632949 1.13409 0)
(0.525016 1.10703 0)
(0.459646 1.15965 0)
(0.486127 1.6968 -7.96722e-19)
(0.549602 2.85978 -2.06958e-19)
(0.626509 3.39142 0)
(0.669789 3.48249 -2.4608e-20)
(0.667662 3.48798 0)
(0.745227 3.32819 1.40527e-19)
(0.840677 2.95841 -1.77459e-18)
(0.447641 2.57677 1.86181e-18)
(0.398533 0.500548 -4.53603e-19)
(0.849026 1.04061 -3.52629e-19)
(1.01169 1.28066 -2.62194e-19)
(1.04146 1.33452 -3.28151e-19)
(1.00946 1.33746 -1.90587e-19)
(0.951282 1.30316 0)
(0.881329 1.26641 2.48455e-21)
(0.807602 1.22998 -4.08885e-20)
(0.721381 1.19542 -2.21824e-19)
(0.623768 1.1632 0)
(0.521367 1.14446 5.10057e-20)
(0.476769 1.25444 -5.7991e-20)
(0.535488 1.95682 0)
(0.625937 3.08317 2.698e-19)
(0.717131 3.43381 0)
(0.747072 3.46911 -1.00182e-19)
(0.750599 3.37781 2.757e-19)
(0.743974 2.99602 -1.38709e-19)
(0.499048 1.98461 2.73205e-19)
(-0.341803 0.493726 -6.63941e-19)
(0.390654 0.511684 -1.31409e-20)
(0.83417 1.05834 -1.80114e-19)
(0.994333 1.30441 3.61378e-19)
(1.02487 1.36194 -1.979e-20)
(0.992933 1.36635 -6.0293e-20)
(0.935627 1.33153 0)
(0.866713 1.29367 7.31571e-20)
(0.794503 1.25694 -7.13518e-20)
(0.710742 1.22302 3.97145e-19)
(0.612092 1.19189 -4.9715e-19)
(0.52356 1.18381 -6.00294e-19)
(0.500668 1.37207 0)
(0.587519 2.25857 4.00835e-19)
(0.687309 3.21478 -5.59738e-20)
(0.76175 3.41271 2.82687e-20)
(0.769862 3.40333 0)
(0.699013 3.17123 -1.44876e-19)
(0.530088 2.39648 1.52295e-19)
(0.100307 0.621702 -1.80663e-19)
(-0.248766 -0.393276 -1.66065e-19)
(0.385311 0.522347 4.24758e-19)
(0.823191 1.08922 -1.7639e-19)
(0.977687 1.33743 2.5452e-19)
(1.00654 1.3916 1.96627e-19)
(0.974873 1.39351 1.21096e-19)
(0.918739 1.35797 2.32732e-19)
(0.851815 1.32107 -1.60766e-19)
(0.781216 1.2854 5.92345e-21)
(0.698493 1.25272 -2.87851e-19)
(0.602792 1.22494 3.37798e-20)
(0.525991 1.2321 9.75208e-20)
(0.529855 1.51985 -3.94884e-19)
(0.640628 2.5238 1.07768e-19)
(0.750948 3.2897 -2.13294e-19)
(0.814255 3.3896 3.51035e-20)
(0.788254 3.30804 7.81948e-20)
(0.661785 2.85985 -2.06242e-19)
(0.403022 1.6219 1.34347e-19)
(0.0590587 0.0486349 0)
(-0.0798222 -0.158146 -2.9128e-19)
(0.373674 0.529959 0)
(0.803599 1.10614 -6.69422e-19)
(0.956294 1.36227 2.38592e-20)
(0.98682 1.42147 -3.23988e-19)
(0.955456 1.42559 0)
(0.900704 1.3897 -1.72053e-19)
(0.835244 1.35142 1.60266e-19)
(0.766755 1.31513 -5.54129e-21)
(0.68765 1.28303 1.99884e-19)
(0.595123 1.25755 3.55127e-19)
(0.531158 1.2842 4.62331e-19)
(0.563596 1.67685 4.8329e-20)
(0.695978 2.76867 -2.9403e-19)
(0.799285 3.3167 1.3793e-20)
(0.833097 3.34411 6.26776e-21)
(0.759068 3.12847 7.60099e-20)
(0.523046 2.31177 8.7747e-20)
(0.115969 0.439471 -1.03997e-19)
(-0.137934 -0.245545 0)
(-0.115797 -0.207191 0)
(0.364385 0.54111 -4.11445e-19)
(0.788476 1.13928 6.6365e-19)
(0.935826 1.39896 0)
(0.964908 1.45403 0)
(0.934124 1.45475 0)
(0.881217 1.41789 0)
(0.818568 1.38081 -8.36445e-20)
(0.752451 1.34596 -1.60936e-20)
(0.675095 1.31525 -3.59164e-20)
(0.588924 1.29411 3.7102e-20)
(0.5375 1.34952 -3.79575e-19)
(0.599359 1.86035 2.78706e-19)
(0.747269 2.95375 0)
(0.840556 3.31764 3.62668e-20)
(0.861388 3.28492 5.94703e-20)
(0.717824 2.85934 -2.31058e-20)
(0.391146 1.67801 1.03251e-19)
(0.0168885 -0.0421557 5.97119e-20)
(-0.1567 -0.201762 -2.42384e-19)
(-0.0572257 -0.137391 -2.83354e-19)
(0.348013 0.544058 2.08598e-19)
(0.762492 1.15314 3.10322e-19)
(0.909618 1.42352 -9.33515e-21)
(0.941402 1.48568 1.70772e-19)
(0.911179 1.48955 0)
(0.860466 1.45267 3.23694e-19)
(0.799746 1.41396 -6.73692e-20)
(0.736402 1.37795 1.94316e-20)
(0.662552 1.34744 -3.6046e-20)
(0.583309 1.3304 2.65719e-20)
(0.549075 1.41819 2.56495e-19)
(0.641332 2.0678 -1.26569e-19)
(0.796324 3.07476 -1.1047e-19)
(0.873607 3.30732 2.21029e-21)
(0.852313 3.1767 -3.14731e-20)
(0.622505 2.50718 1.40439e-19)
(0.186433 0.704472 -7.82166e-20)
(-0.0851869 -0.27144 1.15677e-19)
(-0.128211 -0.222093 -3.54227e-19)
(-0.0598979 -0.122148 2.47879e-19)
(0.332068 0.551227 -1.95122e-19)
(0.740361 1.18434 0)
(0.884715 1.46263 -2.27858e-19)
(0.915008 1.52051 -3.29216e-19)
(0.885785 1.51991 0)
(0.837986 1.48176 -2.52569e-19)
(0.780971 1.44441 0)
(0.720878 1.4102 -1.24306e-19)
(0.647797 1.38116 -1.66887e-20)
(0.579927 1.37096 6.12572e-20)
(0.56129 1.50327 -1.22018e-19)
(0.681729 2.2702 7.01635e-20)
(0.834882 3.14415 1.74158e-19)
(0.901038 3.2788 1.1802e-20)
(0.842112 3.03365 -3.21776e-20)
(0.523199 2.06904 -4.81772e-20)
(0.0730065 0.114839 1.24115e-19)
(-0.185082 -0.252549 -1.37652e-19)
(-0.105632 -0.21046 4.80692e-22)
(-0.0528044 -0.0758932 -2.595e-20)
(0.308934 0.546847 3.87776e-19)
(0.707241 1.19198 -2.97054e-19)
(0.853029 1.48418 2.4221e-19)
(0.886627 1.55253 1.58535e-19)
(0.858613 1.5564 2.8361e-20)
(0.814207 1.51878 1.58122e-19)
(0.759437 1.47956 0)
(0.702868 1.44342 -3.84777e-20)
(0.634121 1.41492 0)
(0.574971 1.41095 -5.72914e-20)
(0.577317 1.5881 1.21379e-19)
(0.724055 2.44917 -2.60829e-21)
(0.875352 3.1869 -5.69221e-20)
(0.920039 3.24248 3.77661e-20)
(0.795913 2.83597 -1.27317e-20)
(0.373765 1.50527 6.33026e-20)
(-0.0514223 -0.132663 -1.88226e-19)
(-0.227979 -0.254118 -1.06624e-19)
(-0.124536 -0.24878 -4.03604e-20)
(-0.0737119 -0.0883786 1.93116e-19)
(0.285949 0.54502 4.29039e-21)
(0.678284 1.21892 1.52196e-19)
(0.822273 1.52217 0)
(0.854265 1.58792 2.98019e-19)
(0.828576 1.5867 -4.25413e-19)
(0.788332 1.54745 1.59645e-19)
(0.738055 1.50973 -1.07174e-19)
(0.68598 1.47566 1.04412e-19)
(0.619399 1.44945 -9.36792e-20)
(0.571084 1.45462 -1.14792e-21)
(0.592215 1.68315 2.24167e-20)
(0.764092 2.60582 4.53934e-20)
(0.897773 3.19514 3.5185e-20)
(0.92312 3.18287 -5.98167e-20)
(0.740866 2.59057 -5.85774e-20)
(0.282005 0.999733 1.11186e-19)
(-0.0476569 -0.256813 -1.08241e-19)
(-0.193885 -0.292292 7.63872e-20)
(-0.113128 -0.275979 1.97466e-21)
(-0.0805494 -0.10747 -1.63186e-19)
(0.255591 0.526903 7.20668e-19)
(0.636291 1.21372 -1.51539e-19)
(0.783362 1.53618 -4.14782e-19)
(0.820006 1.617 3.36729e-19)
(0.797225 1.62327 -1.86249e-19)
(0.761023 1.58516 3.0852e-19)
(0.71327 1.54551 1.67558e-19)
(0.665679 1.50876 0)
(0.605701 1.48307 1.07794e-19)
(0.564501 1.49675 -1.56574e-20)
(0.608449 1.77016 -1.07869e-20)
(0.799856 2.72529 -2.25406e-21)
(0.920488 3.1963 1.80139e-20)
(0.930002 3.12303 7.92033e-21)
(0.675984 2.38626 -8.40538e-20)
(0.170129 0.454587 -3.0511e-20)
(-0.0418771 -0.275646 1.04425e-19)
(-0.115492 -0.287607 4.72782e-20)
(-0.0872161 -0.245781 1.58517e-20)
(-0.048345 -0.103978 1.34138e-19)
(0.224415 0.506582 0)
(0.59778 1.22841 1.41057e-19)
(0.744631 1.56855 -1.88453e-19)
(0.780975 1.64929 3.26387e-19)
(0.76287 1.65118 -4.05817e-19)
(0.73089 1.61157 1.69202e-19)
(0.688787 1.57365 0)
(0.646685 1.53913 0)
(0.592256 1.51534 0)
(0.557854 1.5406 2.27318e-20)
(0.620484 1.85628 -2.12987e-20)
(0.828404 2.81474 1.78586e-20)
(0.932214 3.19267 4.74352e-20)
(0.910123 3.04323 4.47205e-20)
(0.59703 2.12524 -7.90372e-20)
(0.0498797 0.121594 5.24448e-20)
(-0.127954 -0.284562 4.97483e-21)
(-0.105391 -0.290949 -1.06216e-19)
(-0.0778596 -0.204332 1.29796e-20)
(-0.0218699 -0.0646352 0)
(0.186162 0.463238 6.59895e-19)
(0.544055 1.1979 -1.319e-19)
(0.69715 1.56834 4.62764e-21)
(0.741409 1.6717 0)
(0.727202 1.68436 -1.95293e-19)
(0.699528 1.64782 1.84771e-20)
(0.660468 1.6078 0)
(0.623667 1.57038 5.21578e-20)
(0.577302 1.54599 -4.11583e-20)
(0.549558 1.57902 0)
(0.631729 1.92818 0)
(0.848055 2.87556 -3.25672e-20)
(0.940098 3.18568 -5.70599e-20)
(0.901917 2.97458 2.13395e-21)
(0.526231 1.89752 -2.05715e-20)
(-0.000291335 -0.0116297 2.80927e-20)
(-0.164137 -0.279435 0)
(-0.133162 -0.325815 -6.26294e-20)
(-0.0891228 -0.201487 -9.77884e-20)
(-0.0171218 -0.0560491 2.34313e-19)
(0.146375 0.409753 5.44235e-19)
(0.493996 1.18638 -1.26222e-19)
(0.649157 1.58633 1.79193e-19)
(0.695876 1.69589 -4.44762e-19)
(0.687048 1.70547 0)
(0.665448 1.67028 0)
(0.632818 1.63195 0)
(0.602438 1.59691 5.50358e-20)
(0.562066 1.57329 -4.34257e-20)
(0.540501 1.61446 0)
(0.634335 1.99224 0)
(0.859279 2.9132 9.93048e-20)
(0.939958 3.18604 -3.30184e-20)
(0.871094 2.90577 3.67914e-20)
(0.49676 1.72827 5.71806e-20)
(0.00603097 -0.0578064 0)
(-0.175736 -0.290245 -1.3741e-20)
(-0.136352 -0.357578 -2.05171e-20)
(-0.0988552 -0.253685 1.90998e-19)
(-0.0138482 -0.0804048 -2.32103e-19)
(0.102371 0.326096 -5.05891e-19)
(0.425652 1.10777 1.32155e-19)
(0.592195 1.55912 3.75866e-19)
(0.650761 1.70591 2.56475e-19)
(0.646795 1.73078 -2.07698e-19)
(0.630519 1.70171 -1.38555e-19)
(0.600954 1.66114 9.53071e-20)
(0.576624 1.62384 0)
(0.545209 1.59823 0)
(0.527791 1.63956 0)
(0.633093 2.02124 -8.00188e-20)
(0.864964 2.93573 -9.61263e-20)
(0.936979 3.19135 3.20758e-20)
(0.861939 2.91292 -1.87893e-20)
(0.497989 1.68691 3.83235e-21)
(-0.000863217 0.0498944 0)
(-0.187173 -0.241406 3.01696e-20)
(-0.166627 -0.363772 -1.38565e-19)
(-0.097082 -0.29191 3.25817e-19)
(0.0136414 -0.0114485 -1.87746e-19)
(0.0527708 0.223142 5.35107e-19)
(0.360504 1.04692 -4.39604e-19)
(0.531612 1.54421 0)
(0.596938 1.71181 1.27023e-19)
(0.60172 1.7409 9.22568e-20)
(0.592931 1.71724 1.95301e-19)
(0.570393 1.67945 -8.90873e-20)
(0.552196 1.64378 0)
(0.527014 1.61818 0)
(0.513863 1.65801 -1.59634e-19)
(0.618537 2.0259 -3.47921e-21)
(0.869536 2.93787 8.42812e-20)
(0.937462 3.20335 5.2327e-20)
(0.832321 2.92062 8.31444e-20)
(0.449915 1.7275 -1.00663e-19)
(-0.109436 0.310227 1.80267e-19)
(-0.291766 -0.294617 -1.26778e-19)
(-0.325455 -0.536316 0)
(-0.235251 -0.504354 -1.64575e-20)
(-0.031918 -0.0228074 3.00618e-19)
(0.0136463 0.132413 5.47341e-19)
(0.266571 0.880399 0)
(0.462933 1.46416 0)
(0.546616 1.69781 0)
(0.558009 1.75279 7.78348e-20)
(0.554711 1.73902 -1.93293e-19)
(0.535174 1.69958 -8.74721e-20)
(0.523185 1.66265 0)
(0.506739 1.6343 0)
(0.496986 1.66772 9.86529e-20)
(0.60307 1.99909 3.32889e-20)
(0.852394 2.90012 -4.20887e-20)
(0.95532 3.2043 2.06906e-20)
(0.874086 3.03236 1.01391e-19)
(0.519279 1.87445 -1.82087e-19)
(0.0247162 0.422471 2.92118e-19)
(-0.333055 -0.357212 -2.80339e-19)
(-0.391863 -0.85079 0)
(-0.378585 -1.04228 1.4965e-20)
(-0.175135 -0.680513 4.13837e-19)
(-0.00588193 0.0731441 -5.08516e-19)
(0.182579 0.735505 1.75089e-19)
(0.387181 1.37478 2.73032e-19)
(0.484323 1.66244 -1.39744e-20)
(0.510085 1.7453 -1.66384e-19)
(0.513904 1.74368 -1.08595e-19)
(0.502556 1.71297 2.45735e-19)
(0.493664 1.67403 -4.95342e-21)
(0.482794 1.64232 0)
(0.477339 1.668 2.70603e-20)
(0.572245 1.9442 -1.55795e-20)
(0.852794 2.82429 4.27529e-20)
(1.00679 3.17688 0)
(1.05839 3.05247 -5.13884e-20)
(0.926575 2.42034 0)
(0.557444 1.15687 -6.69247e-20)
(0.130588 0.188223 -2.3958e-20)
(-0.133882 -0.849955 0)
(-0.294824 -1.28155 0)
(-0.181823 -1.14585 4.56004e-19)
(-0.00109576 0.00694318 4.09975e-19)
(0.0772444 0.359258 -1.53737e-19)
(0.323411 1.18572 1.22465e-19)
(0.43341 1.59643 -1.93507e-19)
(0.464545 1.73354 7.60824e-20)
(0.471015 1.74525 -2.63582e-20)
(0.46469 1.7238 1.684e-20)
(0.459309 1.6835 -3.23951e-20)
(0.455579 1.64528 -2.13625e-20)
(0.453071 1.65586 -2.05784e-20)
(0.528198 1.85865 3.90787e-21)
(0.801766 2.64423 0)
(1.02958 3.06423 -1.65182e-22)
(1.06335 2.98786 0)
(1.03644 2.63266 0)
(0.877344 1.84981 0)
(0.541525 0.850214 3.60823e-20)
(0.259606 0.0192897 -3.51884e-20)
(0.0535712 -0.799334 -1.89513e-20)
(-0.101594 -1.19832 8.62231e-20)
(0.00879449 -0.0452667 7.35219e-20)
(0.0175319 0.133543 6.891e-20)
(0.207556 0.896884 -5.61463e-20)
(0.358176 1.45945 -4.27962e-20)
(0.416593 1.69282 3.45929e-20)
(0.430008 1.7415 2.45931e-20)
(0.426273 1.73196 1.74853e-20)
(0.419248 1.68878 0)
(0.417705 1.64082 -8.97876e-21)
(0.420832 1.63695 -5.45654e-21)
(0.454894 1.75692 1.443e-20)
(0.655609 2.40185 0)
(0.891808 2.92271 1.3741e-20)
(0.962222 2.89775 -1.51066e-20)
(0.935653 2.68673 0)
(0.847075 2.2172 0)
(0.608812 1.4154 -1.15293e-20)
(0.371822 0.631971 0)
(0.184509 -0.208093 -1.02076e-20)
(0.0601071 -0.516475 0)
(0.000833781 -0.074534 0)
(0.0034437 -0.0150356 0)
(0.081765 0.422653 0)
(0.277872 1.23642 0)
(0.354221 1.6087 -8.64492e-34)
(0.379622 1.71626 6.60949e-34)
(0.382195 1.72426 0)
(0.377833 1.69799 0)
(0.373816 1.63573 0)
(0.376634 1.61304 0)
(0.383583 1.67954 0)
(0.486479 2.11131 0)
(0.718877 2.78925 0)
(0.758674 2.82502 0)
(0.739521 2.72526 0)
(0.694735 2.44372 0)
(0.551861 1.88809 0)
(0.368149 1.22475 0)
(0.191433 0.574261 0)
(0.043857 0.0803433 0)
(-0.00492533 -0.0745046 0)
(0.00973438 -0.095395 0)
(0.0245389 0.117506 0)
(0.182877 0.906822 0)
(0.293022 1.48704 0)
(0.327721 1.69292 0)
(0.332248 1.71939 0)
(0.329621 1.70133 0)
(0.323365 1.63581 0)
(0.325685 1.59651 0)
(0.320348 1.63482 0)
(0.358253 1.9585 0)
(0.565001 2.66359 0)
(0.590095 2.8022 0)
(0.570196 2.76721 0)
(0.53914 2.59751 0)
(0.448527 2.20696 0)
(0.294315 1.60442 0)
(0.149131 1.00009 0)
(0.0356621 0.466948 0)
(-0.00425617 -0.0831986 0)
(0.00922184 -0.134462 0)
(0.00674693 -0.00775614 0)
(0.0935386 0.622901 0)
(0.220398 1.31478 0)
(0.274089 1.63032 0)
(0.282935 1.70543 0)
(0.281106 1.69901 0)
(0.271526 1.63937 0)
(0.269106 1.58734 0)
(0.263625 1.61212 0)
(0.253868 1.87764 0)
(0.425361 2.57168 0)
(0.451852 2.80751 0)
(0.418382 2.81418 0)
(0.39364 2.72519 0)
(0.334934 2.45356 0)
(0.219414 1.94305 0)
(0.105617 1.39887 0)
(0.0212907 0.799884 0)
(-0.0045903 -0.0753238 0)
(-0.00346567 -0.14063 0)
(-0.00695796 -0.0552959 0)
(0.0374334 0.40086 0)
(0.165036 1.20041 0)
(0.212295 1.58406 0)
(0.228336 1.69465 0)
(0.228552 1.6963 0)
(0.219502 1.64659 0)
(0.214638 1.58772 0)
(0.214985 1.60686 0)
(0.176457 1.83496 0)
(0.307763 2.51016 0)
(0.335928 2.82169 0)
(0.297901 2.86883 0)
(0.27347 2.82379 0)
(0.231994 2.6274 0)
(0.149134 2.1908 0)
(0.0642977 1.66131 0)
(0.00929053 0.989754 0)
(-0.00339318 -0.0473758 0)
(-0.00282459 -0.138665 0)
(0.0163774 -0.0911313 0)
(0.0243624 0.197487 0)
(0.1258 1.03917 0)
(0.167765 1.52575 0)
(0.174463 1.67965 0)
(0.174086 1.693 0)
(0.166682 1.65279 0)
(0.161316 1.59474 0)
(0.172068 1.61183 0)
(0.118163 1.81404 0)
(0.214232 2.46802 0)
(0.242113 2.83643 0)
(0.203335 2.91908 0)
(0.182557 2.90221 0)
(0.153491 2.75546 0)
(0.096733 2.3801 0)
(0.0361746 1.87738 0)
(0.000482207 1.12293 0)
(0.00418028 -0.0614858 0)
(0.0267435 -0.204824 0)
(0.0672963 -0.153721 0)
(0.0487748 0.116928 0)
(0.0976185 0.91982 0)
(0.123968 1.47592 0)
(0.125897 1.66822 0)
(0.123529 1.69048 0)
(0.119145 1.65654 0)
(0.113243 1.60192 0)
(0.13273 1.61951 0)
(0.0771196 1.80325 0)
(0.142657 2.44366 0)
(0.166477 2.85213 0)
(0.132087 2.96227 0)
(0.113796 2.96092 0)
(0.0927991 2.84519 0)
(0.0523003 2.50265 0)
(0.00976596 1.99801 0)
(-0.00707399 1.15353 0)
(0.0151924 -0.163176 0)
(0.0483809 -0.335969 0)
(0.081338 -0.220342 0)
(0.0509594 0.14444 0)
(0.0457581 0.894198 0)
(0.0626157 1.46107 0)
(0.0621338 1.66137 0)
(0.0658261 1.68751 0)
(0.0713693 1.65682 0)
(0.0690394 1.60658 0)
(0.0957666 1.62611 0)
(0.0460907 1.79677 0)
(0.0909012 2.42478 0)
(0.107528 2.86407 0)
(0.0778861 2.99602 0)
(0.0629714 3.00835 0)
(0.0494235 2.90929 0)
(0.0216253 2.58928 0)
(-0.00187397 2.08223 0)
(-0.011432 1.14102 0)
(0.0170007 -0.306567 0)
(0.0434865 -0.424192 0)
(0.0541351 -0.23296 0)
(0.00809569 0.2244 0)
(-0.0329975 0.918021 0)
(-0.0216676 1.46081 0)
(-0.012586 1.65539 0)
(0.00891036 1.67946 0)
(0.0267872 1.64976 0)
(0.0294421 1.60502 0)
(0.0621676 1.62902 0)
(0.0217163 1.79517 0)
(0.0522087 2.41536 0)
(0.061984 2.87377 0)
(0.0370735 3.02134 0)
(0.0265267 3.04194 0)
(0.0160468 2.95233 0)
(-0.00182891 2.63978 0)
(-0.020756 2.11567 0)
(-0.0132491 1.10159 0)
(0.00978913 -0.377349 0)
(0.0124458 -0.454925 0)
(-0.0154931 -0.118921 0)
(-0.0797506 0.386462 0)
(-0.12693 1.02842 0)
(-0.119361 1.46563 0)
(-0.0918381 1.63346 0)
(-0.0523705 1.66079 0)
(-0.0164603 1.63491 0)
(-0.00633624 1.59574 0)
(0.0316067 1.62794 0)
(0.00312338 1.79263 0)
(0.0236994 2.40825 0)
(0.0270511 2.88057 0)
(0.0086902 3.04003 0)
(-5.46846e-05 3.06859 0)
(-0.00872838 2.98079 0)
(-0.0206741 2.66634 0)
(-0.0276107 2.11081 0)
(-0.0160131 1.02263 0)
(-0.00265377 -0.360964 0)
(-0.0360895 -0.337043 0)
(-0.0886182 0.0129485 0)
(-0.141474 0.5198 0)
(-0.188691 1.08924 0)
(-0.174775 1.43325 0)
(-0.143591 1.58303 0)
(-0.0979529 1.62375 0)
(-0.0522934 1.60893 0)
(-0.0356831 1.57831 0)
(0.00651857 1.62261 0)
(-0.0122506 1.79409 0)
(0.00218222 2.40741 0)
(0.00098518 2.88661 0)
(-0.0125132 3.05363 0)
(-0.0189009 3.08419 0)
(-0.0264445 2.9955 0)
(-0.0333824 2.67702 0)
(-0.0331848 2.09007 0)
(-0.0173182 0.928333 0)
(-0.0119166 -0.258428 0)
(-0.0517459 -0.181346 0)
(-0.112039 0.165323 0)
(-0.166041 0.629964 0)
(-0.194733 1.10372 0)
(-0.189649 1.37979 0)
(-0.159285 1.51897 0)
(-0.118992 1.57146 0)
(-0.0737308 1.57169 0)
(-0.0557777 1.5551 0)
(-0.0110846 1.61311 0)
(-0.0243692 1.79276 0)
(-0.013801 2.40449 0)
(-0.0179599 2.89118 0)
(-0.0272358 3.06308 0)
(-0.0322373 3.09581 0)
(-0.0368618 3.00371 0)
(-0.0409015 2.67208 0)
(-0.0349166 2.05136 0)
(-0.0143604 0.835154 0)
(-0.0124605 -0.142479 0)
(-0.0512359 -0.0188338 0)
(-0.108471 0.30612 0)
(-0.161178 0.720026 0)
(-0.184091 1.10999 0)
(-0.17601 1.33877 0)
(-0.14942 1.46372 0)
(-0.118735 1.52006 0)
(-0.0806349 1.53195 0)
(-0.0645103 1.52921 0)
(-0.0218106 1.60063 0)
(-0.0331299 1.79302 0)
(-0.0255433 2.40558 0)
(-0.0301555 2.89572 0)
(-0.0370062 3.06909 0)
(-0.0393075 3.10157 0)
(-0.0424837 3.004 0)
(-0.0423923 2.65759 0)
(-0.0331765 1.99359 0)
(-0.0101671 0.748075 0)
(-0.00969332 -0.0321678 0)
(-0.0423397 0.13406 0)
(-0.0907586 0.433416 0)
(-0.13402 0.797781 0)
(-0.158071 1.12361 0)
(-0.150247 1.31713 0)
(-0.132042 1.42623 0)
(-0.109216 1.48054 0)
(-0.0775517 1.49768 0)
(-0.0649167 1.50473 0)
(-0.0253669 1.58634 0)
(-0.038795 1.79048 0)
(-0.0326839 2.40699 0)
(-0.0375638 2.89966 0)
(-0.0420976 3.07385 0)
(-0.0430836 3.10612 0)
(-0.0433514 3.00094 0)
(-0.04093 2.64339 0)
(-0.0292022 1.94026 0)
(-0.00606962 0.678452 0)
(-0.00659284 0.0510213 0)
(-0.0306591 0.254915 0)
(-0.068455 0.538185 0)
(-0.102364 0.86467 0)
(-0.122906 1.14443 0)
(-0.120432 1.31094 0)
(-0.110492 1.40673 0)
(-0.0955436 1.45625 0)
(-0.0696846 1.47378 0)
(-0.0611721 1.48571 0)
(-0.0261034 1.57444 0)
(-0.0402193 1.79071 0)
(-0.0357835 2.41168 0)
(-0.040744 2.9038 0)
(-0.043795 3.07626 0)
(-0.0429268 3.10606 0)
(-0.0425545 2.99326 0)
(-0.0380764 2.61403 0)
(-0.0245996 1.87587 0)
(-0.00310917 0.621888 0)
(-0.00373722 0.107368 0)
(-0.0200173 0.345721 0)
(-0.0482281 0.621263 0)
(-0.0745671 0.920278 0)
(-0.0916332 1.16557 0)
(-0.0930174 1.31165 0)
(-0.0888984 1.39692 0)
(-0.0802575 1.44173 0)
(-0.0596592 1.45835 0)
(-0.0554925 1.47223 0)
(-0.0255457 1.56501 0)
(-0.0393836 1.79151 0)
(-0.0356389 2.41503 0)
(-0.0412031 2.90658 0)
(-0.0429391 3.07754 0)
(-0.0419558 3.10509 0)
(-0.0404068 2.98647 0)
(-0.0348224 2.59411 0)
(-0.0202512 1.82256 0)
(-0.00118325 0.581001 0)
(-0.00186433 0.142052 0)
(-0.0121282 0.408644 0)
(-0.0324018 0.68262 0)
(-0.0522195 0.964328 0)
(-0.066099 1.18701 0)
(-0.0697927 1.31812 0)
(-0.0697194 1.39408 0)
(-0.0661328 1.43363 0)
(-0.050197 1.44833 0)
(-0.0505474 1.46398 0)
(-0.0231912 1.55974 0)
(-0.0379682 1.79447 0)
(-0.0341222 2.42139 0)
(-0.0403066 2.90973 0)
(-0.0415242 3.07725 0)
(-0.0403393 3.10193 0)
(-0.0378597 2.97193 0)
(-0.0316702 2.55859 0)
(-0.0164112 1.75964 0)
(-7.38605e-05 0.547074 0)
(-0.00074993 0.1619 0)
(-0.00667535 0.451429 0)
(-0.0208499 0.728192 0)
(-0.0359415 0.997477 0)
(-0.0469448 1.20405 0)
(-0.05159 1.32477 0)
(-0.0536652 1.39362 0)
(-0.053423 1.42838 0)
(-0.0409851 1.44083 0)
(-0.0455688 1.4576 0)
(-0.0201527 1.55605 0)
(-0.0349514 1.79616 0)
(-0.0314681 2.42485 0)
(-0.0386535 2.91122 0)
(-0.0394513 3.07683 0)
(-0.0383215 3.09943 0)
(-0.0354665 2.96338 0)
(-0.0288316 2.53626 0)
(-0.0132641 1.71232 0)
(0.000491899 0.524506 0)
(-0.00021897 0.171933 0)
(-0.00339091 0.47844 0)
(-0.0129167 0.761687 0)
(-0.0242257 1.02521 0)
(-0.0331617 1.22143 0)
(-0.0381834 1.33454 0)
(-0.0411767 1.3971 0)
(-0.0432065 1.4268 0)
(-0.033291 1.43614 0)
(-0.040479 1.45282 0)
(-0.0172125 1.55396 0)
(-0.032685 1.80102 0)
(-0.0295781 2.43098 0)
(-0.0372939 2.91379 0)
(-0.0371116 3.07554 0)
(-0.0357247 3.09421 0)
(-0.0326421 2.94676 0)
(-0.0260335 2.49983 0)
(-0.0106885 1.65595 0)
(0.000799393 0.503643 0)
(1.98948e-05 0.176562 0)
(-0.00146164 0.494781 0)
(-0.00784708 0.783856 0)
(-0.0164184 1.04313 0)
(-0.0232267 1.23249 0)
(-0.0281247 1.34112 0)
(-0.0314678 1.39987 0)
(-0.0348891 1.42583 0)
(-0.0268803 1.43248 0)
(-0.0355111 1.44911 0)
(-0.014564 1.55201 0)
(-0.0306634 1.80355 0)
(-0.0274932 2.43428 0)
(-0.035685 2.91467 0)
(-0.0349815 3.07428 0)
(-0.0340508 3.09092 0)
(-0.0308293 2.93743 0)
(-0.0239742 2.47815 0)
(-0.00873362 1.61779 0)
(0.000766576 0.491452 0)
(0.000118771 0.178077 0)
(-0.00034332 0.504957 0)
(-0.00434725 0.802102 0)
(-0.011122 1.06056 0)
(-0.0166485 1.24526 0)
(-0.0213123 1.34997 0)
(-0.0241612 1.40488 0)
(-0.0281262 1.42711 0)
(-0.0211686 1.43101 0)
(-0.0310247 1.44649 0)
(-0.012814 1.55095 0)
(-0.030002 1.80857 0)
(-0.0268488 2.441 0)
(-0.0350765 2.91672 0)
(-0.0332109 3.07237 0)
(-0.0319875 3.08501 0)
(-0.0284697 2.92027 0)
(-0.0218425 2.44227 0)
(-0.00738768 1.56855 0)
(0.000692606 0.476862 0)
(0.000130457 0.177925 0)
(2.24734e-05 0.509756 0)
(-0.00251569 0.812683 0)
(-0.00780011 1.07082 0)
(-0.0122964 1.25296 0)
(-0.0167999 1.3557 0)
(-0.0194666 1.40848 0)
(-0.023821 1.42832 0)
(-0.017409 1.43058 0)
(-0.0280889 1.44556 0)
(-0.0114903 1.55108 0)
(-0.0284018 1.81136 0)
(-0.0255255 2.44418 0)
(-0.0340535 2.91744 0)
(-0.0317214 3.07075 0)
(-0.0306431 3.08153 0)
(-0.0271229 2.91111 0)
(-0.0203173 2.42301 0)
(-0.00636765 1.53952 0)
(0.000544611 0.46963 0)
(0.000138429 0.177536 0)
(0.000234487 0.513493 0)
(-0.00137606 0.823062 0)
(-0.00569061 1.08252 0)
(-0.0094431 1.2624 0)
(-0.0133791 1.36306 0)
(-0.0158574 1.41312 0)
(-0.0206392 1.43066 0)
(-0.015226 1.4315 0)
(-0.0265308 1.44561 0)
(-0.0114294 1.552 0)
(-0.0285713 1.81725 0)
(-0.0250038 2.45043 0)
(-0.0334103 2.91891 0)
(-0.0304187 3.06833 0)
(-0.0293923 3.07513 0)
(-0.0256106 2.89386 0)
(-0.0190978 2.3883 0)
(-0.00594626 1.49543 0)
(0.000409317 0.457286 0)
(0.000154545 0.176564 0)
(0.000309798 0.514404 0)
(-0.000698709 0.828008 0)
(-0.00404019 1.08877 0)
(-0.0074371 1.2675 0)
(-0.0110125 1.36723 0)
(-0.0130643 1.41591 0)
(-0.0183587 1.43196 0)
(-0.0135547 1.43211 0)
(-0.0251207 1.44603 0)
(-0.0107814 1.55311 0)
(-0.0277074 1.82057 0)
(-0.0245941 2.45378 0)
(-0.0327378 2.91969 0)
(-0.0299194 3.06652 0)
(-0.0290467 3.07161 0)
(-0.0253282 2.88489 0)
(-0.0186661 2.37066 0)
(-0.00548497 1.47232 0)
(0.000223933 0.451711 0)
(0.000128547 0.175935 0)
(0.000195792 0.516185 0)
(-0.000736468 0.834789 0)
(-0.00352406 1.0977 0)
(-0.00652385 1.27559 0)
(-0.00999279 1.37384 0)
(-0.0118111 1.42059 0)
(-0.0170839 1.435 0)
(-0.0127788 1.4337 0)
(-0.0239414 1.44675 0)
(-0.0111424 1.55538 0)
(-0.027607 1.82733 0)
(-0.0247016 2.45964 0)
(-0.0324644 2.92151 0)
(-0.0293865 3.0644 0)
(-0.0285691 3.06559 0)
(-0.0246739 2.868 0)
(-0.0182372 2.33685 0)
(-0.0056614 1.43083 0)
(0.000188259 0.439887 0)
(8.18482e-05 0.175187 0)
(4.06049e-06 0.516827 0)
(-0.000904756 0.837612 0)
(-0.00342478 1.10148 0)
(-0.00608989 1.27912 0)
(-0.00949647 1.37676 0)
(-0.0106808 1.42265 0)
(-0.0159772 1.43627 0)
(-0.0112426 1.43449 0)
(-0.0227771 1.44752 0)
(-0.0105033 1.55661 0)
(-0.0272207 1.83068 0)
(-0.0246788 2.46242 0)
(-0.0320762 2.92245 0)
(-0.0294747 3.06342 0)
(-0.0289215 3.06281 0)
(-0.0253153 2.85967 0)
(-0.0186186 2.31995 0)
(-0.00530131 1.41083 0)
(0.000149872 0.435298 0)
(-0.000108148 0.176201 0)
(-0.000472622 0.520383 0)
(-0.00159012 0.845182 0)
(-0.0038629 1.11072 0)
(-0.00621078 1.2876 0)
(-0.00936992 1.38365 0)
(-0.0102355 1.4276 0)
(-0.0149987 1.43947 0)
(-0.0106217 1.43722 0)
(-0.0215346 1.4492 0)
(-0.00992085 1.56017 0)
(-0.0261571 1.83952 0)
(-0.0244758 2.46912 0)
(-0.0313315 2.92511 0)
(-0.0291073 3.06121 0)
(-0.0286736 3.05585 0)
(-0.0250374 2.83846 0)
(-0.0185773 2.27665 0)
(-0.00636455 1.35957 0)
(-0.000986567 0.417573 0)
(-0.234422 1.56143 1.26435e-22)
(0.393481 3.23034 1.68014e-20)
(0.0900895 3.46233 6.35938e-20)
(0.19642 3.43217 0)
(0.154715 3.38731 0)
(0.14873 3.34094 -3.75826e-19)
(0.150909 3.3144 3.86691e-19)
(0.123801 3.27295 -4.0908e-19)
(0.11198 3.1812 7.55858e-21)
(0.0940299 2.56921 5.61716e-19)
(-0.105238 2.31713 1.06591e-23)
(0.129434 3.28589 1.65681e-19)
(0.00900077 3.4357 0)
(0.0953917 3.38924 0)
(0.0707866 3.34383 1.11496e-20)
(0.0758126 3.30697 7.79317e-19)
(0.0722966 3.27695 -4.34611e-19)
(0.0489493 3.24194 -7.29964e-21)
(0.0496418 3.08486 6.96255e-21)
(0.000638889 2.08768 0)
(-0.0280183 2.06916 1.78025e-19)
(0.0843499 3.13853 -1.88714e-19)
(0.0221956 3.34404 0)
(0.0704915 3.32394 3.58694e-19)
(0.0501156 3.30273 -1.34202e-21)
(0.0509464 3.28152 -4.05288e-19)
(0.0450862 3.26633 -5.03734e-19)
(0.0296992 3.24623 -2.0964e-22)
(0.0404883 3.11988 7.18138e-21)
(-0.0168513 2.21215 0)
(-0.0410078 2.01484 -4.49067e-20)
(0.027083 3.11616 0)
(-0.014656 3.30805 -1.8975e-19)
(0.0200311 3.30689 -1.55766e-19)
(0.0153449 3.28323 1.41788e-20)
(0.0213333 3.26139 -2.62775e-19)
(0.0264015 3.24668 2.33885e-19)
(0.0210849 3.23376 -8.41059e-21)
(0.0417276 3.12586 1.10861e-20)
(0.00715753 2.25085 2.89086e-19)
(-0.0530372 2.02362 -1.46744e-19)
(0.0125042 3.089 0)
(-0.00824523 3.26635 4.09761e-19)
(0.0102545 3.26193 -2.26354e-19)
(0.0135531 3.24817 -6.95939e-22)
(0.0163193 3.23786 -2.23109e-21)
(0.0211647 3.23323 -1.55597e-20)
(0.0216965 3.22447 -2.98892e-19)
(0.0428299 3.12793 8.20969e-21)
(-0.0031324 2.3124 -6.05723e-19)
(-0.0500108 2.08324 0)
(-0.0106292 3.08546 -2.2579e-19)
(-0.0288489 3.24243 1.89148e-20)
(-0.0155481 3.24674 -1.57113e-20)
(-0.00605446 3.23214 1.60926e-20)
(0.00306087 3.21963 2.6718e-19)
(0.0153668 3.21152 2.79522e-19)
(0.0208443 3.20548 5.88259e-19)
(0.0426822 3.12409 3.26136e-19)
(0.0105651 2.35437 -1.67029e-20)
(-0.0513182 2.14082 0)
(-0.0201143 3.0817 2.33596e-19)
(-0.0193356 3.21371 -2.45248e-19)
(-0.0118153 3.2127 -1.6979e-20)
(-0.000546697 3.20249 3.51124e-20)
(0.00736816 3.1961 3.63909e-22)
(0.0166033 3.19531 -1.8889e-20)
(0.0217933 3.19119 -3.0766e-19)
(0.0422948 3.12172 -3.17136e-19)
(0.00383864 2.41988 -1.72939e-20)
(-0.0476802 2.22785 2.6977e-19)
(-0.0287323 3.08531 -1.25337e-20)
(-0.032238 3.19382 8.64796e-21)
(-0.0237946 3.19529 0)
(-0.0135385 3.18547 0)
(-0.00135177 3.1777 0)
(0.0130691 3.17204 0)
(0.0206236 3.16933 3.4354e-19)
(0.0412097 3.11266 -3.53968e-19)
(0.0153128 2.46395 3.49832e-19)
(-0.0464299 2.30642 2.63053e-20)
(-0.033019 3.08463 2.8757e-19)
(-0.0211606 3.16955 0)
(-0.014642 3.16539 -1.93694e-20)
(-0.00402006 3.15771 1.98088e-20)
(0.00522675 3.15342 0)
(0.015011 3.15397 -1.07431e-20)
(0.0207216 3.15289 -3.33423e-19)
(0.0401407 3.10934 3.55439e-19)
(0.0104159 2.5331 0)
(-0.0437227 2.40338 1.60201e-20)
(-0.0358822 3.08617 -4.41097e-19)
(-0.0300733 3.14973 0)
(-0.0225101 3.14683 0)
(-0.013689 3.13908 2.12617e-20)
(-0.00207417 3.13344 -1.79478e-19)
(0.0114795 3.12923 -2.24377e-20)
(0.0191592 3.1293 1.91339e-19)
(0.0385927 3.09616 0)
(0.0192036 2.58107 0)
(-0.0400744 2.49061 -4.66411e-19)
(-0.0385666 3.08228 1.58071e-19)
(-0.0206036 3.12431 0)
(-0.0128435 3.1163 0)
(-0.00335722 3.10962 0)
(0.0055371 3.10678 3.69765e-19)
(0.0145081 3.10862 0)
(0.0201572 3.1107 -2.04139e-19)
(0.0378531 3.09052 1.26179e-20)
(0.0149487 2.65385 2.13802e-19)
(-0.0377117 2.58954 1.66433e-19)
(-0.0398247 3.07579 -1.61847e-20)
(-0.0296384 3.10133 1.94006e-19)
(-0.0210649 3.09502 1.88595e-19)
(-0.0124559 3.08838 0)
(-0.000754011 3.08404 -1.90061e-19)
(0.0123752 3.08149 0)
(0.020987 3.08446 0)
(0.0385415 3.07215 0)
(0.0222823 2.70642 -2.14794e-19)
(-0.0351254 2.67841 -1.76345e-19)
(-0.0429708 3.0624 1.82105e-19)
(-0.0235524 3.07218 -1.8288e-19)
(-0.013071 3.06222 -2.88397e-19)
(-0.00280642 3.05704 0)
(0.0070979 3.05565 2.58031e-20)
(0.0168582 3.05864 -1.31713e-20)
(0.0247804 3.06319 9.82401e-20)
(0.041717 3.06164 1.21977e-19)
(0.0208504 2.78046 -1.25512e-19)
(-0.0343583 2.77302 1.80938e-19)
(-0.0460933 3.04528 -1.74472e-19)
(-0.0329288 3.04588 1.24394e-20)
(-0.0209223 3.04032 7.34666e-20)
(-0.0112059 3.0362 -1.05509e-19)
(0.000308695 3.03363 0)
(0.0137618 3.03212 1.13394e-19)
(0.0256209 3.03558 4.95052e-21)
(0.0446191 3.03659 -2.36131e-19)
(0.0286854 2.83262 -6.55253e-21)
(-0.029586 2.85516 -5.17296e-20)
(-0.044257 3.02152 1.26458e-20)
(-0.0231711 3.01777 -6.56374e-20)
(-0.0111785 3.01444 2.68693e-20)
(-0.0022097 3.01412 1.28576e-19)
(0.006272 3.01344 -5.46942e-20)
(0.0145254 3.0142 -5.44257e-20)
(0.023343 3.01708 -5.65037e-20)
(0.0418089 3.02184 1.21308e-19)
(0.0248401 2.90033 5.92886e-20)
(-0.0176352 2.94054 4.15837e-20)
(-0.0259879 3.00084 1.83844e-20)
(-0.0161456 3.00084 3.61694e-20)
(-0.00938562 3.00161 -7.41309e-20)
(-0.00416614 3.00264 2.50529e-20)
(0.000687646 3.00215 5.09276e-20)
(0.00539825 3.00065 -5.31745e-20)
(0.0107376 2.999 -5.55273e-20)
(0.0217942 2.99714 7.52187e-21)
(0.0165211 2.94913 5.33499e-20)
)
;

boundaryField
{
    wall-4
    {
        type            noSlip;
    }
    pressure-outlet-7
    {
        type            zeroGradient;
    }
    velocity-inlet-6
    {
        type            fixedValue;
        value           uniform (0 3 0);
    }
    velocity-inlet-5
    {
        type            fixedValue;
        value           uniform (1 0 0);
    }
    frontAndBackPlanes
    {
        type            empty;
    }
}


// ************************************************************************* //
