/*--------------------------------*- C++ -*----------------------------------*\
| =========                 |                                                 |
| \\      /  F ield         | OpenFOAM: The Open Source CFD Toolbox           |
|  \\    /   O peration     | Version:  v2012                                 |
|   \\  /    A nd           | Website:  www.openfoam.com                      |
|    \\/     M anipulation  |                                                 |
\*---------------------------------------------------------------------------*/
FoamFile
{
    version     2.0;
    format      ascii;
    class       volVectorField;
    location    "34";
    object      U;
}
// * * * * * * * * * * * * * * * * * * * * * * * * * * * * * * * * * * * * * //

dimensions      [0 1 -1 0 0 0 0];


internalField   nonuniform List<vector> 
2200
(
(0.878835 -0.0304139 0)
(1.00578 -0.0512808 0)
(1.00326 -0.0354037 0)
(1.00019 -0.0244379 0)
(0.999781 -0.0166678 0)
(1.00004 -0.01076 0)
(1.00006 -0.00684514 0)
(1.00003 -0.00419413 0)
(0.999994 -0.0022148 0)
(1.00016 -0.000725751 0)
(1.00004 0.000933655 0)
(0.999932 0.00242726 0)
(0.999997 0.0044282 0)
(1.00012 0.00705775 0)
(1.00006 0.0108305 0)
(0.99976 0.0166606 0)
(1.00018 0.0244219 0)
(1.00346 0.0351078 0)
(1.00591 0.0513405 0)
(0.878964 0.0303539 0)
(0.712021 -0.0327665 0)
(0.996638 -0.0630266 0)
(1.03336 -0.0561551 0)
(1.02497 -0.0464166 0)
(1.01592 -0.0360726 0)
(1.00962 -0.0263007 0)
(1.00591 -0.0181727 0)
(1.00375 -0.0115384 0)
(1.00258 -0.00614958 0)
(1.00203 -0.00160296 0)
(1.00206 0.00254125 0)
(1.00262 0.00709301 0)
(1.00375 0.0123133 0)
(1.00566 0.0188083 0)
(1.0094 0.0269209 0)
(1.01581 0.0367377 0)
(1.02488 0.0471192 0)
(1.03312 0.0573146 0)
(0.996632 0.0631625 0)
(0.711821 0.032949 0)
(0.535434 -0.0239037 0)
(0.969855 -0.0569798 0)
(1.05639 -0.0548045 0)
(1.05226 -0.0489081 0)
(1.03631 -0.0406163 0)
(1.0244 -0.0324228 0)
(1.01575 -0.0241304 0)
(1.01031 -0.0162403 0)
(1.00715 -0.00904055 0)
(1.00565 -0.00245384 0)
(1.00558 0.00384607 0)
(1.00697 0.010292 0)
(1.01003 0.0173314 0)
(1.0155 0.0250969 0)
(1.02418 0.0333603 0)
(1.03604 0.0412819 0)
(1.05196 0.0493888 0)
(1.05632 0.0539541 0)
(0.969254 0.0575193 0)
(0.534453 0.0239321 0)
(0.392162 -0.0136529 0)
(0.911673 -0.046385 0)
(1.05739 -0.0469548 0)
(1.06939 -0.0442587 0)
(1.05483 -0.0382298 0)
(1.03935 -0.0317072 0)
(1.02751 -0.0248617 0)
(1.01906 -0.0175999 0)
(1.01365 -0.0101037 0)
(1.01097 -0.00257957 0)
(1.0108 0.00484481 0)
(1.01333 0.0122242 0)
(1.01862 0.0194677 0)
(1.02704 0.0264829 0)
(1.03868 0.0328686 0)
(1.05418 0.0392349 0)
(1.06865 0.0452725 0)
(1.05591 0.0479311 0)
(0.910315 0.046792 0)
(0.390389 0.0137267 0)
(0.307552 -0.00450225 0)
(0.846621 -0.0323941 0)
(1.04936 -0.0399602 0)
(1.0793 -0.0382936 0)
(1.06789 -0.033628 0)
(1.0515 -0.0280663 0)
(1.03836 -0.0228013 0)
(1.02817 -0.0168255 0)
(1.02118 -0.0100215 0)
(1.01743 -0.00246583 0)
(1.01726 0.00536589 0)
(1.02072 0.0127654 0)
(1.02749 0.0193975 0)
(1.0373 0.0250182 0)
(1.05033 0.0300414 0)
(1.06665 0.0353754 0)
(1.07767 0.039706 0)
(1.04732 0.0413403 0)
(0.843506 0.0328476 0)
(0.304573 0.00467297 0)
(0.264009 7.87045e-05 0)
(0.788453 -0.0201395 0)
(1.03282 -0.0316136 0)
(1.08326 -0.0322503 0)
(1.07704 -0.0289284 0)
(1.06054 -0.0239616 0)
(1.04701 -0.0194949 0)
(1.03618 -0.0144824 0)
(1.02831 -0.00859362 0)
(1.02379 -0.00170423 0)
(1.0235 0.00561466 0)
(1.02752 0.0122063 0)
(1.03493 0.0176181 0)
(1.04559 0.0222087 0)
(1.05883 0.0263114 0)
(1.07518 0.0308211 0)
(1.08111 0.0337441 0)
(1.0301 0.0329039 0)
(0.783944 0.020605 0)
(0.260013 7.41849e-05 0)
(0.240072 0.00106569 0)
(0.738126 -0.0122901 0)
(1.0136 -0.0249539 0)
(1.08403 -0.0267836 0)
(1.0829 -0.0245021 0)
(1.06766 -0.0203725 0)
(1.05401 -0.0164336 0)
(1.04319 -0.0121123 0)
(1.03516 -0.00698768 0)
(1.0304 -0.000915134 0)
(1.02999 0.00569816 0)
(1.03402 0.0114884 0)
(1.04144 0.0161766 0)
(1.0519 0.020132 0)
(1.06532 0.0234879 0)
(1.08018 0.0271826 0)
(1.08059 0.0289796 0)
(1.00854 0.0265749 0)
(0.730894 0.0129189 0)
(0.234699 -0.00089879 0)
(0.225673 0.000970602 0)
(0.694937 -0.00801386 0)
(0.992359 -0.0207419 0)
(1.08165 -0.0231994 0)
(1.08651 -0.0214815 0)
(1.07304 -0.018047 0)
(1.05949 -0.0142498 0)
(1.0489 -0.0100321 0)
(1.04107 -0.00523274 0)
(1.03638 0.000249942 0)
(1.03583 0.00612301 0)
(1.03949 0.0111921 0)
(1.04664 0.0153908 0)
(1.05649 0.0188551 0)
(1.06981 0.0220891 0)
(1.08277 0.0248512 0)
(1.07705 0.0258452 0)
(0.985479 0.0227201 0)
(0.685185 0.00883845 0)
(0.21887 -0.000777181 0)
(0.216119 0.000598538 0)
(0.659609 -0.00569905 0)
(0.972033 -0.0176926 0)
(1.07881 -0.0203454 0)
(1.08947 -0.0189799 0)
(1.07753 -0.0160865 0)
(1.06409 -0.0126669 0)
(1.05363 -0.0086463 0)
(1.0459 -0.00396383 0)
(1.04124 0.00116857 0)
(1.04046 0.00637613 0)
(1.04373 0.0110373 0)
(1.05041 0.0149895 0)
(1.06039 0.0182453 0)
(1.0734 0.021102 0)
(1.08437 0.0232402 0)
(1.07213 0.0238639 0)
(0.96191 0.0201225 0)
(0.646007 0.00668737 0)
(0.207297 -0.000388386 0)
(0.208878 0.000288854 0)
(0.631047 -0.00413572 0)
(0.952911 -0.0149178 0)
(1.07536 -0.0179349 0)
(1.09229 -0.0167507 0)
(1.08186 -0.0140937 0)
(1.0684 -0.0107581 0)
(1.05786 -0.00683721 0)
(1.05004 -0.00231679 0)
(1.04519 0.00256282 0)
(1.04418 0.00727125 0)
(1.04724 0.0116201 0)
(1.0537 0.0151404 0)
(1.06317 0.0181373 0)
(1.0759 0.0201997 0)
(1.08524 0.0219597 0)
(1.06608 0.0220186 0)
(0.938973 0.0177938 0)
(0.613335 0.00536306 0)
(0.197846 -3.01274e-05 0)
(0.203346 0.000119605 0)
(0.608391 -0.00288361 0)
(0.935076 -0.01206 0)
(1.07204 -0.0150615 0)
(1.095 -0.0141436 0)
(1.08584 -0.0117121 0)
(1.07244 -0.00861189 0)
(1.06191 -0.00496743 0)
(1.05397 -0.000794319 0)
(1.04882 0.00369945 0)
(1.04753 0.00800283 0)
(1.05037 0.0118016 0)
(1.05664 0.0149779 0)
(1.06591 0.0173489 0)
(1.07855 0.0195979 0)
(1.08605 0.0207832 0)
(1.06009 0.0205638 0)
(0.916915 0.015668 0)
(0.585544 0.00442743 0)
(0.18941 0.000204728 0)
(0.199292 5.48277e-05 0)
(0.591235 -0.00192183 0)
(0.920181 -0.00940824 0)
(1.06879 -0.012622 0)
(1.09788 -0.0116695 0)
(1.09002 -0.00930526 0)
(1.07645 -0.00625969 0)
(1.06555 -0.0028799 0)
(1.0573 0.00100979 0)
(1.05188 0.00528425 0)
(1.05022 0.00951863 0)
(1.05263 0.0128593 0)
(1.05861 0.0153908 0)
(1.06794 0.0174166 0)
(1.08024 0.0187705 0)
(1.08611 0.0198329 0)
(1.05224 0.0189384 0)
(0.895276 0.0137394 0)
(0.561965 0.00378218 0)
(0.181893 0.000359375 0)
(0.196392 4.06474e-06 0)
(0.578247 -0.00115585 0)
(0.906527 -0.00727055 0)
(1.06622 -0.00997403 0)
(1.10114 -0.00903189 0)
(1.09454 -0.00659211 0)
(1.08068 -0.00362211 0)
(1.06916 -0.000480641 0)
(1.06018 0.00307014 0)
(1.05403 0.00710123 0)
(1.05177 0.0111794 0)
(1.0541 0.0141498 0)
(1.06029 0.0159639 0)
(1.0698 0.0171848 0)
(1.08242 0.0184678 0)
(1.08591 0.0190464 0)
(1.04515 0.0180051 0)
(0.8755 0.0124048 0)
(0.541529 0.0034593 0)
(0.174772 0.000485274 0)
(0.194738 -2.13487e-05 0)
(0.569175 -0.000435142 0)
(0.896157 -0.00462032 0)
(1.06383 -0.00720513 0)
(1.10448 -0.00626612 0)
(1.09927 -0.00376689 0)
(1.08527 -0.000585873 0)
(1.07338 0.00254918 0)
(1.06399 0.00600841 0)
(1.05748 0.00968331 0)
(1.05491 0.0130221 0)
(1.05678 0.0152447 0)
(1.06255 0.0166487 0)
(1.07207 0.0175296 0)
(1.08361 0.0184492 0)
(1.08486 0.0185656 0)
(1.03589 0.0168632 0)
(0.855399 0.0110869 0)
(0.523449 0.00319942 0)
(0.167937 0.000555068 0)
(0.194758 -0.000168062 0)
(0.56476 0.000695248 0)
(0.888681 -0.00213185 0)
(1.06246 -0.00392778 0)
(1.10757 -0.00293368 0)
(1.10388 -0.000619427 0)
(1.09008 0.00226097 0)
(1.07813 0.005504 0)
(1.06859 0.00895555 0)
(1.06146 0.0123972 0)
(1.05785 0.0151192 0)
(1.05877 0.0169985 0)
(1.06396 0.0179716 0)
(1.07305 0.0185279 0)
(1.0834 0.0186556 0)
(1.08299 0.0180239 0)
(1.02761 0.015931 0)
(0.837926 0.00991897 0)
(0.508182 0.00290772 0)
(0.161573 0.000556224 0)
(0.196133 0.000161551 0)
(0.564871 0.00137051 0)
(0.883025 0.000511467 0)
(1.0617 -0.000847237 0)
(1.11086 0.000401169 0)
(1.10793 0.00264647 0)
(1.09416 0.00560985 0)
(1.08201 0.00893075 0)
(1.0722 0.0125376 0)
(1.0647 0.0160606 0)
(1.06064 0.0185133 0)
(1.06053 0.0198544 0)
(1.0645 0.0201763 0)
(1.07274 0.0201324 0)
(1.08249 0.0192574 0)
(1.07896 0.0181091 0)
(1.01575 0.0151427 0)
(0.818635 0.00889905 0)
(0.493569 0.00277847 0)
(0.155396 0.000557797 0)
(0.19994 0.000586594 0)
(0.567408 0.00208824 0)
(0.882856 0.00319323 0)
(1.06223 0.00286522 0)
(1.11366 0.00448926 0)
(1.11173 0.00676288 0)
(1.09791 0.00955109 0)
(1.08514 0.0129906 0)
(1.07439 0.016612 0)
(1.06555 0.0200356 0)
(1.06 0.0222015 0)
(1.05924 0.0231207 0)
(1.0634 0.0227792 0)
(1.07149 0.0216394 0)
(1.08043 0.0201468 0)
(1.07452 0.0184427 0)
(1.00603 0.014952 0)
(0.803387 0.00856168 0)
(0.481285 0.00287805 0)
(0.149621 0.000571998 0)
(0.205275 0.000678437 0)
(0.573662 0.00322043 0)
(0.885946 0.00580314 0)
(1.06442 0.00662655 0)
(1.11774 0.00891876 0)
(1.11622 0.0115392 0)
(1.10205 0.0149101 0)
(1.08869 0.0185267 0)
(1.07696 0.0220901 0)
(1.06698 0.0252923 0)
(1.06077 0.0269772 0)
(1.05901 0.0269425 0)
(1.06153 0.0256473 0)
(1.06877 0.0240892 0)
(1.07651 0.0219791 0)
(1.06754 0.0193727 0)
(0.992058 0.0150426 0)
(0.784355 0.00851679 0)
(0.467116 0.00314045 0)
(0.143075 0.000606732 0)
(0.213828 0.000849681 0)
(0.587095 0.00448578 0)
(0.894154 0.00868081 0)
(1.06935 0.0111656 0)
(1.12218 0.0137868 0)
(1.12156 0.0170235 0)
(1.10747 0.0208938 0)
(1.09365 0.0248614 0)
(1.08099 0.0288069 0)
(1.06933 0.0317597 0)
(1.06075 0.0327622 0)
(1.05737 0.0316988 0)
(1.05959 0.029625 0)
(1.06614 0.0268199 0)
(1.07218 0.0240529 0)
(1.06098 0.0204716 0)
(0.981067 0.0158206 0)
(0.770417 0.009246 0)
(0.454941 0.00358478 0)
(0.136628 0.000633971 0)
(0.223255 0.00111242 0)
(0.601444 0.00529421 0)
(0.905572 0.0110707 0)
(1.07718 0.0149782 0)
(1.12923 0.0187714 0)
(1.12851 0.0229884 0)
(1.11369 0.0275029 0)
(1.09892 0.0322744 0)
(1.08507 0.0365158 0)
(1.07192 0.0394371 0)
(1.06186 0.0400268 0)
(1.05676 0.0382599 0)
(1.05647 0.0350176 0)
(1.06154 0.031412 0)
(1.06627 0.0278201 0)
(1.05144 0.0235255 0)
(0.964627 0.0178277 0)
(0.749296 0.0106487 0)
(0.437461 0.00427439 0)
(0.128214 0.000719966 0)
(0.236843 0.00150531 0)
(0.623127 0.00708879 0)
(0.923406 0.0147093 0)
(1.08817 0.0203594 0)
(1.13732 0.0250421 0)
(1.13621 0.0300485 0)
(1.12028 0.0357036 0)
(1.104 0.0410315 0)
(1.0881 0.0459755 0)
(1.07258 0.0492774 0)
(1.05981 0.0494437 0)
(1.05293 0.046255 0)
(1.05248 0.0420195 0)
(1.05691 0.0372072 0)
(1.05968 0.0325108 0)
(1.0421 0.0271701 0)
(0.950865 0.0207207 0)
(0.73281 0.0128327 0)
(0.421205 0.00516033 0)
(0.11949 0.00082329 0)
(0.253028 0.00203973 0)
(0.64801 0.00868934 0)
(0.944601 0.0183908 0)
(1.10238 0.0258477 0)
(1.14806 0.0320455 0)
(1.14575 0.0391588 0)
(1.128 0.0456108 0)
(1.10968 0.0521996 0)
(1.09136 0.0576036 0)
(1.07323 0.0606162 0)
(1.05776 0.0597094 0)
(1.04875 0.0560935 0)
(1.04565 0.0507208 0)
(1.04862 0.0446732 0)
(1.05042 0.0395782 0)
(1.02902 0.0328657 0)
(0.929603 0.0248206 0)
(0.704789 0.0152807 0)
(0.396104 0.00609341 0)
(0.107539 0.000952945 0)
(0.275589 0.00283328 0)
(0.682143 0.01238 0)
(0.972693 0.0245233 0)
(1.12091 0.0341993 0)
(1.16179 0.0421117 0)
(1.15735 0.0500237 0)
(1.13735 0.0583509 0)
(1.11643 0.0659147 0)
(1.09504 0.0719328 0)
(1.07355 0.075164 0)
(1.05514 0.0738075 0)
(1.04385 0.0684766 0)
(1.04011 0.0615606 0)
(1.04185 0.0539056 0)
(1.04053 0.0470142 0)
(1.01453 0.0385053 0)
(0.909212 0.0290552 0)
(0.681284 0.0180014 0)
(0.373049 0.00712219 0)
(0.0956444 0.00100409 0)
(0.306434 0.0037215 0)
(0.726614 0.0151891 0)
(1.00916 0.0317644 0)
(1.14464 0.044429 0)
(1.17875 0.053909 0)
(1.17156 0.0651968 0)
(1.14824 0.0746444 0)
(1.12417 0.0833842 0)
(1.09944 0.0896721 0)
(1.07428 0.0920741 0)
(1.05178 0.0888328 0)
(1.03685 0.0820402 0)
(1.02984 0.0740918 0)
(1.02946 0.065295 0)
(1.02695 0.0568697 0)
(0.99518 0.0467398 0)
(0.879752 0.0345826 0)
(0.642621 0.0211778 0)
(0.337653 0.00800949 0)
(0.0797341 0.0010576 0)
(0.342236 0.00727495 0)
(0.782491 0.0244852 0)
(1.05329 0.0442714 0)
(1.17338 0.0601932 0)
(1.19967 0.0729864 0)
(1.18746 0.0853902 0)
(1.16018 0.096301 0)
(1.13203 0.105376 0)
(1.10288 0.111309 0)
(1.07331 0.112814 0)
(1.0476 0.108491 0)
(1.031 0.100308 0)
(1.02282 0.0899166 0)
(1.02008 0.0788004 0)
(1.01154 0.0676311 0)
(0.972049 0.0547186 0)
(0.848518 0.0403998 0)
(0.608287 0.0246314 0)
(0.306396 0.0093317 0)
(0.0651552 0.000991357 0)
(0.423448 0.0110345 0)
(0.866424 0.0352509 0)
(1.11282 0.0645976 0)
(1.20893 0.0852691 0)
(1.22352 0.0984376 1.15119e-33)
(1.20506 0.114217 -5.01301e-34)
(1.17228 0.125074 0)
(1.1394 0.133471 0)
(1.10564 0.137917 0)
(1.07149 0.136988 0)
(1.04114 0.129407 0)
(1.01953 0.117503 0)
(1.007 0.10525 0)
(1.00097 0.0927749 0)
(0.990886 0.0799636 0)
(0.944156 0.0651304 0)
(0.808203 0.0473572 0)
(0.555268 0.0287078 0)
(0.25709 0.00946122 0)
(0.044813 0.000749566 0)
(0.493041 0.0261598 9.67896e-20)
(0.963343 0.0590582 -7.26489e-20)
(1.17622 0.0975922 0)
(1.24513 0.121099 5.22822e-20)
(1.24926 0.137421 -4.23675e-20)
(1.22174 0.153185 5.28906e-34)
(1.18336 0.162473 0)
(1.14532 0.168958 2.61394e-20)
(1.10612 0.171214 -8.45069e-20)
(1.06646 0.167645 1.69658e-20)
(1.0319 0.157595 0)
(1.00892 0.144343 -4.04993e-20)
(0.99548 0.12983 -4.78136e-20)
(0.985773 0.114048 8.34053e-20)
(0.963208 0.0970654 -6.55692e-20)
(0.900985 0.0777657 0)
(0.749273 0.0564845 -2.34314e-20)
(0.4866 0.0323655 0)
(0.203382 0.0113624 -1.29171e-19)
(0.0269362 0.00103697 1.52598e-19)
(0.526348 0.0539848 -1.2098e-20)
(1.02139 0.102442 2.45608e-19)
(1.22152 0.147798 -2.22223e-20)
(1.27618 0.168682 -1.47663e-19)
(1.27162 0.185767 -9.00756e-20)
(1.23634 0.199592 1.45675e-19)
(1.19271 0.206709 0)
(1.1493 0.211102 0)
(1.10459 0.210922 1.35125e-19)
(1.05961 0.204401 0)
(1.01959 0.190788 1.4876e-19)
(0.988547 0.17331 4.34525e-20)
(0.965058 0.154695 3.53548e-22)
(0.945484 0.137129 -9.08112e-20)
(0.922993 0.120316 0)
(0.85904 0.101152 0)
(0.702812 0.0738688 -3.82463e-19)
(0.446171 0.0449816 9.57628e-19)
(0.187494 0.0157853 -5.67891e-19)
(0.0217415 0.00264806 -6.70824e-19)
(0.532365 0.0767458 -1.88683e-19)
(1.05568 0.158973 6.60167e-20)
(1.25566 0.208987 3.01619e-20)
(1.30104 0.228018 2.6103e-19)
(1.28892 0.2428 1.40886e-20)
(1.24748 0.252313 -3.84527e-19)
(1.19899 0.255804 1.27072e-19)
(1.15019 0.257224 0)
(1.09989 0.25392 -2.87321e-19)
(1.04877 0.244057 2.4361e-19)
(1.00281 0.227809 -4.00479e-19)
(0.968042 0.207779 1.85816e-19)
(0.944756 0.189634 -1.16143e-19)
(0.927101 0.172434 2.63627e-19)
(0.893759 0.152413 0)
(0.822533 0.128348 -9.47689e-20)
(0.671899 0.0971924 0)
(0.435087 0.0579133 5.25358e-19)
(0.189089 0.0256082 -1.24771e-18)
(0.0276752 0.00327823 7.81417e-19)
(0.523451 0.108429 6.70345e-19)
(1.07018 0.215476 -2.80791e-19)
(1.2746 0.273758 -5.34705e-20)
(1.31717 0.29181 0)
(1.30001 0.304221 -1.86253e-19)
(1.25411 0.309078 2.26947e-19)
(1.20143 0.308331 -1.35957e-19)
(1.14783 0.305996 0)
(1.09275 0.298658 2.04519e-19)
(1.03719 0.284618 -1.72099e-19)
(0.986599 0.263828 3.46027e-19)
(0.946696 0.241484 0)
(0.915757 0.221036 -2.47346e-19)
(0.886306 0.199465 1.40526e-19)
(0.857353 0.179607 3.47022e-19)
(0.794564 0.158209 -3.05203e-19)
(0.656733 0.124054 4.86741e-19)
(0.436106 0.0793847 -1.07722e-18)
(0.204732 0.0375077 6.80258e-19)
(0.0385492 0.00708647 -8.51326e-19)
(0.51076 0.132793 -3.27029e-19)
(1.07729 0.270613 2.3866e-19)
(1.28481 0.340523 -1.7358e-19)
(1.32532 0.35747 3.01296e-19)
(1.30459 0.367294 -2.57859e-19)
(1.25586 0.36751 7.6502e-20)
(1.2001 0.362633 3.65014e-21)
(1.14268 0.356311 -2.49408e-19)
(1.08344 0.344906 -2.16182e-19)
(1.02241 0.32686 -3.69355e-19)
(0.965731 0.303318 -7.42827e-19)
(0.922559 0.278632 -2.22978e-19)
(0.891218 0.255394 2.46705e-21)
(0.868083 0.235988 -4.72186e-19)
(0.83216 0.216456 -6.34023e-21)
(0.766446 0.189006 4.41458e-19)
(0.636148 0.151065 -1.32683e-19)
(0.433961 0.100712 -7.75465e-20)
(0.217271 0.0512123 0)
(0.0479364 0.0115399 1.79696e-18)
(0.4923 0.153288 0)
(1.06881 0.319556 -5.64116e-20)
(1.28579 0.403319 0)
(1.32696 0.421034 -1.24938e-20)
(1.30383 0.429479 2.65736e-19)
(1.2531 0.425772 -1.7027e-19)
(1.19493 0.417059 1.51735e-19)
(1.13446 0.406777 4.05521e-19)
(1.07148 0.390914 -1.18515e-19)
(1.00683 0.368776 1.88076e-19)
(0.948265 0.340553 3.98658e-19)
(0.901526 0.312459 4.83169e-19)
(0.865082 0.28873 -2.8653e-19)
(0.831021 0.265774 5.08829e-19)
(0.802196 0.245031 -4.00785e-19)
(0.746906 0.221091 0)
(0.62938 0.179833 -1.00288e-18)
(0.439876 0.124695 1.35045e-18)
(0.229704 0.0662459 1.00607e-19)
(0.0556871 0.0163829 -1.88588e-18)
(0.47846 0.173905 -5.1804e-21)
(1.06116 0.368545 9.54727e-20)
(1.28269 0.464515 5.33316e-19)
(1.32391 0.482646 -3.87292e-19)
(1.29871 0.489742 2.0022e-19)
(1.24657 0.482564 -1.74239e-19)
(1.18674 0.470614 3.11979e-19)
(1.12389 0.456688 -1.31337e-19)
(1.05821 0.437254 -4.88569e-19)
(0.98996 0.41119 2.18044e-22)
(0.926547 0.378972 -4.30346e-19)
(0.87702 0.348641 -5.17757e-19)
(0.841641 0.321722 3.12943e-19)
(0.817123 0.300835 -1.82363e-19)
(0.781362 0.278844 4.3265e-19)
(0.722782 0.248878 0)
(0.611822 0.206623 -6.18387e-19)
(0.437633 0.146569 9.12946e-19)
(0.236994 0.0802728 1.73151e-18)
(0.0608864 0.020916 -2.03772e-18)
(0.463634 0.191332 5.2749e-19)
(1.04735 0.412559 -2.78772e-19)
(1.27527 0.521811 -3.40436e-19)
(1.31732 0.541375 4.11033e-19)
(1.29049 0.547718 1.14777e-20)
(1.23723 0.537479 -3.58306e-19)
(1.1759 0.522503 -1.73768e-19)
(1.11114 0.505214 -1.54782e-19)
(1.04288 0.481848 -2.69437e-19)
(0.971366 0.451163 4.30295e-19)
(0.906236 0.416313 4.43397e-19)
(0.856317 0.382367 8.24319e-19)
(0.818101 0.354946 0)
(0.78259 0.327813 5.89854e-21)
(0.754217 0.304424 -1.1773e-18)
(0.70573 0.280501 2.74103e-19)
(0.60289 0.233962 1.32925e-18)
(0.435381 0.169091 -3.91799e-19)
(0.23857 0.0932528 8.17614e-19)
(0.0630143 0.0244443 -6.8346e-20)
(0.454806 0.210275 5.97033e-21)
(1.0364 0.456224 -2.14159e-19)
(1.26602 0.576752 -2.30038e-19)
(1.30817 0.597365 6.13839e-19)
(1.27977 0.602811 -5.74075e-19)
(1.22567 0.589891 3.7141e-19)
(1.16331 0.572464 1.8255e-19)
(1.09705 0.552254 4.76995e-19)
(1.02675 0.525809 5.55247e-19)
(0.953527 0.493097 -4.81958e-19)
(0.885982 0.454026 0)
(0.832481 0.415788 -3.05369e-19)
(0.793331 0.384837 3.50591e-19)
(0.76863 0.360536 4.3092e-19)
(0.734401 0.337298 -2.49595e-19)
(0.680647 0.303884 -6.0318e-19)
(0.582001 0.258265 -1.79684e-19)
(0.424524 0.186631 -1.33641e-21)
(0.232467 0.103319 0)
(0.0618478 0.0264205 0)
(0.446481 0.226013 1.81092e-19)
(1.02363 0.496156 0)
(1.25489 0.628079 -2.30297e-19)
(1.29714 0.650463 8.0876e-20)
(1.26748 0.655293 6.23384e-19)
(1.21274 0.639881 -1.6459e-19)
(1.14958 0.62011 1.89525e-19)
(1.08224 0.59714 -3.30298e-19)
(1.01066 0.567567 4.29506e-19)
(0.93517 0.529956 -1.47215e-19)
(0.864257 0.485251 2.53064e-19)
(0.810518 0.44699 9.70789e-19)
(0.772499 0.413567 1.3703e-20)
(0.734473 0.385276 -4.52396e-19)
(0.707746 0.358307 8.24298e-19)
(0.663495 0.331433 4.4194e-21)
(0.570607 0.278862 1.92239e-19)
(0.414946 0.203288 -9.16028e-19)
(0.224446 0.10991 9.35881e-19)
(0.0585307 0.0279849 -1.11089e-18)
(0.440441 0.245016 3.75366e-23)
(1.01258 0.53513 0)
(1.24301 0.676964 0)
(1.28478 0.700802 -1.01273e-19)
(1.25403 0.704684 -2.11674e-19)
(1.19882 0.68703 1.96458e-19)
(1.13493 0.665368 -3.79842e-19)
(1.06638 0.640099 0)
(0.992367 0.60808 -6.2508e-19)
(0.913062 0.568636 6.94142e-19)
(0.841051 0.524411 7.04483e-19)
(0.785816 0.479556 -3.53452e-19)
(0.744422 0.442739 -4.20211e-19)
(0.721633 0.413541 9.81503e-19)
(0.687877 0.386954 -2.9296e-19)
(0.638481 0.348669 -3.48421e-19)
(0.547664 0.297477 -2.08078e-19)
(0.39934 0.21449 -9.85527e-19)
(0.213951 0.114242 1.42555e-19)
(0.0540271 0.0284052 1.19626e-18)
(0.436889 0.263498 5.87429e-20)
(1.00156 0.571328 1.12186e-19)
(1.23027 0.722528 2.33901e-20)
(1.27167 0.748283 -7.24279e-23)
(1.24006 0.751527 -1.38069e-19)
(1.18438 0.731814 3.83866e-19)
(1.11986 0.708309 0)
(1.05037 0.68101 1.9412e-19)
(0.975546 0.646819 -1.53066e-19)
(0.897269 0.604234 1.16541e-18)
(0.823901 0.553484 -1.57999e-19)
(0.764758 0.506426 1.78923e-19)
(0.723296 0.46841 0)
(0.685842 0.433898 -5.29436e-19)
(0.660552 0.402628 6.34455e-19)
(0.619932 0.372363 0)
(0.532695 0.311431 -4.48603e-19)
(0.382894 0.22462 1.31878e-18)
(0.201776 0.116438 1.55052e-19)
(0.0487277 0.0279679 -1.47014e-18)
(0.434987 0.28032 1.08248e-19)
(0.991969 0.606302 -1.38124e-19)
(1.21749 0.765646 0)
(1.25811 0.792915 -2.11701e-19)
(1.22566 0.795372 0)
(1.16961 0.773856 -4.35435e-19)
(1.10456 0.74886 0)
(1.03436 0.719733 0)
(0.95814 0.683545 -1.85279e-19)
(0.875182 0.63926 -1.10184e-18)
(0.795068 0.58757 -1.2974e-18)
(0.73603 0.536353 2.03481e-19)
(0.695906 0.491732 7.23887e-19)
(0.671201 0.458199 5.7824e-19)
(0.640613 0.42736 -2.03596e-18)
(0.593531 0.382773 -8.13546e-19)
(0.507009 0.324785 4.76369e-19)
(0.363389 0.229233 0)
(0.188621 0.116775 1.33424e-18)
(0.0432938 0.0265794 -1.58167e-18)
(0.433666 0.29604 -1.01259e-19)
(0.982332 0.638809 1.36193e-19)
(1.20464 0.805795 0)
(1.24446 0.834937 -1.05531e-20)
(1.21131 0.836882 9.73223e-20)
(1.15496 0.813702 0)
(1.08953 0.787211 1.15938e-19)
(1.01851 0.756495 1.23864e-19)
(0.94083 0.71876 -3.667e-19)
(0.857087 0.672281 1.53737e-19)
(0.779313 0.616109 0)
(0.717911 0.562614 8.49964e-19)
(0.671394 0.518101 4.44986e-21)
(0.635063 0.475808 3.11248e-19)
(0.610938 0.437569 3.67949e-19)
(0.573231 0.402168 0)
(0.489671 0.331697 -7.78517e-19)
(0.344618 0.233344 1.52847e-18)
(0.174937 0.115303 -1.61804e-18)
(0.0380604 0.0247863 3.40279e-18)
(0.432642 0.311111 0)
(0.97374 0.670322 0)
(1.19219 0.843612 9.19965e-20)
(1.23092 0.874215 0)
(1.19708 0.875587 0)
(1.14044 0.851024 -4.49475e-19)
(1.07456 0.823347 1.21331e-19)
(1.00283 0.791209 1.73776e-20)
(0.923811 0.7521 -8.96678e-20)
(0.837455 0.70419 0)
(0.753218 0.64805 -1.93186e-19)
(0.685954 0.591145 -6.90013e-19)
(0.643318 0.538455 -8.1934e-19)
(0.618323 0.496572 -3.25614e-19)
(0.589209 0.458915 3.98064e-19)
(0.545277 0.405117 -9.37803e-19)
(0.462036 0.339689 1.67348e-18)
(0.322706 0.232093 4.31646e-21)
(0.161244 0.112246 -1.55217e-18)
(0.0333202 0.0227313 -2.29292e-19)
(0.431639 0.32585 0)
(0.965284 0.69989 9.5828e-20)
(1.17996 0.878952 -8.79406e-20)
(1.21758 0.911207 0)
(1.18316 0.912188 0)
(1.12632 0.886342 9.44295e-19)
(1.06017 0.857506 0)
(0.987784 0.824145 0)
(0.907663 0.784032 -8.16234e-19)
(0.819924 0.735058 1.97829e-19)
(0.73512 0.675163 -1.7547e-18)
(0.66878 0.615258 0)
(0.618936 0.563038 -8.83556e-19)
(0.57931 0.51213 1.10824e-20)
(0.556071 0.462216 -1.27689e-18)
(0.522386 0.419092 5.04258e-19)
(0.444111 0.337398 2.60189e-21)
(0.305906 0.230221 -1.76352e-18)
(0.149517 0.108154 8.35829e-19)
(0.0291906 0.020809 2.45516e-19)
(0.430738 0.34019 0)
(0.957691 0.728426 6.62747e-20)
(1.16822 0.912199 -9.4785e-20)
(1.20462 0.945631 -3.26642e-19)
(1.16963 0.94615 -1.28199e-19)
(1.11262 0.91933 1.16811e-19)
(1.04618 0.889645 -1.08004e-19)
(0.973276 0.855258 9.19773e-19)
(0.892046 0.8141 8.7314e-19)
(0.801773 0.764124 1.56778e-18)
(0.712444 0.705541 1.45862e-18)
(0.639053 0.644231 2.49647e-19)
(0.587756 0.583332 1.26853e-18)
(0.559985 0.530133 7.69779e-19)
(0.531716 0.481108 9.15371e-19)
(0.492067 0.41205 -5.49986e-19)
(0.415189 0.336493 -6.44704e-19)
(0.285511 0.219169 7.5484e-19)
(0.138977 0.102592 -4.46933e-19)
(0.02878 0.0235939 7.93499e-19)
(0.429852 0.354065 -5.59394e-20)
(0.950252 0.755106 -1.12139e-19)
(1.15676 0.943352 -4.63173e-20)
(1.19198 0.978097 1.6296e-20)
(1.15651 0.978242 3.79415e-19)
(1.0994 0.95044 -2.68103e-19)
(1.03287 0.919937 1.11747e-19)
(0.959486 0.884638 -2.1023e-20)
(0.877302 0.842914 -1.02801e-18)
(0.785873 0.792722 -1.69231e-18)
(0.694655 0.731563 1.04361e-19)
(0.619541 0.666113 0)
(0.563696 0.607621 0)
(0.517174 0.546296 -4.03404e-19)
(0.491714 0.478687 -1.48808e-18)
(0.462677 0.41841 1.18334e-18)
(0.399174 0.314014 7.03172e-19)
(0.287316 0.200332 0)
(0.148508 0.0800868 1.42553e-18)
(0.0226475 0.000131971 -8.48965e-19)
(0.429054 0.367273 3.16078e-20)
(0.943432 0.780616 -2.35939e-20)
(1.14578 0.972573 8.55367e-20)
(1.17981 1.00817 1.53162e-19)
(1.1439 1.00787 1.1937e-19)
(1.08674 0.979372 -7.58369e-20)
(1.0201 0.948352 0)
(0.946428 0.912438 -1.16827e-18)
(0.863341 0.869972 1.25556e-19)
(0.770053 0.819154 0)
(0.675992 0.759346 0)
(0.59426 0.696836 1.53674e-19)
(0.530998 0.62983 1.98356e-19)
(0.494751 0.563374 -4.33795e-19)
(0.461429 0.498524 1.06672e-18)
(0.42293 0.400247 -1.2835e-18)
(0.35981 0.297259 -1.50325e-18)
(0.278813 0.175859 1.32774e-18)
(0.190734 0.109885 -5.09045e-19)
(0.11513 0.0844888 2.98012e-19)
(0.428101 0.379689 -1.28264e-20)
(0.936646 0.804328 0)
(1.13508 0.999948 0)
(1.16803 1.03659 6.18002e-20)
(1.13176 1.03589 -5.00306e-20)
(1.0746 1.00659 -2.0953e-20)
(1.00801 0.97499 4.58875e-19)
(0.934079 0.938532 1.25477e-18)
(0.850403 0.895894 1.89961e-18)
(0.755806 0.845282 -1.24429e-19)
(0.657637 0.784367 2.48622e-19)
(0.572421 0.717856 -1.39928e-18)
(0.508111 0.654613 -1.34995e-18)
(0.447559 0.584949 -2.31937e-19)
(0.407946 0.493552 0)
(0.375949 0.408263 -1.04504e-20)
(0.326395 0.236994 8.17664e-19)
(0.283603 0.0757508 -1.39676e-18)
(0.243375 -0.0619016 1.06977e-18)
(0.0803835 -0.0947507 9.01842e-19)
(0.427129 0.391582 1.89169e-20)
(0.930261 0.826942 -2.47068e-21)
(1.12478 1.02566 6.75476e-21)
(1.15664 1.06298 -3.68897e-20)
(1.12001 1.06192 0)
(1.06288 1.03219 -5.36453e-19)
(0.996272 1.00039 -6.22802e-19)
(0.922164 0.963669 3.31605e-20)
(0.837749 0.920892 -1.00616e-18)
(0.741336 0.870014 -1.22668e-19)
(0.642562 0.810712 1.13936e-19)
(0.554245 0.750597 1.22659e-18)
(0.474173 0.682002 1.31803e-18)
(0.422427 0.604764 2.25127e-19)
(0.37248 0.525935 1.12556e-18)
(0.305278 0.387179 0)
(0.193917 0.225674 0)
(0.0229486 0.239786 9.50479e-19)
(-0.0740489 0.628765 -3.23136e-20)
(0.00369649 1.52246 -1.13292e-18)
(0.425931 0.402836 -5.50634e-21)
(0.923934 0.848122 -4.84302e-20)
(1.11472 1.05002 1.7828e-19)
(1.14554 1.08839 -2.12721e-19)
(1.10858 1.08714 7.01007e-20)
(1.05144 1.05693 -5.7224e-19)
(0.98486 1.02492 0)
(0.910557 0.98821 -1.08142e-18)
(0.825599 0.945778 0)
(0.727946 0.895937 1.82587e-18)
(0.623195 0.837634 -1.30239e-19)
(0.525766 0.773578 1.46031e-19)
(0.45205 0.711666 1.50437e-18)
(0.368782 0.643548 -4.78641e-19)
(0.281303 0.533312 -5.70601e-19)
(0.207662 0.447159 0)
(0.0996937 0.545511 0)
(0.0309264 1.29135 0)
(0.0750638 2.44622 -5.43209e-19)
(0.104156 2.90244 -3.30521e-19)
(0.424612 0.413545 0)
(0.917954 0.868221 0)
(1.10506 1.07289 -5.64143e-20)
(1.13487 1.11195 1.88332e-19)
(1.09756 1.11058 -2.27162e-19)
(1.04046 1.0803 5.40172e-19)
(0.973883 1.04854 7.65714e-20)
(0.899398 1.01202 -5.96178e-20)
(0.813636 0.970129 1.37626e-19)
(0.714364 0.921114 -2.09731e-18)
(0.610834 0.864725 2.44954e-19)
(0.517233 0.809472 1.22833e-18)
(0.41894 0.749216 -1.50452e-18)
(0.34349 0.667645 -1.60208e-18)
(0.271307 0.597483 5.35807e-19)
(0.201675 0.721681 0)
(0.133385 1.52289 7.4636e-19)
(0.132331 2.68159 8.40562e-19)
(0.13981 3.08384 -9.40476e-19)
(0.13072 3.22022 1.02349e-18)
(0.423088 0.423742 0)
(0.912043 0.886933 1.77021e-20)
(1.09566 1.09452 1.7586e-20)
(1.12457 1.13469 -1.73503e-19)
(1.08696 1.13334 2.38443e-19)
(1.02985 1.10287 0)
(0.963273 1.07116 0)
(0.88863 1.03511 0)
(0.802606 0.994047 8.67069e-19)
(0.702706 0.946579 1.05358e-19)
(0.593119 0.892803 0)
(0.484049 0.835997 -1.22839e-18)
(0.40254 0.781365 0)
(0.293697 0.722005 1.14959e-18)
(0.212578 0.794861 -7.74371e-19)
(0.164506 1.45354 -6.18338e-19)
(0.16761 2.67068 -1.45642e-18)
(0.187924 3.12632 -7.82887e-19)
(0.178431 3.26943 -1.12705e-18)
(0.163679 3.31004 8.84272e-19)
(0.421554 0.433147 -1.43552e-20)
(0.906457 0.904614 1.53832e-20)
(1.08669 1.11478 1.53848e-20)
(1.11472 1.15565 1.55006e-19)
(1.07678 1.15441 0)
(1.01972 1.12416 0)
(0.953159 1.09304 0)
(0.878398 1.05747 7.46596e-20)
(0.791816 1.01758 -1.0879e-18)
(0.690451 0.972105 0)
(0.581634 0.920796 0)
(0.485534 0.872825 0)
(0.371687 0.823976 0)
(0.308868 0.810674 8.56087e-19)
(0.277803 1.18043 2.07531e-18)
(0.262744 2.35949 6.11475e-19)
(0.273503 3.08238 1.2774e-18)
(0.267094 3.28742 -1.01764e-18)
(0.217283 3.35428 3.81211e-19)
(0.183794 3.36683 0)
(0.419864 0.44216 1.88711e-20)
(0.900727 0.921469 -8.30168e-20)
(1.07774 1.13452 4.02409e-23)
(1.10502 1.17659 9.68682e-21)
(1.06682 1.17556 -6.4017e-20)
(1.00978 1.14532 6.03859e-19)
(0.943221 1.1144 -5.60738e-20)
(0.868445 1.07964 -1.02842e-18)
(0.78185 1.04086 0)
(0.68037 0.997147 -1.21419e-19)
(0.568977 0.949395 1.10452e-19)
(0.453036 0.901886 0)
(0.369318 0.864801 0)
(0.320923 0.990436 -1.07165e-18)
(0.285701 1.84727 1.60297e-19)
(0.280917 2.93696 -4.92474e-19)
(0.300496 3.29227 1.06291e-18)
(0.273839 3.39243 8.32419e-19)
(0.206699 3.41745 -1.25383e-18)
(0.181227 3.42638 6.27025e-19)
(0.41785 0.451318 4.89269e-20)
(0.894735 0.93883 1.07881e-19)
(1.06842 1.15456 -1.14767e-20)
(1.09494 1.19729 0)
(1.05649 1.19641 0)
(0.999609 1.16646 -4.60178e-19)
(0.933225 1.13628 4.74647e-19)
(0.858545 1.10204 9.26798e-19)
(0.771744 1.06469 5.20722e-20)
(0.669565 1.02377 1.68738e-18)
(0.557568 0.979844 -1.79178e-18)
(0.454538 0.937578 0)
(0.378042 0.9464 0)
(0.344104 1.34848 -7.61986e-19)
(0.346004 2.46729 -8.99455e-19)
(0.38847 3.19931 0)
(0.413822 3.37685 -1.23824e-18)
(0.343792 3.44086 -5.01037e-20)
(0.271689 3.48509 8.5884e-19)
(0.248101 3.51075 -3.58161e-19)
(0.415364 0.460869 -1.00941e-19)
(0.887854 0.956844 -5.81295e-20)
(1.05816 1.17579 0)
(1.08405 1.21972 0)
(1.04549 1.21898 0)
(0.988794 1.18884 0)
(0.922606 1.15864 -5.20271e-19)
(0.848246 1.12519 9.41658e-19)
(0.761802 1.08883 0)
(0.659992 1.04948 -1.54182e-18)
(0.54932 1.00812 3.2457e-18)
(0.438165 0.976184 1.27864e-19)
(0.382027 1.06008 1.59998e-19)
(0.39089 1.73607 1.26642e-18)
(0.413693 2.89033 -7.20478e-19)
(0.450796 3.32577 0)
(0.432563 3.45321 3.74799e-19)
(0.345508 3.54095 9.51324e-20)
(0.265756 3.60712 4.36888e-20)
(0.190255 3.58674 1.71585e-19)
(0.412378 0.47073 5.16578e-20)
(0.88036 0.976025 -8.53099e-20)
(1.0471 1.19788 0)
(1.07234 1.24213 2.69384e-20)
(1.03364 1.24136 -1.46573e-19)
(0.977306 1.21135 0)
(0.911625 1.18181 0)
(0.837687 1.14866 -1.68777e-18)
(0.751684 1.11372 -1.1255e-19)
(0.650555 1.07748 1.5943e-18)
(0.536503 1.04171 -1.55895e-18)
(0.451568 1.02608 8.69942e-19)
(0.418469 1.24165 0)
(0.439152 2.17256 -6.83816e-19)
(0.479643 3.14471 4.29441e-19)
(0.539536 3.43209 3.34205e-19)
(0.533455 3.53071 0)
(0.467988 3.6174 4.97079e-20)
(0.394881 3.66064 -2.35899e-19)
(0.312704 3.63154 -4.21298e-20)
(0.408668 0.480868 -1.25536e-19)
(0.871627 0.995854 1.28448e-19)
(1.03486 1.22128 3.92853e-20)
(1.05965 1.26668 -2.4725e-21)
(1.021 1.26582 2.21204e-19)
(0.965084 1.23533 0)
(0.899861 1.20541 -3.05089e-19)
(0.826707 1.17286 6.46878e-19)
(0.741474 1.13863 8.51772e-20)
(0.640963 1.1034 -1.37646e-18)
(0.529768 1.06948 -9.04394e-20)
(0.448342 1.0826 -9.83945e-19)
(0.443283 1.45909 1.0831e-18)
(0.502867 2.52939 2.59076e-19)
(0.572159 3.30597 -5.06221e-19)
(0.62742 3.48553 4.1215e-19)
(0.587399 3.54235 0)
(0.52654 3.54874 0)
(0.428626 3.51601 -6.03549e-19)
(0.193554 3.30921 1.04452e-18)
(0.404368 0.490773 6.34322e-20)
(0.862089 1.01702 1.45184e-19)
(1.02172 1.2456 -6.55214e-20)
(1.04604 1.29084 -4.73769e-21)
(1.00741 1.28966 -1.79181e-19)
(0.952158 1.25906 0)
(0.887891 1.22964 3.48103e-19)
(0.815564 1.19715 7.06781e-19)
(0.731543 1.16408 0)
(0.633196 1.13176 0)
(0.52546 1.10832 0)
(0.466002 1.16489 0)
(0.499625 1.69548 -1.22877e-18)
(0.573893 2.84114 -3.62976e-19)
(0.646316 3.40569 0)
(0.687895 3.50441 -1.51403e-19)
(0.685966 3.51003 0)
(0.761741 3.35467 5.88041e-20)
(0.857079 2.98978 -1.54156e-18)
(0.454664 2.61736 1.67506e-18)
(0.3987 0.500746 -1.52813e-19)
(0.850827 1.0386 -1.0003e-19)
(1.00698 1.2713 -5.66986e-20)
(1.03119 1.31769 4.43095e-21)
(0.992849 1.31614 7.59338e-20)
(0.938392 1.28469 0)
(0.874929 1.25448 8.55801e-20)
(0.803945 1.22227 -1.06573e-19)
(0.721093 1.1896 -6.30818e-19)
(0.623491 1.15788 0)
(0.523586 1.13806 8.67668e-20)
(0.478147 1.24941 -9.86508e-20)
(0.539206 1.93462 0)
(0.639191 3.06339 4.63351e-19)
(0.732411 3.44357 0)
(0.770248 3.48489 1.66291e-20)
(0.774984 3.40215 -2.82653e-21)
(0.766742 3.02672 -5.80198e-20)
(0.521889 2.02348 1.88831e-19)
(-0.349009 0.515926 -4.72377e-19)
(0.391894 0.510934 -1.32814e-20)
(0.838376 1.06171 -6.18814e-20)
(0.991012 1.29824 7.29385e-20)
(1.01506 1.34409 -1.91844e-20)
(0.976922 1.34201 2.46591e-21)
(0.923467 1.31037 0)
(0.861469 1.28064 -2.40083e-19)
(0.791742 1.24846 -5.01863e-19)
(0.711106 1.21687 1.16225e-18)
(0.615198 1.18781 -1.12255e-18)
(0.526535 1.18415 -1.14159e-18)
(0.508926 1.36954 0)
(0.605455 2.22666 7.35784e-19)
(0.71769 3.21728 -1.43008e-19)
(0.792167 3.43593 -6.89136e-20)
(0.794844 3.43051 0)
(0.723456 3.19554 -1.61583e-20)
(0.555901 2.42821 3.87281e-21)
(0.11594 0.682886 -4.59954e-21)
(-0.255021 -0.414766 -1.60082e-20)
(0.38335 0.520132 1.58501e-19)
(0.823524 1.08464 -6.57193e-20)
(0.972792 1.32644 7.42906e-20)
(0.99724 1.37393 5.00836e-20)
(0.959679 1.37145 3.55384e-21)
(0.907475 1.33881 -1.38528e-19)
(0.846674 1.3081 4.2595e-19)
(0.778941 1.276 4.67395e-19)
(0.699854 1.24488 -1.00558e-18)
(0.604778 1.21751 -1.5689e-21)
(0.529992 1.22184 1.27719e-19)
(0.536405 1.49779 -7.50463e-19)
(0.655022 2.48959 2.61987e-19)
(0.769023 3.28422 -4.64991e-19)
(0.832452 3.39845 2.21941e-19)
(0.817319 3.32404 -2.64211e-20)
(0.696763 2.90133 3.86452e-20)
(0.432961 1.70004 -8.85946e-21)
(0.0676103 0.0645995 0)
(-0.0787214 -0.172427 -4.65127e-20)
(0.373473 0.52889 0)
(0.806955 1.10874 -2.54519e-19)
(0.953158 1.35596 2.37769e-20)
(0.977961 1.40274 -5.09857e-20)
(0.940819 1.39958 0)
(0.890102 1.36672 8.88489e-20)
(0.831397 1.33658 -3.20636e-19)
(0.76554 1.30474 -4.37238e-19)
(0.689955 1.27463 8.72921e-19)
(0.599209 1.25112 8.72515e-19)
(0.537888 1.28051 9.38564e-19)
(0.574789 1.66047 4.6761e-20)
(0.718478 2.73072 -5.83529e-19)
(0.834605 3.32868 -6.14073e-20)
(0.874974 3.36865 1.79757e-19)
(0.797596 3.17304 -1.25347e-19)
(0.553601 2.37921 -2.71871e-20)
(0.125043 0.480505 3.22211e-20)
(-0.132789 -0.244464 0)
(-0.113269 -0.207455 0)
(0.360891 0.535853 -1.75698e-19)
(0.786952 1.13126 2.75201e-19)
(0.930638 1.38579 0)
(0.956493 1.43521 0)
(0.920268 1.43171 0)
(0.871525 1.39777 0)
(0.814608 1.36642 1.09783e-19)
(0.751514 1.33428 -1.54701e-20)
(0.678164 1.30477 5.08016e-21)
(0.593511 1.28369 9.73248e-20)
(0.543478 1.33275 -9.41293e-19)
(0.612128 1.81779 5.92618e-19)
(0.772978 2.92048 0)
(0.868082 3.3215 3.76078e-20)
(0.884862 3.2972 -1.88773e-19)
(0.751589 2.89511 7.54411e-20)
(0.424968 1.75762 -1.08621e-21)
(0.0160382 -0.0154436 -5.43643e-21)
(-0.163638 -0.206088 5.46591e-20)
(-0.0600806 -0.138364 6.91395e-20)
(0.345664 0.541259 9.76348e-20)
(0.764021 1.1536 1.28296e-19)
(0.906769 1.41709 -9.26067e-21)
(0.933326 1.46599 5.0774e-20)
(0.897741 1.46156 0)
(0.851265 1.42734 -5.88376e-20)
(0.797101 1.39664 5.37925e-20)
(0.736771 1.36489 -2.84739e-20)
(0.667108 1.33594 -3.44388e-20)
(0.589915 1.3205 8.30779e-20)
(0.557757 1.40565 6.23617e-19)
(0.656544 2.01826 -3.61882e-19)
(0.82607 3.05332 -2.99019e-19)
(0.913332 3.31949 -6.60167e-20)
(0.906953 3.21339 1.24503e-19)
(0.679948 2.59027 -1.19359e-19)
(0.225767 0.878841 7.37326e-20)
(-0.0728136 -0.270478 -5.96541e-20)
(-0.144536 -0.230875 1.62903e-19)
(-0.0612382 -0.137851 -1.23145e-19)
(0.326932 0.543331 -9.1327e-20)
(0.737162 1.17262 0)
(0.87924 1.44661 -8.91695e-20)
(0.907131 1.50016 -1.04377e-19)
(0.873006 1.49557 0)
(0.829615 1.46028 3.40234e-20)
(0.77795 1.428 0)
(0.721092 1.3955 1.46327e-19)
(0.653007 1.36718 -2.23938e-19)
(0.586482 1.35626 4.90836e-19)
(0.569451 1.47379 -4.69596e-19)
(0.701742 2.20315 1.81106e-19)
(0.873003 3.12573 5.801e-19)
(0.940434 3.28935 -1.13929e-19)
(0.877424 3.07207 1.13594e-19)
(0.561423 2.14709 3.31698e-20)
(0.092894 0.186166 -7.15161e-20)
(-0.167117 -0.293126 9.11084e-20)
(-0.111484 -0.219487 8.46943e-22)
(-0.0419878 -0.0786093 1.26389e-20)
(0.305347 0.54227 1.93144e-19)
(0.707759 1.19139 -1.3734e-19)
(0.85016 1.47748 1.11984e-19)
(0.878698 1.53188 5.32004e-20)
(0.845977 1.52621 2.7259e-20)
(0.805909 1.49039 2.24269e-20)
(0.757471 1.45891 0)
(0.704639 1.42648 -3.55839e-20)
(0.641028 1.39889 0)
(0.584275 1.39503 -4.59079e-19)
(0.58876 1.55859 4.4635e-19)
(0.747302 2.38075 -5.44183e-20)
(0.912698 3.17477 -3.87934e-19)
(0.969099 3.25977 -7.42492e-20)
(0.868037 2.90282 5.6715e-20)
(0.452969 1.70172 -1.85136e-20)
(-0.045259 -0.0962962 7.72871e-20)
(-0.232848 -0.270895 4.61516e-20)
(-0.127465 -0.244483 1.80884e-20)
(-0.0596831 -0.0738126 -8.70156e-20)
(0.280052 0.534953 4.25252e-21)
(0.673415 1.2033 7.74262e-20)
(0.815836 1.50288 0)
(0.846253 1.56541 1.00514e-19)
(0.816413 1.56069 -1.0787e-19)
(0.780513 1.52397 3.20572e-20)
(0.735335 1.49029 -4.80688e-21)
(0.68686 1.45681 -1.32793e-19)
(0.626967 1.43018 1.56067e-19)
(0.579892 1.43255 -4.8298e-20)
(0.603259 1.63314 3.29108e-19)
(0.791872 2.52421 4.17469e-19)
(0.950615 3.18954 3.74887e-20)
(0.983558 3.20563 1.64946e-19)
(0.807836 2.70467 5.04378e-20)
(0.30957 1.16993 -7.94967e-20)
(-0.0870453 -0.235899 3.4837e-20)
(-0.25792 -0.31319 -1.32837e-20)
(-0.139754 -0.298447 5.34098e-22)
(-0.0782189 -0.101243 8.35146e-20)
(0.251529 0.520995 3.79565e-19)
(0.635318 1.21253 -8.14289e-20)
(0.779438 1.52983 -1.86063e-19)
(0.811331 1.59545 1.51037e-19)
(0.784572 1.59066 -3.79353e-20)
(0.752365 1.55293 6.80805e-20)
(0.710911 1.52041 -2.23258e-20)
(0.668077 1.48615 0)
(0.614471 1.46 -1.84576e-19)
(0.57653 1.47141 3.0012e-20)
(0.623742 1.71236 -9.61839e-20)
(0.833999 2.64473 -3.50066e-19)
(0.974537 3.19434 2.38747e-20)
(0.99058 3.15926 9.06969e-21)
(0.772958 2.48115 7.12532e-20)
(0.268832 0.775312 1.63146e-20)
(-0.0698235 -0.289096 -4.46338e-20)
(-0.195862 -0.353336 -3.54048e-20)
(-0.127244 -0.323631 -8.03895e-21)
(-0.0664624 -0.127051 -9.24254e-20)
(0.218672 0.495944 0)
(0.590653 1.2093 7.55416e-20)
(0.736167 1.54624 -8.12055e-20)
(0.771977 1.62467 1.52409e-19)
(0.75002 1.62313 -1.25144e-19)
(0.721987 1.58516 5.48146e-20)
(0.684842 1.54975 0)
(0.64729 1.51432 0)
(0.60161 1.48812 0)
(0.569227 1.50627 -6.2439e-20)
(0.636332 1.77394 5.85291e-20)
(0.870369 2.72418 -6.71813e-20)
(1.00086 3.19959 -1.06827e-19)
(0.999915 3.09518 -4.78347e-20)
(0.729113 2.3398 8.86053e-20)
(0.248834 0.460263 -6.68128e-20)
(-0.049439 -0.21661 1.55468e-20)
(-0.135395 -0.344997 1.13124e-19)
(-0.107191 -0.303394 -1.22527e-20)
(-0.0101278 -0.0821174 0)
(0.18255 0.459198 3.61785e-19)
(0.541181 1.19852 -7.06411e-20)
(0.690845 1.56371 4.48163e-21)
(0.730192 1.64984 0)
(0.712469 1.64937 -6.25891e-20)
(0.688016 1.61096 1.7986e-20)
(0.655673 1.57676 0)
(0.624831 1.53989 -1.59608e-20)
(0.587152 1.51206 1.25938e-20)
(0.56285 1.53923 0)
(0.652969 1.82504 0)
(0.902465 2.77476 1.15451e-19)
(1.01658 3.20455 5.68038e-20)
(0.965269 3.06925 -4.28607e-20)
(0.601762 2.10266 2.35409e-20)
(-0.0358169 0.309226 -4.6269e-20)
(-0.283392 -0.0927152 0)
(-0.270567 -0.267994 8.84171e-20)
(-0.181828 -0.260314 9.36745e-20)
(0.00354516 0.0235123 -2.2762e-19)
(0.142768 0.405367 3.00802e-19)
(0.484235 1.16707 -6.90118e-20)
(0.637174 1.56283 8.45706e-20)
(0.68315 1.67046 -2.14069e-19)
(0.671321 1.67567 0)
(0.651952 1.63916 0)
(0.624438 1.60169 0)
(0.600293 1.56328 -1.03115e-20)
(0.571544 1.53321 8.13287e-21)
(0.551775 1.56068 0)
(0.657409 1.85355 0)
(0.933721 2.80023 -9.81695e-20)
(1.04408 3.22012 -3.49942e-21)
(0.96532 3.08599 -1.82185e-20)
(0.561802 2.11583 1.14293e-19)
(-0.122742 0.535158 0)
(-0.435446 -0.123281 -7.35872e-20)
(-0.513413 -0.630196 2.66082e-21)
(-0.464869 -0.724695 1.95033e-19)
(-0.135051 -0.31345 -2.03597e-19)
(0.101555 0.334594 -2.78314e-19)
(0.421525 1.11872 7.97039e-20)
(0.581458 1.55989 2.00906e-19)
(0.632846 1.68511 1.11594e-19)
(0.626135 1.69333 -9.07875e-20)
(0.611742 1.6596 -4.17061e-20)
(0.589432 1.62228 1.62941e-20)
(0.571826 1.58267 0)
(0.553986 1.54852 0)
(0.539872 1.57452 0)
(0.658293 1.85722 6.23389e-20)
(0.963846 2.77258 8.02084e-20)
(1.10284 3.2161 3.66707e-20)
(1.05513 3.1252 -8.85168e-21)
(0.67894 2.14507 7.35704e-20)
(0.0768148 0.593525 0)
(-0.389249 -0.216281 2.05575e-19)
(-0.575737 -0.932716 -1.03866e-18)
(-0.592272 -1.28676 2.25137e-18)
(-0.355825 -1.01421 -1.24197e-18)
(0.0579275 0.243457 2.92381e-19)
(0.349555 1.03777 -2.40219e-19)
(0.514527 1.52612 0)
(0.576856 1.68935 5.94054e-20)
(0.576741 1.70957 3.63949e-20)
(0.569048 1.68037 5.8825e-20)
(0.551396 1.64015 -1.52315e-20)
(0.540444 1.59755 0)
(0.531368 1.55871 0)
(0.525819 1.5762 7.3424e-20)
(0.644762 1.83271 3.72026e-21)
(0.989574 2.72352 -6.73558e-20)
(1.2183 3.17155 -5.61216e-20)
(1.28965 3.11114 2.1768e-19)
(1.1247 2.4916 -6.73914e-19)
(0.703733 1.2089 9.47834e-19)
(0.148972 0.193506 -7.15767e-19)
(-0.18472 -0.818633 0)
(-0.488373 -1.52625 -1.79303e-20)
(-0.385182 -1.45245 1.33154e-18)
(0.0208847 0.157246 2.9402e-19)
(0.269459 0.926141 0)
(0.446104 1.48223 0)
(0.516373 1.68169 0)
(0.523867 1.71414 2.37604e-20)
(0.521081 1.69163 -6.50467e-20)
(0.508457 1.65119 -1.45086e-20)
(0.502977 1.60767 0)
(0.503662 1.56207 0)
(0.506721 1.56575 -4.47124e-20)
(0.615372 1.77038 -2.92941e-20)
(0.976351 2.57051 3.36345e-20)
(1.28505 3.05702 -7.18178e-21)
(1.37922 2.95084 -8.93654e-21)
(1.29873 2.55318 -6.72098e-20)
(1.0814 1.67541 -5.44008e-20)
(0.63567 0.673538 -2.47945e-20)
(0.254884 -0.307509 0)
(-0.0385686 -1.01026 1.72723e-20)
(-0.241351 -1.38969 -1.38146e-19)
(-0.000224094 0.0874262 -2.63638e-19)
(0.179353 0.762466 9.05615e-20)
(0.365032 1.38473 1.28975e-19)
(0.450498 1.65522 -1.83387e-20)
(0.466154 1.71471 -6.92945e-20)
(0.469723 1.70151 -2.50009e-20)
(0.461303 1.6594 4.0165e-20)
(0.458245 1.61176 -7.4324e-21)
(0.465474 1.55639 0)
(0.478017 1.54361 -8.12731e-21)
(0.557007 1.67188 3.03144e-20)
(0.856722 2.3598 -5.25052e-20)
(1.20184 2.87237 0)
(1.27778 2.81889 4.13356e-20)
(1.22554 2.55509 0)
(1.11593 1.98909 3.93678e-20)
(0.773403 1.1076 8.83209e-20)
(0.444917 0.2887 0)
(0.132184 -0.507245 0)
(-0.0352272 -0.764538 -9.88772e-19)
(-0.00404218 0.0313847 1.95929e-19)
(0.0964948 0.531894 -7.31771e-20)
(0.292782 1.26023 5.46536e-20)
(0.381749 1.60181 -8.1354e-20)
(0.406011 1.6987 2.96412e-20)
(0.411255 1.69718 -6.22882e-21)
(0.407296 1.66199 -3.12382e-22)
(0.40558 1.61123 -7.96833e-21)
(0.411736 1.54608 6.52483e-23)
(0.427328 1.51024 2.16981e-20)
(0.467019 1.57224 6.6383e-21)
(0.627955 2.02767 0)
(0.980922 2.71884 4.02394e-20)
(1.01981 2.70349 0)
(1.01216 2.56623 0)
(0.940262 2.23908 0)
(0.734415 1.65107 8.21632e-19)
(0.481537 1.00109 -2.06225e-18)
(0.234359 0.397174 1.71876e-20)
(0.0415857 -0.0390812 1.45402e-18)
(0.00407659 -0.0234748 3.17174e-20)
(0.0316932 0.237859 2.97659e-20)
(0.206678 1.03174 -2.42514e-20)
(0.309178 1.51298 -1.55701e-20)
(0.339365 1.67508 1.25886e-20)
(0.349123 1.68923 5.85405e-21)
(0.347494 1.66356 1.75705e-21)
(0.342425 1.60777 0)
(0.342285 1.53608 1.54059e-21)
(0.351421 1.47711 3.83709e-21)
(0.363493 1.50235 -2.52464e-20)
(0.396666 1.81384 0)
(0.689644 2.53201 1.30748e-20)
(0.703213 2.67654 -5.81201e-20)
(0.683801 2.63849 0)
(0.632249 2.48133 0)
(0.526386 2.13963 -4.89553e-20)
(0.342449 1.59176 0)
(0.178979 1.0993 -3.74803e-20)
(0.0518595 0.593506 0)
(0.0100065 -0.072301 0)
(0.0105845 0.0622877 0)
(0.107909 0.712651 0)
(0.224804 1.35227 0)
(0.265683 1.61818 -2.67982e-34)
(0.277333 1.66961 1.33093e-34)
(0.280849 1.65653 0)
(0.276171 1.60515 0)
(0.272959 1.52997 0)
(0.276108 1.46137 0)
(0.28498 1.47667 0)
(0.249146 1.71567 0)
(0.466127 2.39799 0)
(0.495811 2.69441 0)
(0.454181 2.73082 0)
(0.419348 2.67581 0)
(0.355248 2.47886 0)
(0.234767 2.06836 0)
(0.10797 1.604 0)
(0.0223845 0.999807 0)
(0.00535602 -0.112223 0)
(0.0134674 -0.0380643 0)
(0.0443864 0.456108 0)
(0.147038 1.18571 0)
(0.186577 1.54997 0)
(0.203694 1.64687 0)
(0.210019 1.64459 0)
(0.212324 1.60211 0)
(0.209509 1.52973 0)
(0.20933 1.46318 0)
(0.226268 1.47617 0)
(0.161272 1.67618 0)
(0.316897 2.32525 0)
(0.358867 2.71607 0)
(0.316641 2.8116 0)
(0.279295 2.79979 0)
(0.235866 2.67566 0)
(0.156769 2.34976 0)
(0.0641483 1.91361 0)
(0.00850339 1.21983 0)
(0.00419808 -0.150928 0)
(0.0178382 -0.0858452 0)
(0.0120153 0.342872 0)
(0.0722968 1.07767 0)
(0.105806 1.48784 0)
(0.1285 1.6195 0)
(0.141309 1.63037 0)
(0.151816 1.59713 0)
(0.149762 1.53202 0)
(0.151485 1.47077 0)
(0.175782 1.48419 0)
(0.104834 1.65344 0)
(0.20763 2.27835 0)
(0.248437 2.73813 0)
(0.21222 2.87866 0)
(0.175109 2.89404 0)
(0.146138 2.81593 0)
(0.0915264 2.54477 0)
(0.0293816 2.1237 0)
(-0.00531926 1.33966 0)
(0.00229367 -0.178121 0)
(0.00826806 -0.0938559 0)
(-0.0124025 0.348699 0)
(0.00249373 1.02081 0)
(0.0280631 1.44615 0)
(0.0545689 1.59251 0)
(0.0763226 1.61194 0)
(0.0940446 1.58955 0)
(0.102401 1.53049 0)
(0.104682 1.47506 0)
(0.132958 1.49429 0)
(0.0675923 1.64207 0)
(0.13125 2.24832 0)
(0.163543 2.75748 0)
(0.132774 2.93124 0)
(0.102205 2.96705 0)
(0.0805257 2.90898 0)
(0.0433483 2.66872 0)
(0.00180802 2.23729 0)
(-0.0113449 1.33703 0)
(0.000141098 -0.177129 0)
(-0.0117076 -0.0511968 0)
(-0.0415494 0.386338 0)
(-0.0455561 1.00941 0)
(-0.0322834 1.40535 0)
(-0.00617396 1.55525 0)
(0.0198894 1.58582 0)
(0.0441987 1.57306 0)
(0.0655451 1.52316 0)
(0.0637899 1.47559 0)
(0.0931548 1.50362 0)
(0.0422876 1.63665 0)
(0.0813233 2.22515 0)
(0.100778 2.76741 0)
(0.0739988 2.96663 0)
(0.0513357 3.01883 0)
(0.0376413 2.97714 0)
(0.0113607 2.75508 0)
(-0.0129184 2.31536 0)
(-0.0170436 1.30583 0)
(-0.00460506 -0.138292 0)
(-0.0249995 0.0264908 0)
(-0.0609245 0.45848 0)
(-0.075877 1.02284 0)
(-0.0679051 1.36867 0)
(-0.0439079 1.5115 0)
(-0.0201128 1.55253 0)
(0.00694135 1.54724 0)
(0.0307255 1.51016 0)
(0.0289826 1.46987 0)
(0.0579189 1.5055 0)
(0.0238386 1.63572 0)
(0.045097 2.2127 0)
(0.0530926 2.7747 0)
(0.0283404 2.99265 0)
(0.0121556 3.05729 0)
(0.00174813 3.01919 0)
(-0.0151354 2.79807 0)
(-0.032238 2.32293 0)
(-0.0181147 1.23126 0)
(-0.00647857 -0.0758385 0)
(-0.0316707 0.125509 0)
(-0.0702647 0.539348 0)
(-0.0868974 1.0383 0)
(-0.0826228 1.33487 0)
(-0.062371 1.46807 0)
(-0.0436374 1.5153 0)
(-0.0182852 1.51856 0)
(0.00128562 1.49325 0)
(0.00426885 1.45999 0)
(0.0316805 1.50309 0)
(0.00596837 1.63705 0)
(0.0159149 2.20504 0)
(0.0206829 2.78162 0)
(-0.000827439 3.00944 0)
(-0.0133183 3.08137 0)
(-0.0223994 3.04305 0)
(-0.0339614 2.81883 0)
(-0.0400184 2.3077 0)
(-0.0222992 1.11752 0)
(-0.00679351 -0.00575471 0)
(-0.0315501 0.226987 0)
(-0.0687911 0.613703 0)
(-0.0849458 1.05208 0)
(-0.0834461 1.30919 0)
(-0.0656506 1.43275 0)
(-0.0507601 1.48225 0)
(-0.0321484 1.49287 0)
(-0.0132224 1.4758 0)
(-0.00883003 1.44781 0)
(0.0125421 1.50375 0)
(-0.00616205 1.63886 0)
(-0.0053067 2.20634 0)
(-0.00168331 2.78674 0)
(-0.0189324 3.02088 0)
(-0.0274551 3.09398 0)
(-0.0386781 3.05945 0)
(-0.0464655 2.82638 0)
(-0.0465178 2.2694 0)
(-0.0227189 0.985617 0)
(-0.00570126 0.0599097 0)
(-0.026634 0.322034 0)
(-0.059113 0.681916 0)
(-0.0749214 1.06966 0)
(-0.0767716 1.29488 0)
(-0.0631689 1.40693 0)
(-0.0518806 1.45558 0)
(-0.0362014 1.47097 0)
(-0.0162333 1.46173 0)
(-0.0147005 1.4391 0)
(0.000806251 1.50474 0)
(-0.0116126 1.6443 0)
(-0.017674 2.20889 0)
(-0.0172451 2.79435 0)
(-0.0336431 3.03564 0)
(-0.0398297 3.11086 0)
(-0.048715 3.06906 0)
(-0.0543124 2.82084 0)
(-0.0467559 2.20467 0)
(-0.0177347 0.858582 0)
(-0.00391221 0.112253 0)
(-0.0199025 0.401835 0)
(-0.0464208 0.74009 0)
(-0.0598267 1.09057 0)
(-0.0640816 1.29375 0)
(-0.0551103 1.39559 0)
(-0.0486553 1.44025 0)
(-0.0364263 1.45486 0)
(-0.0183372 1.45093 0)
(-0.0198284 1.43298 0)
(-0.00541952 1.50327 0)
(-0.0169557 1.65494 0)
(-0.0246355 2.21639 0)
(-0.029395 2.80811 0)
(-0.0426541 3.05194 0)
(-0.0477909 3.12514 0)
(-0.0523607 3.08034 0)
(-0.0538798 2.81056 0)
(-0.0438417 2.13794 0)
(-0.0114991 0.750082 0)
(-0.0024813 0.149934 0)
(-0.0139168 0.465151 0)
(-0.0353096 0.789235 0)
(-0.0458172 1.11053 0)
(-0.0502135 1.29615 0)
(-0.0460882 1.38887 0)
(-0.0437411 1.42967 0)
(-0.03528 1.44372 0)
(-0.0221425 1.44286 0)
(-0.0254225 1.4293 0)
(-0.0109181 1.49838 0)
(-0.0195245 1.66049 0)
(-0.0300411 2.22572 0)
(-0.0337682 2.82074 0)
(-0.0478279 3.06513 0)
(-0.0515238 3.13466 0)
(-0.057647 3.08397 0)
(-0.0544847 2.79029 0)
(-0.0403895 2.06225 0)
(-0.00630452 0.660332 0)
(-0.00152965 0.175238 0)
(-0.00920391 0.512107 0)
(-0.0262365 0.827485 0)
(-0.0338705 1.12416 0)
(-0.0360584 1.3019 0)
(-0.0340502 1.38989 0)
(-0.0346509 1.42745 0)
(-0.0319664 1.43771 0)
(-0.0242525 1.43861 0)
(-0.0298759 1.42761 0)
(-0.0201839 1.49556 0)
(-0.022892 1.6697 0)
(-0.038178 2.24163 0)
(-0.0420842 2.83546 0)
(-0.0564828 3.07715 0)
(-0.0583979 3.14416 0)
(-0.0612302 3.08091 0)
(-0.0590697 2.75977 0)
(-0.0355834 1.96641 0)
(-0.00322025 0.585692 0)
(-0.00107213 0.192512 0)
(-0.00632303 0.547826 0)
(-0.0199286 0.86031 0)
(-0.0273902 1.13298 0)
(-0.0271152 1.30368 0)
(-0.0274529 1.38897 0)
(-0.0275222 1.425 0)
(-0.0281889 1.43596 0)
(-0.0243688 1.43797 0)
(-0.030936 1.42869 0)
(-0.0270432 1.49161 0)
(-0.0248411 1.67566 0)
(-0.0439578 2.25505 0)
(-0.0494909 2.84956 0)
(-0.0637661 3.087 0)
(-0.063826 3.14608 0)
(-0.0622703 3.07322 0)
(-0.0536576 2.72072 0)
(-0.030385 1.87755 0)
(1.65901e-05 0.527144 0)
(-0.000808029 0.204289 0)
(-0.00436954 0.573416 0)
(-0.014622 0.886551 0)
(-0.0218591 1.13964 0)
(-0.0213331 1.30612 0)
(-0.0214127 1.39179 0)
(-0.021175 1.42801 0)
(-0.0256374 1.4378 0)
(-0.0237002 1.43851 0)
(-0.0315426 1.4317 0)
(-0.0347513 1.48989 0)
(-0.0272874 1.68506 0)
(-0.046988 2.27353 0)
(-0.0535685 2.86083 0)
(-0.0665081 3.09169 0)
(-0.0643809 3.14427 0)
(-0.0598849 3.0608 0)
(-0.0466056 2.66924 0)
(-0.0252169 1.7905 0)
(0.00360204 0.484294 0)
(-0.000765788 0.213474 0)
(-0.00349782 0.593385 0)
(-0.0110617 0.910127 0)
(-0.0193774 1.14899 0)
(-0.0193962 1.30665 0)
(-0.0194969 1.39104 0)
(-0.0184659 1.42884 0)
(-0.025048 1.4417 0)
(-0.0245314 1.44104 0)
(-0.0361556 1.44073 0)
(-0.0421752 1.48667 0)
(-0.0323919 1.68714 0)
(-0.0492604 2.29435 0)
(-0.0595971 2.87256 0)
(-0.0705172 3.09301 0)
(-0.0665298 3.13854 0)
(-0.062642 3.03612 0)
(-0.052897 2.61663 0)
(-0.0199647 1.68506 0)
(0.0033826 0.453972 0)
(-0.00077638 0.22071 0)
(-0.00293548 0.607223 0)
(-0.00818814 0.927947 0)
(-0.0147514 1.15904 0)
(-0.0168791 1.30897 0)
(-0.015951 1.39221 0)
(-0.013931 1.43253 0)
(-0.0206037 1.44889 0)
(-0.0225346 1.44414 0)
(-0.0380925 1.44805 0)
(-0.0501667 1.48516 0)
(-0.0471989 1.69027 0)
(-0.059184 2.31714 0)
(-0.0757016 2.88587 0)
(-0.0813722 3.09387 0)
(-0.0781892 3.12988 0)
(-0.0744696 3.00705 0)
(-0.0592014 2.5487 0)
(-0.0194694 1.5767 0)
(0.00198718 0.425479 0)
(-0.000877859 0.22812 0)
(-0.00278007 0.618892 0)
(-0.00651037 0.943182 0)
(-0.0127538 1.17027 0)
(-0.0150195 1.30974 0)
(-0.0141901 1.38885 0)
(-0.0117935 1.43125 0)
(-0.0147566 1.45318 0)
(-0.0211694 1.45688 0)
(-0.0387806 1.46705 0)
(-0.055029 1.49094 0)
(-0.0655976 1.69499 0)
(-0.0706692 2.33925 0)
(-0.08609 2.89812 0)
(-0.0886973 3.09203 0)
(-0.0804807 3.12338 0)
(-0.0744619 2.98309 0)
(-0.0497153 2.47658 0)
(-0.0211278 1.49157 0)
(0.00533053 0.398934 0)
(-0.000861818 0.233993 0)
(-0.00217474 0.625294 0)
(-0.00422746 0.951542 0)
(-0.00584394 1.17735 0)
(-0.00785782 1.31142 0)
(-0.00284884 1.38854 0)
(-0.00170365 1.43309 0)
(0.00460713 1.4615 0)
(-0.00947607 1.46157 0)
(-0.0244504 1.47416 0)
(-0.0486577 1.49747 0)
(-0.0736514 1.69896 0)
(-0.0751958 2.34853 0)
(-0.087027 2.90562 0)
(-0.0875424 3.08705 0)
(-0.0746185 3.10881 0)
(-0.0603623 2.95141 0)
(-0.0424722 2.41821 0)
(-0.0142427 1.4059 0)
(0.0109443 0.389127 0)
(-0.000886734 0.240385 0)
(-0.00179273 0.630219 0)
(-0.00282912 0.956069 0)
(-0.00332932 1.17968 0)
(-0.0055323 1.30741 0)
(0.00169071 1.37711 0)
(0.00396383 1.42052 0)
(0.0217203 1.45376 0)
(0.0140274 1.48022 0)
(0.0141381 1.50048 0)
(-0.0375341 1.53024 0)
(-0.0842368 1.71679 0)
(-0.0859089 2.36258 0)
(-0.0927605 2.9082 0)
(-0.0950378 3.07283 0)
(-0.0892279 3.08456 0)
(-0.0734018 2.90034 0)
(-0.0563933 2.32808 0)
(-0.0083149 1.28652 0)
(0.0114102 0.395928 0)
(-0.000686114 0.243733 0)
(-0.000826672 0.629674 0)
(0.000137376 0.954896 0)
(0.00345454 1.17685 0)
(0.0088382 1.30141 0)
(0.0253149 1.36819 0)
(0.034435 1.41327 0)
(0.0645676 1.44933 0)
(0.0673904 1.47818 0)
(0.0815076 1.51709 0)
(0.01956 1.57074 0)
(-0.0711818 1.73218 0)
(-0.0843845 2.36977 0)
(-0.100064 2.91744 0)
(-0.108919 3.07439 0)
(-0.10975 3.07111 0)
(-0.109654 2.83779 0)
(-0.0777917 2.19498 0)
(-0.0180711 1.13131 0)
(0.00184556 0.390054 0)
(-0.000743739 0.248267 0)
(-0.000973285 0.629177 0)
(0.000164717 0.949958 0)
(0.00444 1.16372 0)
(0.0140694 1.27459 0)
(0.0330438 1.33145 0)
(0.0568636 1.36504 0)
(0.0969109 1.40314 0)
(0.131048 1.45037 0)
(0.163793 1.52923 0)
(0.0972067 1.65224 0)
(-0.0413484 1.79514 0)
(-0.0855418 2.38571 0)
(-0.0975152 2.93653 0)
(-0.108223 3.0801 0)
(-0.107629 3.07485 0)
(-0.106982 2.81307 0)
(-0.0805687 2.10263 0)
(-0.0199801 1.00661 0)
(-0.00948879 0.343787 0)
(-1.82889e-06 0.247735 0)
(0.00106502 0.620489 0)
(0.00567525 0.933575 0)
(0.0174364 1.13725 0)
(0.0375429 1.24434 0)
(0.0690789 1.29636 0)
(0.107315 1.32876 0)
(0.15942 1.37229 0)
(0.205135 1.4267 0)
(0.235513 1.56516 0)
(0.124997 1.74147 0)
(-0.0107032 1.88398 0)
(-0.0717332 2.40585 0)
(-0.0785961 2.96012 0)
(-0.0968937 3.09857 0)
(-0.10407 3.07227 0)
(-0.0776966 2.77659 0)
(-0.0635899 2.03271 0)
(0.00169048 0.920478 0)
(-0.0112834 0.303801 0)
(0.000319836 0.246521 0)
(0.00113872 0.613819 0)
(0.00391642 0.916216 0)
(0.0153373 1.0951 0)
(0.0377323 1.17741 0)
(0.0792805 1.20979 0)
(0.129573 1.23258 0)
(0.206916 1.27464 0)
(0.270197 1.36157 0)
(0.298346 1.58 0)
(0.227258 1.82055 0)
(0.0960639 1.98043 0)
(-0.0338082 2.45691 0)
(-0.0601856 3.00377 0)
(-0.102357 3.11364 0)
(-0.110572 3.0654 0)
(-0.0821834 2.71795 0)
(-0.0370776 1.907 0)
(0.0323021 0.884617 0)
(-0.00668492 0.315097 0)
(0.00153865 0.239205 0)
(0.00293926 0.599538 0)
(0.00783591 0.893608 0)
(0.0241492 1.06082 0)
(0.0518135 1.13035 0)
(0.0974354 1.1515 0)
(0.154493 1.16952 0)
(0.237417 1.21903 0)
(0.293411 1.33527 0)
(0.335284 1.6306 0)
(0.207459 1.92867 0)
(0.0538465 2.11319 0)
(-0.0824267 2.557 0)
(-0.103989 3.05573 0)
(-0.130754 3.12649 0)
(-0.149543 3.04793 0)
(-0.150846 2.57746 0)
(-0.0395975 1.57513 0)
(0.00776681 0.834525 0)
(0.000664796 0.335474 0)
(0.000548389 0.228081 0)
(-0.00167551 0.597102 0)
(-0.00543531 0.866865 0)
(0.0128575 0.990663 0)
(0.0484497 1.03027 0)
(0.106224 1.03158 0)
(0.16502 1.03918 0)
(0.245736 1.10078 0)
(0.295251 1.27785 0)
(0.332859 1.64828 0)
(0.256887 2.02102 0)
(0.0729348 2.20855 0)
(-0.0800595 2.62584 0)
(-0.116235 3.09981 0)
(-0.161687 3.18328 0)
(-0.164341 3.04188 0)
(-0.153317 2.5107 0)
(-0.0246604 1.42638 0)
(-0.0244982 0.803217 0)
(0.00418235 0.32696 0)
(-0.00198957 0.252882 0)
(-0.00821933 0.631326 0)
(-0.0154121 0.876436 0)
(-0.0161678 0.965517 0)
(-0.0106362 0.976989 0)
(0.00918334 0.963568 0)
(0.0436463 0.971167 0)
(0.103284 1.03924 0)
(0.174579 1.24318 0)
(0.246644 1.6754 0)
(0.187838 2.19135 0)
(0.0279644 2.44557 0)
(-0.113383 2.79272 0)
(-0.151249 3.17674 0)
(-0.18389 3.20463 0)
(-0.161719 2.97795 0)
(-0.125913 2.27805 0)
(-0.0282494 1.22222 0)
(-0.0248919 0.723503 0)
(-2.54111e-05 0.280981 0)
(-0.247691 1.6013 9.60095e-23)
(0.402625 3.24731 1.54843e-19)
(0.0938145 3.47486 -6.96202e-20)
(0.202833 3.44101 0)
(0.164197 3.3928 0)
(0.158851 3.34448 -5.42669e-19)
(0.161369 3.3184 5.58528e-19)
(0.133746 3.27214 -5.6855e-19)
(0.117077 3.17503 1.01207e-20)
(0.103505 2.56636 7.38711e-19)
(-0.105028 2.3466 -2.01499e-23)
(0.135898 3.30175 1.70331e-19)
(0.0121054 3.44319 0)
(0.100493 3.39465 0)
(0.0766539 3.34763 1.61585e-20)
(0.0822004 3.30897 1.10681e-18)
(0.0779005 3.27552 -6.04955e-19)
(0.0534017 3.23915 -9.83485e-21)
(0.0523123 3.08022 9.38695e-21)
(0.0011014 2.08349 0)
(-0.0278389 2.08528 3.123e-19)
(0.0883687 3.14777 -3.27263e-19)
(0.0277619 3.3496 0)
(0.0753183 3.32706 5.12948e-19)
(0.0549328 3.30378 -1.41478e-21)
(0.0560052 3.28158 -5.67156e-19)
(0.0476501 3.26661 -6.78152e-19)
(0.032328 3.24488 -2.23443e-22)
(0.041765 3.11777 9.70912e-21)
(-0.016487 2.20999 0)
(-0.0403497 2.0275 -1.10716e-19)
(0.0291331 3.12302 0)
(-0.0119 3.31149 -2.67834e-19)
(0.0233852 3.30861 -2.33447e-19)
(0.0179481 3.28508 1.92615e-20)
(0.0243019 3.26182 -3.52533e-19)
(0.0287247 3.24558 3.19971e-19)
(0.0224539 3.23311 -1.1126e-20)
(0.0426649 3.12444 1.4769e-20)
(0.00750911 2.24937 3.78164e-19)
(-0.0489658 2.02744 -2.17678e-19)
(0.0146884 3.09268 0)
(-0.00604684 3.26833 5.66818e-19)
(0.0134584 3.26268 -3.10677e-19)
(0.0151324 3.24859 -7.13843e-22)
(0.0182092 3.2374 3.04805e-21)
(0.0217536 3.23337 -1.54445e-20)
(0.0225244 3.22369 -3.89658e-19)
(0.0433706 3.12694 1.07619e-20)
(-0.00309066 2.31159 -7.87314e-19)
(-0.0517529 2.08741 0)
(-0.00909926 3.08722 -3.00854e-19)
(-0.0277721 3.24402 1.68774e-20)
(-0.0138423 3.24748 -2.07171e-20)
(-0.00464113 3.23263 2.12578e-20)
(0.0038527 3.22 3.52052e-19)
(0.0165242 3.21078 3.6611e-19)
(0.0213536 3.20534 7.61824e-19)
(0.0428143 3.12384 4.1873e-19)
(0.0107286 2.3539 -1.6555e-20)
(-0.0487596 2.14313 0)
(-0.0190512 3.08348 3.11734e-19)
(-0.0184016 3.21438 -3.24307e-19)
(-0.0110413 3.21295 -2.20361e-20)
(0.000155068 3.20253 4.54563e-20)
(0.00801326 3.19577 3.71804e-22)
(0.0165032 3.19562 -2.42957e-20)
(0.0220458 3.19078 -3.9597e-19)
(0.0425009 3.12121 -4.0781e-19)
(0.00384068 2.41956 -1.71962e-20)
(-0.0496736 2.22809 3.47423e-19)
(-0.0284963 3.08508 -1.62005e-20)
(-0.0317395 3.19432 1.11402e-20)
(-0.0233751 3.19573 0)
(-0.0130512 3.18575 0)
(-0.00120894 3.17807 0)
(0.0136865 3.17152 0)
(0.0207738 3.16937 4.31942e-19)
(0.0411316 3.11258 -4.44819e-19)
(0.0154603 2.46382 4.41717e-19)
(-0.0448499 2.30849 2.76954e-20)
(-0.0325946 3.08634 3.67396e-19)
(-0.0205502 3.16984 0)
(-0.0145822 3.16548 -2.44371e-20)
(-0.00398738 3.15767 2.49946e-20)
(0.00539511 3.15312 0)
(0.0146513 3.15432 -1.34539e-20)
(0.0207753 3.15263 -4.19276e-19)
(0.0402335 3.10921 4.46062e-19)
(0.010383 2.53298 0)
(-0.0448472 2.40219 1.49601e-20)
(-0.036485 3.08553 -5.61174e-19)
(-0.0303378 3.14977 0)
(-0.0226174 3.14698 0)
(-0.0136423 3.13925 2.64571e-20)
(-0.00216864 3.13375 -2.21959e-19)
(0.0118802 3.12881 -2.78652e-20)
(0.019221 3.12939 2.35733e-19)
(0.0384856 3.09614 0)
(0.0193072 2.58106 0)
(-0.0388804 2.49237 -5.7997e-19)
(-0.0380615 3.08332 1.96871e-19)
(-0.0202437 3.12439 0)
(-0.0130045 3.11619 0)
(-0.00352091 3.10948 0)
(0.00556373 3.10647 4.54757e-19)
(0.0141273 3.10894 0)
(0.0201754 3.11051 -2.51424e-19)
(0.0379168 3.0905 1.54652e-20)
(0.0149003 2.65379 2.6032e-19)
(-0.0385151 2.58771 2.05263e-19)
(-0.0405156 3.07436 -1.98163e-20)
(-0.0300063 3.10103 2.36032e-19)
(-0.0213411 3.09498 2.2905e-19)
(-0.0124803 3.08846 0)
(-0.000829856 3.08431 -2.32571e-19)
(0.0127548 3.08112 0)
(0.0210653 3.08456 0)
(0.0384304 3.07218 0)
(0.0223584 2.70643 -2.61528e-19)
(-0.0343892 2.67986 -2.12747e-19)
(-0.0427527 3.0634 2.1952e-19)
(-0.0230956 3.0721 -2.22433e-19)
(-0.0130761 3.06204 -3.49145e-19)
(-0.002852 3.05688 0)
(0.00718396 3.05538 3.1117e-20)
(0.016558 3.05893 -1.58957e-20)
(0.0248141 3.06301 1.17756e-19)
(0.0417391 3.06163 1.46284e-19)
(0.0207818 2.78041 -1.50454e-19)
(-0.0351125 2.77104 2.18323e-19)
(-0.0469202 3.04358 -2.11007e-19)
(-0.0330143 3.04548 1.49351e-20)
(-0.0208949 3.04031 8.84703e-20)
(-0.011075 3.03633 -1.25905e-19)
(0.000314513 3.03391 0)
(0.0140874 3.03181 1.35221e-19)
(0.0256678 3.03563 4.95067e-21)
(0.0445867 3.03661 -2.82116e-19)
(0.0287141 2.83263 -6.55134e-21)
(-0.0291053 2.85644 -6.10493e-20)
(-0.043627 3.02291 1.50282e-20)
(-0.0228321 3.01806 -7.7864e-20)
(-0.010991 3.01455 3.17742e-20)
(-0.00216887 3.01412 1.5338e-19)
(0.00628813 3.01346 -6.49022e-20)
(0.014192 3.01445 -6.51503e-20)
(0.0233584 3.01692 -6.77393e-20)
(0.0418612 3.02182 1.44386e-19)
(0.0247709 2.90029 7.1136e-20)
(-0.0178189 2.93908 4.90957e-20)
(-0.0262299 2.99942 2.16862e-20)
(-0.0162738 3.00052 4.29431e-20)
(-0.0094348 3.00172 -8.78482e-20)
(-0.004138 3.00265 2.97006e-20)
(0.000649072 3.00217 6.04826e-20)
(0.00564124 3.00061 -6.30361e-20)
(0.0107165 2.99898 -6.58404e-20)
(0.0218022 2.99716 8.84462e-21)
(0.016548 2.94915 6.28342e-20)
)
;

boundaryField
{
    wall-4
    {
        type            noSlip;
    }
    pressure-outlet-7
    {
        type            zeroGradient;
    }
    velocity-inlet-6
    {
        type            fixedValue;
        value           uniform (0 3 0);
    }
    velocity-inlet-5
    {
        type            fixedValue;
        value           uniform (1 0 0);
    }
    frontAndBackPlanes
    {
        type            empty;
    }
}


// ************************************************************************* //
