#           x             T        mag(U)             p
       -4.995       348.432   2.32084e-12        100000
       -4.985       348.432   2.32084e-12        100000
       -4.975       348.432   2.32084e-12        100000
       -4.965       348.432   2.32084e-12        100000
       -4.955       348.432   2.32084e-12        100000
       -4.945       348.432   2.29254e-12        100000
       -4.935       348.432   2.23594e-12        100000
       -4.925       348.432   2.17934e-12        100000
       -4.915       348.432   2.12274e-12        100000
       -4.905       348.432   2.06614e-12        100000
       -4.895       348.432   2.00955e-12        100000
       -4.885       348.432   1.95295e-12        100000
       -4.875       348.432   1.89635e-12        100000
       -4.865       348.432   1.83975e-12        100000
       -4.855       348.432   1.78315e-12        100000
       -4.845       348.432   1.68483e-12        100000
       -4.835       348.432   1.54479e-12        100000
       -4.825       348.432   1.40476e-12        100000
       -4.815       348.432   1.26472e-12        100000
       -4.805       348.432   1.12468e-12        100000
       -4.795       348.432   9.84642e-13        100000
       -4.785       348.432   8.44604e-13        100000
       -4.775       348.432   7.04566e-13        100000
       -4.765       348.432   5.64528e-13        100000
       -4.755       348.432    4.2449e-13        100000
       -4.745       348.432   3.41999e-13        100000
       -4.735       348.432   3.17055e-13        100000
       -4.725       348.432   2.92111e-13        100000
       -4.715       348.432   2.67166e-13        100000
       -4.705       348.432   2.42222e-13        100000
       -4.695       348.432   2.17278e-13        100000
       -4.685       348.432   1.92334e-13        100000
       -4.675       348.432   1.67389e-13        100000
       -4.665       348.432   1.42445e-13        100000
       -4.655       348.432   1.17501e-13        100000
       -4.645       348.432   1.05321e-13        100000
       -4.635       348.432   1.05904e-13        100000
       -4.625       348.432   1.06487e-13        100000
       -4.615       348.432   1.07071e-13        100000
       -4.605       348.432   1.07654e-13        100000
       -4.595       348.432   1.08238e-13        100000
       -4.585       348.432   1.08821e-13        100000
       -4.575       348.432   1.09404e-13        100000
       -4.565       348.432   1.09988e-13        100000
       -4.555       348.432   1.10571e-13        100000
       -4.545       348.432   1.84966e-13        100000
       -4.535       348.432   3.33173e-13        100000
       -4.525       348.432    4.8138e-13        100000
       -4.515       348.432   6.29586e-13        100000
       -4.505       348.432   7.77793e-13        100000
       -4.495       348.432      9.26e-13        100000
       -4.485       348.432   1.07421e-12        100000
       -4.475       348.432   1.22241e-12        100000
       -4.465       348.432   1.37062e-12        100000
       -4.455       348.432   1.51883e-12        100000
       -4.445       348.432   1.51372e-12        100000
       -4.435       348.432    1.3553e-12        100000
       -4.425       348.432   1.19689e-12        100000
       -4.415       348.432   1.03847e-12        100000
       -4.405       348.432    8.8005e-13        100000
       -4.395       348.432   7.21632e-13        100000
       -4.385       348.432   5.63215e-13        100000
       -4.375       348.432   4.04797e-13        100000
       -4.365       348.432   2.46379e-13        100000
       -4.355       348.432   8.79613e-14        100000
       -4.345       348.432   9.36503e-14        100000
       -4.335       348.432   2.63446e-13        100000
       -4.325       348.432   4.33242e-13        100000
       -4.315       348.432   6.03038e-13        100000
       -4.305       348.432   7.72833e-13        100000
       -4.295       348.432   9.42629e-13        100000
       -4.285       348.432   1.11242e-12        100000
       -4.275       348.432   1.28222e-12        100000
       -4.265       348.432   1.45202e-12        100000
       -4.255       348.432   1.62181e-12        100000
       -4.245       348.432   1.62196e-12        100000
       -4.235       348.432   1.45245e-12        100000
       -4.225       348.432   1.28295e-12        100000
       -4.215       348.432   1.11345e-12        100000
       -4.205       348.432   9.43942e-13        100000
       -4.195       348.432   7.74438e-13        100000
       -4.185       348.432   6.04934e-13        100000
       -4.175       348.432    4.3543e-13        100000
       -4.165       348.432   2.65926e-13        100000
       -4.155       348.432   9.64218e-14        100000
       -4.145       348.432   2.04222e-14        100000
       -4.135       348.432   3.79269e-14        100000
       -4.125       348.432   5.54316e-14        100000
       -4.115       348.432   7.29363e-14        100000
       -4.105       348.432    9.0441e-14        100000
       -4.095       348.432   1.07946e-13        100000
       -4.085       348.432    1.2545e-13        100000
       -4.075       348.432   1.42955e-13        100000
       -4.065       348.432    1.6046e-13        100000
       -4.055       348.432   1.77965e-13        100000
       -4.045       348.432   2.95684e-13        100000
       -4.035       348.432   5.13618e-13        100000
       -4.025       348.432   7.31553e-13        100000
       -4.015       348.432   9.49487e-13        100000
       -4.005       348.432   1.16742e-12        100000
       -3.995       348.432   1.38536e-12        100000
       -3.985       348.432   1.60329e-12        100000
       -3.975       348.432   1.82122e-12        100000
       -3.965       348.432   2.03916e-12        100000
       -3.955       348.432   2.25709e-12        100000
       -3.945       348.432   2.76728e-12        100000
       -3.935       348.432   3.56973e-12        100000
       -3.925       348.432   4.37217e-12        100000
       -3.915       348.432   5.17461e-12        100000
       -3.905       348.432   5.97706e-12        100000
       -3.895       348.432    6.7795e-12        100000
       -3.885       348.432   7.58195e-12        100000
       -3.875       348.432   8.38439e-12        100000
       -3.865       348.432   9.18683e-12        100000
       -3.855       348.432   9.98928e-12        100000
       -3.845       348.432   1.27078e-11        100000
       -3.835       348.432   1.73425e-11        100000
       -3.825       348.432   2.19772e-11        100000
       -3.815       348.432   2.66119e-11        100000
       -3.805       348.432   3.12466e-11        100000
       -3.795       348.432   3.58812e-11        100000
       -3.785       348.432   4.05159e-11        100000
       -3.775       348.432   4.51506e-11        100000
       -3.765       348.432   4.97853e-11        100000
       -3.755       348.432     5.442e-11        100000
       -3.745       348.432   6.87836e-11        100000
       -3.735       348.432   9.28763e-11        100000
       -3.725       348.432   1.16969e-10        100000
       -3.715       348.432   1.41062e-10        100000
       -3.705       348.432   1.65154e-10        100000
       -3.695       348.432   1.89247e-10        100000
       -3.685       348.432    2.1334e-10        100000
       -3.675       348.432   2.37432e-10        100000
       -3.665       348.432   2.61525e-10        100000
       -3.655       348.432   2.85618e-10        100000
       -3.645       348.432   3.58962e-10        100000
       -3.635       348.432   4.81559e-10        100000
       -3.625       348.432   6.04156e-10        100000
       -3.615       348.432   7.26752e-10        100000
       -3.605       348.432   8.49349e-10        100000
       -3.595       348.432   9.71945e-10        100000
       -3.585       348.432   1.09454e-09        100000
       -3.575       348.432   1.21714e-09        100000
       -3.565       348.432   1.33974e-09        100000
       -3.555       348.432   1.46233e-09        100000
       -3.545       348.432   1.82499e-09        100000
       -3.535       348.432   2.42771e-09        100000
       -3.525       348.432   3.03043e-09        100000
       -3.515       348.432   3.63315e-09        100000
       -3.505       348.432   4.23587e-09        100000
       -3.495       348.432   4.83859e-09        100000
       -3.485       348.432   5.44131e-09        100000
       -3.475       348.432   6.04403e-09        100000
       -3.465       348.432   6.64675e-09        100000
       -3.455       348.432   7.24947e-09        100000
       -3.445       348.432   8.98528e-09        100000
       -3.435       348.432   1.18542e-08        100000
       -3.425       348.432   1.47231e-08        100000
       -3.415       348.432    1.7592e-08        100000
       -3.405       348.432   2.04609e-08        100000
       -3.395       348.432   2.33298e-08        100000
       -3.385       348.432   2.61987e-08        100000
       -3.375       348.432   2.90676e-08        100000
       -3.365       348.432   3.19365e-08        100000
       -3.355       348.432   3.48054e-08        100000
       -3.345       348.432   4.28479e-08        100000
       -3.335       348.432   5.60639e-08        100000
       -3.325       348.432   6.92799e-08        100000
       -3.315       348.432   8.24959e-08        100000
       -3.305       348.432   9.57119e-08        100000
       -3.295       348.432   1.08928e-07        100000
       -3.285       348.432   1.22144e-07        100000
       -3.275       348.432    1.3536e-07        100000
       -3.265       348.432   1.48576e-07        100000
       -3.255       348.432   1.61792e-07        100000
       -3.245       348.432   1.97765e-07        100000
       -3.235       348.432   2.56495e-07        100000
       -3.225       348.432   3.15225e-07        100000
       -3.215       348.432   3.73956e-07        100000
       -3.205       348.432   4.32686e-07        100000
       -3.195       348.432   4.91416e-07        100000
       -3.185       348.432   5.50146e-07        100000
       -3.175       348.432   6.08877e-07        100000
       -3.165       348.432   6.67607e-07        100000
       -3.155       348.432   7.26337e-07        100000
       -3.145       348.432   8.81612e-07        100000
       -3.135       348.432   1.13343e-06        100000
       -3.125       348.432   1.38525e-06        100000
       -3.115       348.432   1.63707e-06        100000
       -3.105       348.432    1.8889e-06        100000
       -3.095       348.432   2.14072e-06        100000
       -3.085       348.432   2.39254e-06        100000
       -3.075       348.432   2.64436e-06        100000
       -3.065       348.432   2.89618e-06        100000
       -3.055       348.432     3.148e-06        100000
       -3.045       348.432   3.79305e-06        100000
       -3.035       348.432   4.83133e-06        100000
       -3.025       348.432   5.86961e-06        100000
       -3.015       348.432   6.90789e-06        100000
       -3.005       348.432   7.94617e-06        100000
       -2.995       348.432   8.98444e-06        100000
       -2.985       348.432   1.00227e-05        100000
       -2.975       348.432    1.1061e-05        100000
       -2.965       348.432   1.20993e-05        100000
       -2.955       348.432   1.31376e-05        100000
       -2.945       348.432   1.57144e-05        100000
       -2.935       348.432   1.98298e-05        100000
       -2.925       348.432   2.39452e-05        100000
       -2.915       348.432   2.80606e-05        100000
       -2.905       348.432    3.2176e-05        100000
       -2.895       348.432   3.62913e-05        100000
       -2.885       348.432   4.04067e-05        100000
       -2.875       348.432   4.45221e-05        100000
       -2.865       348.432   4.86375e-05        100000
       -2.855       348.432   5.27529e-05        100000
       -2.845       348.432   6.26222e-05        100000
       -2.835       348.432   7.82455e-05        100000
       -2.825       348.432   9.38687e-05        100000
       -2.815       348.432   0.000109492        100000
       -2.805       348.432   0.000125115        100000
       -2.795       348.432   0.000140738       99999.9
       -2.785       348.432   0.000156362       99999.9
       -2.775       348.432   0.000171985       99999.9
       -2.765       348.432   0.000187608       99999.9
       -2.755       348.432   0.000203231       99999.9
       -2.745       348.432    0.00023942       99999.9
       -2.735       348.432   0.000296173       99999.9
       -2.725       348.432   0.000352926       99999.8
       -2.715       348.432   0.000409679       99999.8
       -2.705       348.432   0.000466432       99999.8
       -2.695       348.432   0.000523186       99999.8
       -2.685       348.432   0.000579939       99999.8
       -2.675       348.432   0.000636692       99999.8
       -2.665       348.432   0.000693445       99999.7
       -2.655       348.432   0.000750198       99999.7
       -2.645       348.432     0.0008768       99999.7
       -2.635       348.432    0.00107325       99999.6
       -2.625       348.432     0.0012697       99999.5
       -2.615       348.432    0.00146615       99999.5
       -2.605       348.432     0.0016626       99999.4
       -2.595       348.431    0.00185905       99999.3
       -2.585       348.431     0.0020555       99999.2
       -2.575       348.431    0.00225195       99999.2
       -2.565       348.431     0.0024484       99999.1
       -2.555       348.431    0.00264485         99999
       -2.545       348.431    0.00306645       99998.9
       -2.535       348.431    0.00371318       99998.7
       -2.525        348.43    0.00435992       99998.4
       -2.515        348.43    0.00500666       99998.2
       -2.505        348.43    0.00565339         99998
       -2.495        348.43    0.00630013       99997.7
       -2.485        348.43    0.00694686       99997.5
       -2.475       348.429     0.0075936       99997.3
       -2.465       348.429    0.00824034         99997
       -2.455       348.429    0.00888707       99996.8
       -2.445       348.429     0.0102178       99996.3
       -2.435       348.428     0.0122325       99995.6
       -2.425       348.427     0.0142473       99994.9
       -2.415       348.427      0.016262       99994.2
       -2.405       348.426     0.0182768       99993.5
       -2.395       348.425     0.0202915       99992.7
       -2.385       348.424     0.0223062         99992
       -2.375       348.424      0.024321       99991.3
       -2.365       348.423     0.0263357       99990.6
       -2.355       348.422     0.0283504       99989.9
       -2.345       348.421     0.0323168       99988.4
       -2.335       348.419     0.0382347       99986.3
       -2.325       348.417     0.0441526       99984.2
       -2.315       348.414     0.0500705         99982
       -2.305       348.412     0.0559884       99979.9
       -2.295        348.41     0.0619064       99977.8
       -2.285       348.408     0.0678243       99975.7
       -2.275       348.405     0.0737422       99973.5
       -2.265       348.403     0.0796601       99971.4
       -2.255       348.401      0.085578       99969.3
       -2.245       348.397     0.0966758       99965.3
       -2.235       348.391      0.112953       99959.4
       -2.225       348.385      0.129231       99953.5
       -2.215        348.38      0.145509       99947.6
       -2.205       348.374      0.161786       99941.7
       -2.195       348.368      0.178064       99935.9
       -2.185       348.362      0.194341         99930
       -2.175       348.356      0.210619       99924.1
       -2.165       348.351      0.226897       99918.2
       -2.155       348.345      0.243174       99912.3
       -2.145       348.334      0.272131       99901.8
       -2.135       348.319      0.313766       99886.7
       -2.125       348.304      0.355401       99871.6
       -2.115       348.289      0.397036       99856.4
       -2.105       348.274      0.438671       99841.3
       -2.095       348.259      0.480307       99826.2
       -2.085       348.244      0.521942       99811.1
       -2.075       348.229      0.563577       99795.9
       -2.065       348.214      0.605212       99780.8
       -2.055       348.199      0.646847       99765.7
       -2.045       348.173       0.71663       99740.2
       -2.035       348.137      0.814561       99704.4
       -2.025       348.101      0.912491       99668.5
       -2.015       348.066       1.01042       99632.7
       -2.005        348.03       1.10835       99596.9
       -1.995       347.994       1.20628       99561.1
       -1.985       347.958       1.30421       99525.3
       -1.975       347.923       1.40214       99489.4
       -1.965       347.887       1.50007       99453.6
       -1.955       347.851         1.598       99417.8
       -1.945       347.794       1.75158       99361.5
       -1.935       347.717       1.96081       99284.6
       -1.925        347.64       2.17005       99207.7
       -1.915       347.563       2.37927       99130.8
       -1.905       347.486        2.5885       99053.9
       -1.895       347.409       2.79773       98977.1
       -1.885       347.332       3.00696       98900.2
       -1.875       347.255        3.2162       98823.3
       -1.865       347.178       3.42542       98746.4
       -1.855       347.101       3.63466       98669.5
       -1.845       346.988        3.9363       98557.4
       -1.835       346.839       4.33037       98410.1
       -1.825        346.69       4.72444       98262.7
       -1.815       346.542        5.1185       98115.4
       -1.805       346.393       5.51257       97968.1
       -1.795       346.244       5.90664       97820.7
       -1.785       346.095       6.30071       97673.4
       -1.775       345.947       6.69477         97526
       -1.765       345.798       7.08884       97378.7
       -1.755       345.649       7.48291       97231.4
       -1.745       345.455        7.9962         97040
       -1.735       345.214       8.62873       96804.6
       -1.725       344.973       9.26126       96569.2
       -1.715       344.733       9.89378       96333.8
       -1.705       344.492       10.5263       96098.4
       -1.695       344.251       11.1588         95863
       -1.685        344.01       11.7914       95627.6
       -1.675        343.77       12.4239       95392.2
       -1.665       343.529       13.0564       95156.8
       -1.655       343.288       13.6889       94921.4
       -1.645       343.001       14.4492       94644.1
       -1.635       342.668       15.3372       94324.8
       -1.625       342.335       16.2252       94005.6
       -1.615       342.002       17.1131       93686.3
       -1.605       341.669       18.0011       93367.1
       -1.595       341.336       18.8891       93047.8
       -1.585       341.003       19.7771       92728.6
       -1.575        340.67       20.6651       92409.3
       -1.565       340.337        21.553       92090.1
       -1.555       340.004        22.441       91770.8
       -1.545       339.626       23.4524       91414.4
       -1.535       339.204       24.5873       91020.9
       -1.525       338.782       25.7221       90627.4
       -1.515        338.36        26.857       90233.9
       -1.505       337.938       27.9918       89840.4
       -1.495       337.516       29.1267       89446.8
       -1.485       337.094       30.2615       89053.3
       -1.475       336.672       31.3964       88659.8
       -1.465        336.25       32.5312       88266.3
       -1.455       335.828       33.6661       87872.8
       -1.445        335.37       34.9049       87453.5
       -1.435       334.877       36.2477       87008.4
       -1.425       334.383       37.5905       86563.3
       -1.415       333.889       38.9334       86118.2
       -1.405       333.396       40.2762       85673.1
       -1.395       332.902        41.619       85228.1
       -1.385       332.409       42.9618         84783
       -1.375       331.915       44.3047       84337.9
       -1.365       331.421       45.6475       83892.8
       -1.355       330.928       46.9903       83447.7
       -1.345        330.41       48.4087       82989.9
       -1.335       329.867       49.9028       82519.2
       -1.325       329.324       51.3968       82048.6
       -1.315       328.781       52.8908       81577.9
       -1.305       328.238       54.3849       81107.3
       -1.295       327.695       55.8789       80636.6
       -1.285       327.152        57.373         80166
       -1.275       326.609        58.867       79695.3
       -1.265       326.066        60.361       79224.7
       -1.255       325.523       61.8551         78754
       -1.245       324.967       63.3983       78281.5
       -1.235       324.395       64.9906       77806.9
       -1.225       323.825        66.583       77332.4
       -1.215       323.254       68.1753       76857.9
       -1.205       322.683       69.7677       76383.5
       -1.195       322.112         71.36         75909
       -1.185       321.541       72.9524       75434.5
       -1.175       320.969       74.5447       74959.9
       -1.165       320.398       76.1371       74485.4
       -1.155       319.827       77.7294       74010.9
       -1.145       319.249       79.3491       73541.4
       -1.135       318.664       80.9961       73076.7
       -1.125       318.078       82.6431       72611.9
       -1.115       317.492       84.2901       72147.2
       -1.105       316.907       85.9371       71682.6
       -1.095       316.321       87.5841       71217.9
       -1.085       315.736       89.2311       70753.2
       -1.075        315.15       90.8781       70288.4
       -1.065       314.564       92.5251       69823.7
       -1.055       313.979       94.1721         69359
       -1.045       313.394       95.8357         68904
       -1.035       312.811        97.516       68458.7
       -1.025       312.228       99.1962       68013.3
       -1.015       311.645       100.876         67568
       -1.005       311.062       102.557       67122.6
       -0.995       310.479       104.237       66677.3
       -0.985       309.896       105.917       66231.9
       -0.975       309.313       107.597       65786.6
       -0.965        308.73       109.278       65341.2
       -0.955       308.147       110.958       64895.9
       -0.945       307.554       112.639       64461.2
       -0.935       306.951        114.32       64037.1
       -0.925       306.348       116.001       63613.1
       -0.915       305.745       117.682         63189
       -0.905       305.142       119.363         62765
       -0.895        304.54       121.045       62340.9
       -0.885       303.937       122.726       61916.9
       -0.875       303.334       124.407       61492.8
       -0.865       302.731       126.088       61068.8
       -0.855       302.128       127.769       60644.7
       -0.845       301.571       129.455       60235.1
       -0.835        301.06       131.146       59839.9
       -0.825       300.549       132.837       59444.7
       -0.815       300.037       134.527       59049.5
       -0.805       299.526       136.218       58654.3
       -0.795       299.015       137.908       58259.1
       -0.785       298.504       139.599       57863.9
       -0.775       297.992        141.29       57468.7
       -0.765       297.481        142.98       57073.5
       -0.755        296.97       144.671       56678.3
       -0.745       296.357       146.345       56293.9
       -0.735       295.643       148.002       55920.3
       -0.725       294.929       149.659       55546.7
       -0.715       294.215       151.316       55173.2
       -0.705       293.501       152.973       54799.6
       -0.695       292.786       154.631         54426
       -0.685       292.072       156.288       54052.4
       -0.675       291.358       157.945       53678.8
       -0.665       290.644       159.602       53305.3
       -0.655        289.93       161.259       52931.7
       -0.645       289.411       162.903       52574.2
       -0.635       289.088       164.534       52232.9
       -0.625       288.765       166.164       51891.6
       -0.615       288.442       167.794       51550.2
       -0.605       288.119       169.425       51208.9
       -0.595       287.795       171.055       50867.5
       -0.585       287.472       172.686       50526.2
       -0.575       287.149       174.316       50184.9
       -0.565       286.826       175.946       49843.5
       -0.555       286.503       177.577       49502.2
       -0.545       286.012       179.189       49174.5
       -0.535       285.353       180.783       48860.5
       -0.525       284.695       182.376       48546.4
       -0.515       284.036        183.97       48232.4
       -0.505       283.378       185.564       47918.4
       -0.495       282.719       187.157       47604.4
       -0.485       282.061       188.751       47290.4
       -0.475       281.402       190.345       46976.3
       -0.465       280.744       191.938       46662.3
       -0.455       280.085       193.532       46348.3
       -0.445       279.452       195.096       46047.5
       -0.435       278.843       196.629       45759.8
       -0.425       278.234       198.163       45472.2
       -0.415       277.626       199.696       45184.5
       -0.405       277.017       201.229       44896.9
       -0.395       276.408       202.763       44609.2
       -0.385       275.799       204.296       44321.6
       -0.375       275.191       205.829       44033.9
       -0.365       274.582       207.363       43746.3
       -0.355       273.973       208.896       43458.6
       -0.345       273.549       210.394       43185.6
       -0.335       273.308       211.857       42927.2
       -0.325       273.068        213.32       42668.8
       -0.315       272.827       214.783       42410.3
       -0.305       272.587       216.246       42151.9
       -0.295       272.346       217.708       41893.5
       -0.285       272.106       219.171       41635.1
       -0.275       271.865       220.634       41376.6
       -0.265       271.625       222.097       41118.2
       -0.255       271.384        223.56       40859.8
       -0.245        271.08       224.975       40615.4
       -0.235       270.711       226.342       40384.9
       -0.225       270.342        227.71       40154.5
       -0.215       269.973       229.077       39924.1
       -0.205       269.604       230.445       39693.6
       -0.195       269.235       231.812       39463.2
       -0.185       268.866        233.18       39232.7
       -0.175       268.497       234.547       39002.3
       -0.165       268.128       235.915       38771.9
       -0.155       267.759       237.282       38541.4
       -0.145       267.262       238.593         38327
       -0.135       266.637       239.848       38128.7
       -0.125       266.011       241.103       37930.3
       -0.115       265.386       242.358         37732
       -0.105       264.761       243.613       37533.6
       -0.095       264.135       244.868       37335.3
       -0.085        263.51       246.123       37136.9
       -0.075       262.885       247.378       36938.6
       -0.065       262.259       248.633       36740.2
       -0.055       261.634       249.888       36541.9
       -0.045       261.118       251.081       36356.2
       -0.035       260.712       252.213       36183.2
       -0.025       260.306       253.344       36010.2
       -0.015         259.9       254.476       35837.2
       -0.005       259.494       255.608       35664.2
        0.005       259.088       256.739       35491.1
        0.015       258.682       257.871       35318.1
        0.025       258.276       259.003       35145.1
        0.035        257.87       260.134       34972.1
        0.045       257.464       261.266       34799.1
        0.055       257.217        262.33       34642.3
        0.065       257.128       263.327       34501.6
        0.075        257.04       264.323         34361
        0.085       256.951        265.32       34220.3
        0.095       256.863       266.317       34079.7
        0.105       256.774       267.313         33939
        0.115       256.686        268.31       33798.4
        0.125       256.597       269.307       33657.7
        0.135       256.509       270.303       33517.1
        0.145        256.42         271.3       33376.4
        0.155       256.345       272.196       33244.4
        0.165       256.282       272.993       33121.1
        0.175       256.219        273.79       32997.8
        0.185       256.156       274.587       32874.5
        0.195       256.093       275.384       32751.2
        0.205       256.031       276.181       32627.8
        0.215       255.968       276.978       32504.5
        0.225       255.905       277.775       32381.2
        0.235       255.842       278.572       32257.9
        0.245       255.779       279.369       32134.6
        0.255       255.644       280.074       32033.6
        0.265       255.437       280.688       31955.1
        0.275       255.229       281.303       31876.6
        0.285       255.022       281.917       31798.1
        0.295       254.814       282.531       31719.6
        0.305       254.607       283.146       31641.1
        0.315       254.399        283.76       31562.6
        0.325       254.192       284.374       31484.1
        0.335       253.984       284.989       31405.6
        0.345       253.777       285.603       31327.1
        0.355       253.546       286.141       31257.4
        0.365       253.292       286.603       31196.5
        0.375       253.038       287.065       31135.6
        0.385       252.784       287.527       31074.8
        0.395        252.53       287.989       31013.9
        0.405       252.276       288.452         30953
        0.415       252.022       288.914       30892.1
        0.425       251.768       289.376       30831.3
        0.435       251.514       289.838       30770.4
        0.445        251.26         290.3       30709.5
        0.455       251.112       290.663       30662.1
        0.465       251.071       290.928         30628
        0.475       251.029       291.193         30594
        0.485       250.988       291.457       30559.9
        0.495       250.947       291.722       30525.8
        0.505       250.905       291.987       30491.8
        0.515       250.864       292.252       30457.7
        0.525       250.822       292.516       30423.7
        0.535       250.781       292.781       30389.6
        0.545        250.74       293.046       30355.5
        0.555       250.726       293.244       30332.1
        0.565       250.741       293.375       30319.2
        0.575       250.756       293.507       30306.4
        0.585       250.772       293.638       30293.5
        0.595       250.786        293.77       30280.7
        0.605       250.801       293.901       30267.8
        0.615       250.816       294.033         30255
        0.625       250.831       294.164       30242.1
        0.635       250.846       294.296       30229.3
        0.645       250.862       294.427       30216.4
        0.655       250.913       294.539       30210.2
        0.665           251       294.632       30210.7
        0.675       251.088       294.724       30211.2
        0.685       251.175       294.816       30211.7
        0.695       251.263       294.909       30212.2
        0.705        251.35       295.001       30212.7
        0.715       251.438       295.094       30213.2
        0.725       251.525       295.186       30213.7
        0.735       251.613       295.278       30214.2
        0.745         251.7       295.371       30214.7
        0.755       251.895       295.457         30216
        0.765       252.198       295.538       30218.2
        0.775       252.501       295.619       30220.5
        0.785       252.803         295.7       30222.7
        0.795       253.106       295.781       30224.9
        0.805       253.409       295.861       30227.2
        0.815       253.712       295.942       30229.4
        0.825       254.014       296.023       30231.6
        0.835       254.317       296.104       30233.9
        0.845        254.62       296.185       30236.1
        0.855       255.266       296.248       30240.6
        0.865       256.257       296.293       30247.3
        0.875       257.248       296.339         30254
        0.885       258.239       296.385       30260.7
        0.895        259.23        296.43       30267.4
        0.905       260.221       296.476       30274.2
        0.915       261.212       296.521       30280.9
        0.925       262.203       296.567       30287.6
        0.935       263.194       296.613       30294.3
        0.945       264.185       296.658         30301
        0.955       266.195       296.648       30302.4
        0.965       269.226       296.581       30298.3
        0.975       272.256       296.514       30294.2
        0.985       275.286       296.448       30290.1
        0.995       278.317       296.381         30286
        1.005       281.347       296.314         30282
        1.015       284.378       296.247       30277.9
        1.025       287.408       296.181       30273.8
        1.035       290.438       296.114       30269.7
        1.045       293.469       296.047       30265.6
        1.055       297.001       295.915       30263.7
        1.065       301.034       295.716       30263.9
        1.075       305.068       295.518         30264
        1.085       309.102       295.319       30264.2
        1.095       313.135        295.12       30264.4
        1.105       317.169       294.922       30264.5
        1.115       321.202       294.723       30264.7
        1.125       325.236       294.525       30264.9
        1.135        329.27       294.326         30265
        1.145       333.303       294.127       30265.2
        1.155        336.84       293.916       30268.4
        1.165       339.881       293.692       30274.6
        1.175       342.921       293.468       30280.8
        1.185       345.962       293.244         30287
        1.195       349.002        293.02       30293.2
        1.205       352.043       292.795       30299.5
        1.215       355.083       292.571       30305.7
        1.225       358.124       292.347       30311.9
        1.235       361.164       292.123       30318.1
        1.245       364.205       291.899       30324.3
        1.255       366.652        291.69       30328.1
        1.265       368.506       291.497       30329.5
        1.275       370.359       291.303       30330.8
        1.285       372.213        291.11       30332.2
        1.295       374.067       290.916       30333.6
        1.305       375.921       290.723       30334.9
        1.315       377.775       290.529       30336.3
        1.325       379.628       290.336       30337.7
        1.335       381.482       290.142         30339
        1.345       383.336       289.949       30340.4
        1.355       384.753       289.788         30340
        1.365       385.734       289.661       30337.8
        1.375       386.714       289.533       30335.5
        1.385       387.695       289.405       30333.3
        1.395       388.675       289.278       30331.1
        1.405       389.656        289.15       30328.9
        1.415       390.636       289.023       30326.7
        1.425       391.617       288.895       30324.5
        1.435       392.597       288.767       30322.2
        1.445       393.578        288.64         30320
        1.455       394.312       288.555       30316.3
        1.465       394.801       288.513       30311.1
        1.475       395.289       288.471       30305.9
        1.485       395.778       288.429       30300.7
        1.495       396.266       288.387       30295.5
        1.505       396.755       288.344       30290.2
        1.515       397.243       288.302         30285
        1.525       397.732        288.26       30279.8
        1.535        398.22       288.218       30274.6
        1.545       398.709       288.176       30269.4
        1.555       399.049       288.165       30263.1
        1.565        399.24       288.186       30255.8
        1.575       399.431       288.206       30248.4
        1.585       399.622       288.226       30241.1
        1.595       399.813       288.247       30233.7
        1.605       400.005       288.267       30226.4
        1.615       400.196       288.288         30219
        1.625       400.387       288.308       30211.7
        1.635       400.578       288.328       30204.3
        1.645       400.769       288.349         30197
        1.655       400.893       288.364       30188.4
        1.665        400.95       288.375       30178.7
        1.675       401.007       288.386         30169
        1.685       401.063       288.396       30159.2
        1.695        401.12       288.407       30149.5
        1.705       401.177       288.418       30139.8
        1.715       401.234       288.429       30130.1
        1.725        401.29       288.439       30120.3
        1.735       401.347        288.45       30110.6
        1.745       401.404       288.461       30100.9
        1.755         401.4       288.421       30083.2
        1.765       401.336        288.33       30057.5
        1.775       401.272        288.24       30031.9
        1.785       401.208       288.149       30006.3
        1.795       401.144       288.058       29980.6
        1.805        401.08       287.968         29955
        1.815       401.016       287.877       29929.3
        1.825       400.952       287.787       29903.7
        1.835       400.888       287.696       29878.1
        1.845       400.824       287.605       29852.4
        1.855       400.654       287.407       29820.9
        1.865       400.377       287.102       29783.5
        1.875       400.101       286.796       29746.2
        1.885       399.824       286.491       29708.8
        1.895       399.548       286.186       29671.4
        1.905       399.271        285.88       29634.1
        1.915       398.995       285.575       29596.7
        1.925       398.718       285.269       29559.3
        1.935       398.442       284.964         29522
        1.945       398.165       284.659       29484.6
        1.955       397.695       284.128       29432.4
        1.965       397.031       283.371       29365.4
        1.975       396.367       282.614       29298.4
        1.985       395.704       281.857       29231.4
        1.995        395.04         281.1       29164.4
        2.005       394.376       280.344       29097.3
        2.015       393.712       279.587       29030.3
        2.025       393.048        278.83       28963.3
        2.035       392.385       278.073       28896.3
        2.045       391.721       277.316       28829.3
        2.055       390.896       275.974       28715.7
        2.065       389.909       274.046       28555.4
        2.075       388.922       272.117       28395.1
        2.085       387.935       270.189       28234.9
        2.095       386.948       268.261       28074.6
        2.105       385.961       266.332       27914.3
        2.115       384.974       264.404         27754
        2.125       383.987       262.476       27593.8
        2.135           383       260.547       27433.5
        2.145       382.013       258.619       27273.2
        2.155       380.471       254.564       26946.9
        2.165       378.374       248.383       26454.5
        2.175       376.276       242.201       25962.1
        2.185       374.178        236.02       25469.7
        2.195       372.081       229.838       24977.3
        2.205       369.983       223.657       24484.9
        2.215       367.886       217.475       23992.5
        2.225       365.788       211.294       23500.1
        2.235        363.69       205.112       23007.7
        2.245       361.593       198.931       22515.3
        2.255       357.626       189.932       21799.2
        2.265        351.79       178.116       20859.5
        2.275       345.954         166.3       19919.7
        2.285       340.118       154.484       18979.9
        2.295       334.282       142.668       18040.2
        2.305       328.445       130.852       17100.4
        2.315       322.609       119.036       16160.7
        2.325       316.773        107.22       15220.9
        2.335       310.937       95.4041       14281.1
        2.345       305.101       83.5881       13341.4
        2.355       301.241       74.5208       12756.2
        2.365       299.356       68.2021       12525.5
        2.375       297.471       61.8835       12294.8
        2.385       295.587       55.5648       12064.2
        2.395       293.702       49.2462       11833.5
        2.405       291.818       42.9275       11602.8
        2.415       289.933       36.6089       11372.1
        2.425       288.048       30.2902       11141.5
        2.435       286.164       23.9716       10910.8
        2.445       284.279       17.6529       10680.1
        2.455       283.143       13.8858         10541
        2.465       282.755       12.6701       10493.4
        2.475       282.367       11.4544       10445.8
        2.485       281.979       10.2387       10398.2
        2.495       281.591       9.02303       10350.6
        2.505       281.203       7.80735       10303.1
        2.515       280.815       6.59167       10255.5
        2.525       280.427       5.37599       10207.9
        2.535       280.039        4.1603       10160.3
        2.545       279.651       2.94462       10112.7
        2.555       279.427       2.23759       10085.1
        2.565       279.366        2.0392       10077.6
        2.575       279.306       1.84081         10070
        2.585       279.246       1.64242       10062.5
        2.595       279.185       1.44403       10054.9
        2.605       279.125       1.24564       10047.4
        2.615       279.064       1.04725       10039.8
        2.625       279.004      0.848866       10032.3
        2.635       278.944      0.650477       10024.7
        2.645       278.883      0.452088       10017.2
        2.655       278.848      0.337864       10012.8
        2.665       278.839      0.307803       10011.7
        2.675        278.83      0.277742       10010.5
        2.685       278.821      0.247681       10009.4
        2.695       278.812       0.21762       10008.3
        2.705       278.803      0.187559       10007.1
        2.715       278.794      0.157499         10006
        2.725       278.785      0.127438       10004.9
        2.735       278.776     0.0973769       10003.7
        2.745       278.767     0.0673161       10002.6
        2.755       278.761     0.0500536       10001.9
        2.765        278.76     0.0455895       10001.7
        2.775       278.758     0.0411254       10001.6
        2.785       278.757     0.0366612       10001.4
        2.795       278.756     0.0321971       10001.2
        2.805       278.754      0.027733       10001.1
        2.815       278.753     0.0232689       10000.9
        2.825       278.751     0.0188047       10000.7
        2.835        278.75     0.0143406       10000.6
        2.845       278.749    0.00987646       10000.4
        2.855       278.748    0.00731731       10000.3
        2.865       278.748    0.00666313       10000.3
        2.875       278.747    0.00600896       10000.2
        2.885       278.747    0.00535478       10000.2
        2.895       278.747     0.0047006       10000.2
        2.905       278.747    0.00404643       10000.1
        2.915       278.747    0.00339225       10000.1
        2.925       278.746    0.00273807       10000.1
        2.935       278.746     0.0020839         10000
        2.945       278.746    0.00142972         10000
        2.955       278.746    0.00105534         10000
        2.965       278.746   0.000960768         10000
        2.975       278.746   0.000866194         10000
        2.985       278.746    0.00077162         10000
        2.995       278.746   0.000677045         10000
        3.005       278.746   0.000582471         10000
        3.015       278.746   0.000487896         10000
        3.025       278.746   0.000393322         10000
        3.035       278.746   0.000298748         10000
        3.045       278.746   0.000204173         10000
        3.055       278.746   0.000150143         10000
        3.065       278.746   0.000136656         10000
        3.075       278.746   0.000123169         10000
        3.085       278.746   0.000109682         10000
        3.095       278.746   9.61955e-05         10000
        3.105       278.746   8.27087e-05         10000
        3.115       278.746   6.92219e-05         10000
        3.125       278.746   5.57351e-05         10000
        3.135       278.746   4.22484e-05         10000
        3.145       278.746   2.87616e-05         10000
        3.155       278.746   2.10697e-05         10000
        3.165       278.746   1.91728e-05         10000
        3.175       278.746   1.72759e-05         10000
        3.185       278.746   1.53789e-05         10000
        3.195       278.746    1.3482e-05         10000
        3.205       278.746   1.15851e-05         10000
        3.215       278.746   9.68812e-06         10000
        3.225       278.746   7.79118e-06         10000
        3.235       278.746   5.89424e-06         10000
        3.245       278.746   3.99731e-06         10000
        3.255       278.746   2.91723e-06         10000
        3.265       278.746   2.65401e-06         10000
        3.275       278.746   2.39079e-06         10000
        3.285       278.746   2.12757e-06         10000
        3.295       278.746   1.86435e-06         10000
        3.305       278.746   1.60113e-06         10000
        3.315       278.746   1.33791e-06         10000
        3.325       278.746   1.07469e-06         10000
        3.335       278.746   8.11465e-07         10000
        3.345       278.746   5.48244e-07         10000
        3.355       278.746   3.98613e-07         10000
        3.365       278.746    3.6257e-07         10000
        3.375       278.746   3.26527e-07         10000
        3.385       278.746   2.90485e-07         10000
        3.395       278.746   2.54442e-07         10000
        3.405       278.746   2.18399e-07         10000
        3.415       278.746   1.82356e-07         10000
        3.425       278.746   1.46314e-07         10000
        3.435       278.746   1.10271e-07         10000
        3.445       278.746   7.42283e-08         10000
        3.455       278.746   5.37711e-08         10000
        3.465       278.746   4.88992e-08         10000
        3.475       278.746   4.40273e-08         10000
        3.485       278.746   3.91555e-08         10000
        3.495       278.746   3.42836e-08         10000
        3.505       278.746   2.94118e-08         10000
        3.515       278.746   2.45399e-08         10000
        3.525       278.746    1.9668e-08         10000
        3.535       278.746   1.47962e-08         10000
        3.545       278.746   9.92431e-09         10000
        3.555       278.746   7.16322e-09         10000
        3.565       278.746   6.51291e-09         10000
        3.575       278.746    5.8626e-09         10000
        3.585       278.746    5.2123e-09         10000
        3.595       278.746   4.56198e-09         10000
        3.605       278.746   3.91168e-09         10000
        3.615       278.746   3.26137e-09         10000
        3.625       278.746   2.61106e-09         10000
        3.635       278.746   1.96074e-09         10000
        3.645       278.746   1.31043e-09         10000
        3.655       278.746   9.42424e-10         10000
        3.665       278.746   8.56712e-10         10000
        3.675       278.746   7.70999e-10         10000
        3.685       278.746   6.85287e-10         10000
        3.695       278.746   5.99575e-10         10000
        3.705       278.746   5.13862e-10         10000
        3.715       278.746    4.2815e-10         10000
        3.725       278.746   3.42438e-10         10000
        3.735       278.746   2.56725e-10         10000
        3.745       278.746   1.71013e-10         10000
        3.755       278.746   1.22574e-10         10000
        3.765       278.746   1.11407e-10         10000
        3.775       278.746   1.00241e-10         10000
        3.785       278.746   8.90744e-11         10000
        3.795       278.746   7.79079e-11         10000
        3.805       278.746   6.67415e-11         10000
        3.815       278.746    5.5575e-11         10000
        3.825       278.746   4.44085e-11         10000
        3.835       278.746   3.32421e-11         10000
        3.845       278.746   2.20756e-11         10000
        3.855       278.746   1.57625e-11         10000
        3.865       278.746   1.43026e-11         10000
        3.875       278.746   1.28427e-11         10000
        3.885       278.746   1.13828e-11         10000
        3.895       278.746   9.92286e-12         10000
        3.905       278.746   8.46297e-12         10000
        3.915       278.746   7.00307e-12         10000
        3.925       278.746   5.54317e-12         10000
        3.935       278.746   4.08328e-12         10000
        3.945       278.746   2.62338e-12         10000
        3.955       278.746   1.80583e-12         10000
        3.965       278.746   1.63064e-12         10000
        3.975       278.746   1.45545e-12         10000
        3.985       278.746   1.28025e-12         10000
        3.995       278.746   1.10506e-12         10000
        4.005       278.746   9.29867e-13         10000
        4.015       278.746   7.54674e-13         10000
        4.025       278.746    5.7948e-13         10000
        4.035       278.746   4.04287e-13         10000
        4.045       278.746   2.29094e-13         10000
        4.055       278.746   1.34422e-13         10000
        4.065       278.746   1.20272e-13         10000
        4.075       278.746   1.06123e-13         10000
        4.085       278.746    9.1973e-14         10000
        4.095       278.746   7.78233e-14         10000
        4.105       278.746   6.36736e-14         10000
        4.115       278.746    4.9524e-14         10000
        4.125       278.746   3.53743e-14         10000
        4.135       278.746   2.12245e-14         10000
        4.145       278.746   7.07485e-15         10000
        4.155       278.746   2.25729e-30         10000
        4.165       278.746   2.01968e-30         10000
        4.175       278.746   1.78207e-30         10000
        4.185       278.746   1.54446e-30         10000
        4.195       278.746   1.30685e-30         10000
        4.205       278.746   1.06924e-30         10000
        4.215       278.746   8.31631e-31         10000
        4.225       278.746   5.94023e-31         10000
        4.235       278.746   3.56413e-31         10000
        4.245       278.746   1.18805e-31         10000
        4.255       278.746             0         10000
        4.265       278.746             0         10000
        4.275       278.746             0         10000
        4.285       278.746             0         10000
        4.295       278.746             0         10000
        4.305       278.746             0         10000
        4.315       278.746             0         10000
        4.325       278.746             0         10000
        4.335       278.746             0         10000
        4.345       278.746             0         10000
        4.355       278.746             0         10000
        4.365       278.746             0         10000
        4.375       278.746             0         10000
        4.385       278.746             0         10000
        4.395       278.746             0         10000
        4.405       278.746             0         10000
        4.415       278.746             0         10000
        4.425       278.746             0         10000
        4.435       278.746             0         10000
        4.445       278.746             0         10000
        4.455       278.746             0         10000
        4.465       278.746             0         10000
        4.475       278.746             0         10000
        4.485       278.746             0         10000
        4.495       278.746             0         10000
        4.505       278.746             0         10000
        4.515       278.746             0         10000
        4.525       278.746             0         10000
        4.535       278.746             0         10000
        4.545       278.746             0         10000
        4.555       278.746   2.57805e-33         10000
        4.565       278.746   7.73415e-33         10000
        4.575       278.746   1.28903e-32         10000
        4.585       278.746   1.80464e-32         10000
        4.595       278.746   2.32025e-32         10000
        4.605       278.746   2.83586e-32         10000
        4.615       278.746   3.35146e-32         10000
        4.625       278.746   3.86707e-32         10000
        4.635       278.746   4.38269e-32         10000
        4.645       278.746    4.8983e-32         10000
        4.655       278.746   4.89829e-32         10000
        4.665       278.746   4.38268e-32         10000
        4.675       278.746   3.86708e-32         10000
        4.685       278.746   3.35147e-32         10000
        4.695       278.746   2.83585e-32         10000
        4.705       278.746   2.32025e-32         10000
        4.715       278.746   1.80464e-32         10000
        4.725       278.746   1.28902e-32         10000
        4.735       278.746   7.73415e-33         10000
        4.745       278.746   2.57805e-33         10000
        4.755       278.746             0         10000
        4.765       278.746             0         10000
        4.775       278.746             0         10000
        4.785       278.746             0         10000
        4.795       278.746             0         10000
        4.805       278.746             0         10000
        4.815       278.746             0         10000
        4.825       278.746             0         10000
        4.835       278.746             0         10000
        4.845       278.746             0         10000
        4.855       278.746             0         10000
        4.865       278.746             0         10000
        4.875       278.746             0         10000
        4.885       278.746             0         10000
        4.895       278.746             0         10000
        4.905       278.746             0         10000
        4.915       278.746             0         10000
        4.925       278.746             0         10000
        4.935       278.746             0         10000
        4.945       278.746             0         10000
        4.955       278.746             0         10000
        4.965       278.746             0         10000
        4.975       278.746             0         10000
        4.985       278.746             0         10000
        4.995       278.746             0         10000