/*--------------------------------*- C++ -*----------------------------------*\
| =========                 |                                                 |
| \\      /  F ield         | OpenFOAM: The Open Source CFD Toolbox           |
|  \\    /   O peration     | Version:  v2012                                 |
|   \\  /    A nd           | Website:  www.openfoam.com                      |
|    \\/     M anipulation  |                                                 |
\*---------------------------------------------------------------------------*/
FoamFile
{
    version     2.0;
    format      ascii;
    class       volVectorField;
    location    "24";
    object      U;
}
// * * * * * * * * * * * * * * * * * * * * * * * * * * * * * * * * * * * * * //

dimensions      [0 1 -1 0 0 0 0];


internalField   nonuniform List<vector> 
2200
(
(0.878865 -0.0304119 0)
(1.0058 -0.0512853 0)
(1.00327 -0.0353855 0)
(1.00021 -0.0244077 0)
(0.999827 -0.0166043 0)
(1.00002 -0.0106139 0)
(1 -0.00672807 0)
(0.999921 -0.00416698 0)
(0.999881 -0.00227706 0)
(1.00016 -0.000763975 0)
(1.00004 0.00101415 0)
(0.999893 0.00253161 0)
(0.99993 0.00439976 0)
(1 0.00694445 0)
(1.00003 0.0107542 0)
(0.999792 0.0166986 0)
(1.00022 0.024485 0)
(1.00337 0.0353911 0)
(1.00583 0.0513156 0)
(0.878894 0.0304249 0)
(0.711973 -0.0327568 0)
(0.996641 -0.0629976 0)
(1.0334 -0.0561662 0)
(1.02506 -0.0464669 0)
(1.0161 -0.0361377 0)
(1.00975 -0.0264002 0)
(1.00587 -0.01821 0)
(1.00368 -0.0114895 0)
(1.00256 -0.00610998 0)
(1.00206 -0.00170897 0)
(1.00208 0.00238734 0)
(1.00252 0.00673922 0)
(1.00359 0.0120093 0)
(1.00575 0.0186209 0)
(1.00959 0.0268083 0)
(1.01602 0.0365488 0)
(1.02495 0.0468235 0)
(1.03315 0.0565817 0)
(0.996502 0.063164 0)
(0.711729 0.0328217 0)
(0.535615 -0.0238793 0)
(0.969931 -0.056886 0)
(1.05626 -0.0546807 0)
(1.05209 -0.048792 0)
(1.03619 -0.0406178 0)
(1.02436 -0.0326216 0)
(1.0158 -0.0243579 0)
(1.01041 -0.016377 0)
(1.00731 -0.00898851 0)
(1.00594 -0.00240715 0)
(1.00586 0.00366031 0)
(1.00713 0.0101694 0)
(1.01025 0.0174018 0)
(1.01558 0.0253182 0)
(1.02422 0.0334297 0)
(1.03599 0.0412233 0)
(1.05182 0.0492923 0)
(1.05606 0.0546373 0)
(0.969361 0.0572234 0)
(0.534816 0.0239247 0)
(0.392599 -0.0135892 0)
(0.911914 -0.0462328 0)
(1.05747 -0.0467358 0)
(1.06919 -0.043931 0)
(1.05449 -0.0378561 0)
(1.03935 -0.0313452 0)
(1.02772 -0.0245309 0)
(1.01908 -0.0174557 0)
(1.01339 -0.0101508 0)
(1.01064 -0.00272807 0)
(1.01052 0.00452955 0)
(1.01313 0.0118908 0)
(1.01869 0.0190437 0)
(1.02735 0.0258621 0)
(1.03873 0.0324169 0)
(1.05381 0.0387612 0)
(1.06845 0.0446894 0)
(1.05637 0.04747 0)
(0.910689 0.0465313 0)
(0.391099 0.0136814 0)
(0.308481 -0.00442433 0)
(0.847347 -0.0322159 0)
(1.04964 -0.0396539 0)
(1.07938 -0.037876 0)
(1.06778 -0.0329487 0)
(1.05127 -0.0272316 0)
(1.03826 -0.0221336 0)
(1.0283 -0.0163163 0)
(1.02131 -0.00972254 0)
(1.01748 -0.00251175 0)
(1.01735 0.00491105 0)
(1.02095 0.0119826 0)
(1.02772 0.0183478 0)
(1.03727 0.0239142 0)
(1.05028 0.0287489 0)
(1.06675 0.0342746 0)
(1.07815 0.0389635 0)
(1.04803 0.0406019 0)
(0.844842 0.0326105 0)
(0.30606 0.00453432 0)
(0.265393 9.73604e-05 0)
(0.789655 -0.0198521 0)
(1.03365 -0.0312293 0)
(1.08392 -0.0318752 0)
(1.07742 -0.0284401 0)
(1.06055 -0.0234278 0)
(1.04689 -0.0190381 0)
(1.0361 -0.0142274 0)
(1.02834 -0.00861248 0)
(1.02403 -0.00200372 0)
(1.0238 0.00524438 0)
(1.02769 0.0115484 0)
(1.03504 0.0167678 0)
(1.04578 0.0211889 0)
(1.05927 0.0253871 0)
(1.07598 0.0300251 0)
(1.08218 0.0331443 0)
(1.03116 0.032217 0)
(0.7858 0.0202822 0)
(0.26212 5.51343e-06 0)
(0.242006 0.00109788 0)
(0.740303 -0.0118854 0)
(1.01422 -0.0240861 0)
(1.08419 -0.0259703 0)
(1.0831 -0.023938 0)
(1.0677 -0.0200004 0)
(1.0538 -0.0160337 0)
(1.04269 -0.0118125 0)
(1.0345 -0.00699191 0)
(1.02974 -0.00120189 0)
(1.02932 0.00527834 0)
(1.03339 0.0108022 0)
(1.0412 0.015259 0)
(1.05198 0.0191718 0)
(1.06564 0.0225103 0)
(1.08082 0.0260567 0)
(1.08143 0.0276857 0)
(1.01023 0.0252838 0)
(0.734639 0.0124039 0)
(0.237697 -0.000982954 0)
(0.228567 0.00111335 0)
(0.699595 -0.00749004 0)
(0.994326 -0.0193823 0)
(1.08166 -0.0216403 0)
(1.08607 -0.02021 0)
(1.07252 -0.0170941 0)
(1.05904 -0.0137765 0)
(1.04837 -0.00976051 0)
(1.04058 -0.00521696 0)
(1.03593 -3.16982e-07 0)
(1.0355 0.00531644 0)
(1.03939 0.0101832 0)
(1.04653 0.0141653 0)
(1.05642 0.0173726 0)
(1.06979 0.0203427 0)
(1.08288 0.0229286 0)
(1.07775 0.0237847 0)
(0.98852 0.0209149 0)
(0.691648 0.00814971 0)
(0.223034 -0.000969279 0)
(0.220054 0.000748734 0)
(0.665838 -0.00502697 0)
(0.974839 -0.0163531 0)
(1.07838 -0.0186709 0)
(1.08806 -0.0173857 0)
(1.07604 -0.0148403 0)
(1.06269 -0.0117441 0)
(1.05252 -0.00797451 0)
(1.04508 -0.0037401 0)
(1.04056 0.000927395 0)
(1.03987 0.00531391 0)
(1.04313 0.00956203 0)
(1.04957 0.0131905 0)
(1.05956 0.0163727 0)
(1.07244 0.0188275 0)
(1.08366 0.0206656 0)
(1.07283 0.0213513 0)
(0.966795 0.0182034 0)
(0.655134 0.00581539 0)
(0.212986 -0.000560443 0)
(0.214546 0.000357505 0)
(0.640206 -0.00293807 0)
(0.957776 -0.0126711 0)
(1.07572 -0.0151156 0)
(1.09042 -0.0140793 0)
(1.07921 -0.0120458 0)
(1.06557 -0.00942317 0)
(1.0551 -0.00607961 0)
(1.04749 -0.00224051 0)
(1.04284 0.00202978 0)
(1.04188 0.00609633 0)
(1.04496 0.00986971 0)
(1.05142 0.0128427 0)
(1.06086 0.0154453 0)
(1.0739 0.0168224 0)
(1.08459 0.0180874 0)
(1.06838 0.0184271 0)
(0.946874 0.0149094 0)
(0.626369 0.00390551 0)
(0.205663 -0.000118122 0)
(0.211648 0.000133036 0)
(0.623737 -0.00105835 0)
(0.94348 -0.00820566 0)
(1.07312 -0.0104572 0)
(1.09284 -0.00972741 0)
(1.0825 -0.00804641 0)
(1.06875 -0.00603565 0)
(1.05776 -0.00354132 0)
(1.04955 -0.000545807 0)
(1.04442 0.00309796 0)
(1.04328 0.00692913 0)
(1.04639 0.00981589 0)
(1.0532 0.0119473 0)
(1.063 0.0129876 0)
(1.07627 0.0143556 0)
(1.08527 0.0151899 0)
(1.06315 0.0147014 0)
(0.928624 0.0109119 0)
(0.605718 0.0022725 0)
(0.200297 0.00012686 0)
(0.21078 -4.54817e-05 0)
(0.614497 8.91292e-06 0)
(0.932183 -0.00432568 0)
(1.07067 -0.00650036 0)
(1.09524 -0.00612317 0)
(1.08607 -0.00443692 0)
(1.07258 -0.00245767 0)
(1.06166 -0.000378934 0)
(1.05317 0.00206192 0)
(1.04766 0.00480381 0)
(1.04613 0.007803 0)
(1.0489 0.00962148 0)
(1.05537 0.010697 0)
(1.06531 0.0115147 0)
(1.07788 0.0120076 0)
(1.08515 0.0121424 0)
(1.05756 0.0111387 0)
(0.913839 0.00747502 0)
(0.592848 0.00134864 0)
(0.196754 0.000224378 0)
(0.211262 -0.000102681 0)
(0.611541 0.000753543 0)
(0.925664 -0.00147112 0)
(1.06881 -0.00331186 0)
(1.09714 -0.00303299 0)
(1.08922 -0.00167176 0)
(1.07609 -7.41256e-05 0)
(1.06546 0.00186886 0)
(1.05729 0.00423925 0)
(1.05181 0.00660528 0)
(1.04973 0.00905464 0)
(1.05154 0.0103451 0)
(1.05689 0.0111788 0)
(1.06551 0.0116624 0)
(1.07755 0.0110789 0)
(1.08381 0.0107673 0)
(1.05134 0.00947353 0)
(0.901096 0.00574087 0)
(0.583408 0.00121351 0)
(0.193664 0.00027809 0)
(0.212751 0.000148802 0)
(0.611733 0.00112748 0)
(0.920984 0.000301929 0)
(1.06717 -0.000961085 0)
(1.09828 -0.000623768 0)
(1.09096 0.000509094 0)
(1.07787 0.00199104 0)
(1.06715 0.00402529 0)
(1.05895 0.00637374 0)
(1.05335 0.00879588 0)
(1.0508 0.0110102 0)
(1.052 0.0121034 0)
(1.05696 0.0123437 0)
(1.06505 0.0120809 0)
(1.07647 0.0110292 0)
(1.08129 0.0101803 0)
(1.04507 0.00831889 0)
(0.890825 0.00472878 0)
(0.576459 0.00126809 0)
(0.190909 0.000303424 0)
(0.215675 0.000408225 0)
(0.61366 0.00154496 0)
(0.919749 0.00205526 0)
(1.06648 0.00153781 0)
(1.09907 0.00200467 0)
(1.09219 0.00289961 0)
(1.07921 0.00410289 0)
(1.06833 0.00604873 0)
(1.05981 0.00838563 0)
(1.05374 0.0110102 0)
(1.05062 0.013108 0)
(1.05127 0.0141039 0)
(1.05587 0.0139227 0)
(1.06371 0.0129807 0)
(1.07449 0.0117917 0)
(1.07776 0.0103604 0)
(1.03858 0.00792521 0)
(0.881485 0.00428188 0)
(0.569748 0.00132632 0)
(0.187919 0.000307293 0)
(0.219115 0.000432048 0)
(0.617648 0.00205423 0)
(0.920803 0.00352552 0)
(1.06652 0.0033887 0)
(1.10039 0.00383619 0)
(1.09425 0.00487668 0)
(1.08173 0.00641384 0)
(1.07099 0.00872268 0)
(1.0622 0.0112998 0)
(1.05539 0.0142128 0)
(1.05127 0.016233 0)
(1.05079 0.0171164 0)
(1.05433 0.0166754 0)
(1.06125 0.015329 0)
(1.07107 0.0133729 0)
(1.07263 0.0110123 0)
(1.03073 0.00777651 0)
(0.872236 0.00416755 0)
(0.563538 0.00150924 0)
(0.184965 0.000335035 0)
(0.22462 0.000533965 0)
(0.626146 0.00262988 0)
(0.92442 0.00482285 0)
(1.06746 0.00539775 0)
(1.10176 0.00585085 0)
(1.09682 0.00676129 0)
(1.08513 0.00863217 0)
(1.07488 0.0113541 0)
(1.06602 0.0144932 0)
(1.05854 0.0178392 0)
(1.05329 0.0198881 0)
(1.05155 0.0206106 0)
(1.05369 0.0198031 0)
(1.0594 0.0181594 0)
(1.06746 0.0157322 0)
(1.06718 0.0127733 0)
(1.02302 0.00907875 0)
(0.863612 0.0050848 0)
(0.556504 0.0020333 0)
(0.181192 0.000426974 0)
(0.229621 0.000631077 0)
(0.632774 0.00296332 0)
(0.928572 0.0057705 0)
(1.06916 0.00691173 0)
(1.10358 0.00771668 0)
(1.09966 0.00910555 0)
(1.08881 0.0115598 0)
(1.07876 0.0149572 0)
(1.0696 0.0188586 0)
(1.06125 0.0227316 0)
(1.05463 0.0249778 0)
(1.05154 0.0255212 0)
(1.05201 0.024444 0)
(1.05619 0.0222462 0)
(1.06199 0.0191951 0)
(1.05937 0.014988 0)
(1.01254 0.0103293 0)
(0.852409 0.0059681 0)
(0.547521 0.00258278 0)
(0.176356 0.000536451 0)
(0.237805 0.000849283 0)
(0.645958 0.00402451 0)
(0.937076 0.0079577 0)
(1.07251 0.0100568 0)
(1.10569 0.0112146 0)
(1.10288 0.0128424 0)
(1.09288 0.015872 0)
(1.08287 0.0198607 0)
(1.07302 0.0243096 0)
(1.06327 0.0284752 0)
(1.05503 0.0307181 0)
(1.05045 0.0306991 0)
(1.04945 0.0288961 0)
(1.05199 0.0257897 0)
(1.05559 0.0219577 0)
(1.05077 0.0172931 0)
(1.0025 0.0123142 0)
(0.842285 0.00744556 0)
(0.537559 0.00324026 0)
(0.170403 0.000650416 0)
(0.246138 0.00111595 0)
(0.657856 0.00478608 0)
(0.945885 0.00962578 0)
(1.07733 0.012717 0)
(1.10941 0.0151539 0)
(1.10742 0.0180656 0)
(1.09809 0.0219462 0)
(1.0879 0.0266642 0)
(1.07708 0.0316997 0)
(1.06569 0.0359664 0)
(1.05553 0.0378522 0)
(1.04899 0.0369531 0)
(1.04607 0.034234 0)
(1.04651 0.0303429 0)
(1.04781 0.0255402 0)
(1.04022 0.019803 0)
(0.989035 0.0138967 0)
(0.826986 0.00851401 0)
(0.52381 0.00381238 0)
(0.162901 0.00075908 0)
(0.259147 0.00144397 0)
(0.677735 0.00669648 0)
(0.960535 0.0132427 0)
(1.08555 0.0177988 0)
(1.1154 0.021189 0)
(1.11381 0.0249202 0)
(1.10466 0.0298031 0)
(1.09386 0.0353926 0)
(1.08159 0.0409248 0)
(1.06796 0.045071 0)
(1.05519 0.046311 0)
(1.04633 0.0442747 0)
(1.04149 0.0401937 0)
(1.03974 0.0348815 0)
(1.03866 0.0289432 0)
(1.02901 0.0227548 0)
(0.976749 0.0165432 0)
(0.814616 0.0105974 0)
(0.510278 0.00467336 0)
(0.154585 0.000884864 0)
(0.274297 0.00201389 0)
(0.700705 0.00812016 0)
(0.97858 0.0166723 0)
(1.09713 0.022943 0)
(1.12413 0.0281799 0)
(1.12212 0.0339187 0)
(1.11243 0.0403468 0)
(1.1004 0.0468958 0)
(1.08616 0.0528992 0)
(1.07003 0.0567733 0)
(1.05465 0.056829 0)
(1.04316 0.0530752 0)
(1.0358 0.0474215 0)
(1.0317 0.0410655 0)
(1.02837 0.0341079 0)
(1.01605 0.0269069 0)
(0.959976 0.019614 0)
(0.793007 0.0124995 0)
(0.489408 0.0055456 0)
(0.143536 0.00105907 0)
(0.295834 0.00288667 0)
(0.731715 0.0119822 0)
(1.00235 0.0224658 0)
(1.11261 0.0309207 0)
(1.13612 0.0377674 0)
(1.13293 0.0456213 0)
(1.12181 0.0533024 0)
(1.10758 0.0610063 0)
(1.09048 0.0672938 0)
(1.0709 0.0704547 0)
(1.05181 0.0690125 0)
(1.0373 0.0636631 0)
(1.0279 0.0562931 0)
(1.02173 0.0480693 0)
(1.01631 0.0397187 0)
(1.00197 0.0314886 0)
(0.944053 0.0234206 0)
(0.776318 0.0154309 0)
(0.470647 0.0067785 0)
(0.13204 0.00116122 0)
(0.326412 0.00400382 0)
(0.773844 0.0148407 0)
(1.03387 0.0297069 0)
(1.13392 0.040873 0)
(1.15264 0.050657 0)
(1.14662 0.0608635 0)
(1.13249 0.0706756 0)
(1.115 0.0793476 0)
(1.0943 0.0855639 0)
(1.071 0.0877311 0)
(1.04862 0.0844052 0)
(1.03115 0.0765534 0)
(1.0187 0.0669891 0)
(1.01006 0.0572621 0)
(1.00251 0.0475742 0)
(0.985366 0.0382325 0)
(0.921994 0.0286037 0)
(0.744949 0.018442 0)
(0.438652 0.00776291 0)
(0.116083 0.00132387 0)
(0.363015 0.00790158 0)
(0.825228 0.0245643 0)
(1.07381 0.0419736 0)
(1.16067 0.0570804 0)
(1.17299 0.0685748 0)
(1.16273 0.0823004 0)
(1.14452 0.0932312 0)
(1.12277 0.102098 0)
(1.09752 0.107615 0)
(1.06942 0.107897 0)
(1.04227 0.101813 0)
(1.02114 0.0915329 0)
(1.00687 0.0800388 0)
(0.996437 0.0682377 0)
(0.986691 0.0568512 0)
(0.966567 0.0456124 0)
(0.898893 0.034272 0)
(0.720072 0.0224658 0)
(0.413381 0.00967331 0)
(0.101737 0.00126853 0)
(0.446573 0.0115093 0)
(0.904995 0.0346468 0)
(1.12633 0.0615891 0)
(1.19357 0.0798783 0)
(1.19885 0.0960996 7.68076e-35)
(1.18113 0.111534 -5.08634e-35)
(1.15719 0.122488 0)
(1.12983 0.130763 0)
(1.09928 0.134465 0)
(1.06639 0.13205 0)
(1.03567 0.122974 0)
(1.01175 0.109708 0)
(0.993733 0.0953368 0)
(0.980381 0.081637 0)
(0.968397 0.0686414 0)
(0.944454 0.0561711 0)
(0.868711 0.0427486 0)
(0.674475 0.0276432 0)
(0.362785 0.0101663 0)
(0.0784618 0.00101742 0)
(0.513929 0.0265161 -6.88707e-21)
(0.996132 0.0589822 4.58391e-21)
(1.18345 0.0940041 0)
(1.22958 0.115848 1.0839e-21)
(1.22518 0.135085 -8.78286e-22)
(1.19912 0.150051 5.36632e-35)
(1.16875 0.159941 0)
(1.13524 0.166627 4.89491e-21)
(1.09889 0.167885 -1.75176e-20)
(1.06013 0.162499 3.86342e-21)
(1.02337 0.149877 0)
(0.994271 0.133027 -1.26264e-20)
(0.974329 0.116727 -1.57953e-20)
(0.958986 0.100842 2.77751e-20)
(0.943091 0.0858665 -2.23336e-20)
(0.912233 0.0704983 0)
(0.823628 0.0534956 -8.57078e-21)
(0.615338 0.0343981 0)
(0.313074 0.0147838 -4.63324e-20)
(0.0606719 0.00178186 5.4818e-20)
(0.543608 0.0548719 1.05059e-23)
(1.0499 0.102295 -4.34024e-20)
(1.22775 0.145569 1.16928e-20)
(1.26243 0.164422 1.67225e-20)
(1.24904 0.183266 -1.14663e-21)
(1.21504 0.19622 2.6288e-21)
(1.1781 0.204299 0)
(1.13824 0.20892 0)
(1.09568 0.207648 2.74319e-20)
(1.05072 0.199269 0)
(1.00903 0.183353 4.33908e-20)
(0.97647 0.165195 1.35466e-20)
(0.950216 0.146658 3.33816e-22)
(0.928973 0.129458 -3.11694e-20)
(0.909517 0.113404 0)
(0.875059 0.0980649 0)
(0.784099 0.0771158 -1.44538e-19)
(0.583641 0.054152 3.62487e-19)
(0.300284 0.0245563 -2.1537e-19)
(0.0593028 0.00576212 -2.55357e-19)
(0.546936 0.0787278 7.70506e-20)
(1.07932 0.160161 -2.25991e-20)
(1.26054 0.207673 -5.92974e-21)
(1.28872 0.223923 -3.2301e-20)
(1.2677 0.239746 1.37517e-20)
(1.22719 0.248665 -1.80526e-21)
(1.18429 0.253404 4.64189e-21)
(1.13846 0.254893 0)
(1.08987 0.250546 -5.685e-20)
(1.03888 0.239217 6.32066e-20)
(0.991314 0.221441 -1.18645e-19)
(0.952585 0.200059 5.78801e-20)
(0.924163 0.180262 -4.27136e-20)
(0.90171 0.162358 9.35121e-20)
(0.878671 0.145956 0)
(0.84214 0.12968 -3.67472e-20)
(0.754914 0.109014 0)
(0.570121 0.0768455 2.08107e-19)
(0.304176 0.0413103 -4.93902e-19)
(0.0707444 0.00957151 3.099e-19)
(0.535806 0.110982 -3.67306e-19)
(1.09413 0.218842 1.46692e-19)
(1.28035 0.274465 2.37384e-20)
(1.30628 0.288604 0)
(1.28009 0.301007 1.72954e-20)
(1.23479 0.30509 -1.85781e-20)
(1.18681 0.305877 -4.86886e-21)
(1.13562 0.303599 0)
(1.0816 0.295647 4.01211e-20)
(1.02539 0.280694 -4.3409e-20)
(0.972529 0.258672 1.04412e-19)
(0.930098 0.235377 0)
(0.897039 0.215144 -9.00009e-20)
(0.869997 0.197284 4.95206e-20)
(0.846451 0.180942 1.34812e-19)
(0.812282 0.165102 -1.18649e-19)
(0.731917 0.142097 1.95927e-19)
(0.563243 0.105214 -4.35036e-19)
(0.316963 0.0597641 2.75993e-19)
(0.0829929 0.0161762 -3.45993e-19)
(0.519646 0.135122 2.27445e-19)
(1.09716 0.273764 -1.67635e-19)
(1.29027 0.341631 7.42105e-20)
(1.31545 0.354059 -1.01646e-19)
(1.28569 0.363369 6.81802e-20)
(1.23717 0.363052 -1.11164e-20)
(1.18528 0.359961 3.66275e-21)
(1.12978 0.353705 -2.63366e-20)
(1.07133 0.341791 -4.00893e-20)
(1.01041 0.323159 -9.34683e-20)
(0.953817 0.298566 -2.25453e-19)
(0.909033 0.274512 -7.59949e-20)
(0.875013 0.252638 2.64534e-21)
(0.848547 0.233913 -1.78964e-19)
(0.8225 0.216772 -6.34418e-21)
(0.787059 0.198704 1.74508e-19)
(0.711875 0.174066 -5.42796e-20)
(0.557748 0.133378 -3.16487e-20)
(0.326591 0.0792238 0)
(0.0916128 0.0228781 7.43261e-19)
(0.500353 0.156352 0)
(1.08845 0.324116 5.2122e-20)
(1.29204 0.405718 0)
(1.31844 0.418063 -1.22595e-20)
(1.28618 0.425206 -8.31025e-20)
(1.23521 0.420858 1.72467e-20)
(1.18031 0.414076 1.65481e-21)
(1.12156 0.403887 4.74123e-20)
(1.05964 0.388103 -2.41747e-20)
(0.994845 0.365452 4.08089e-20)
(0.934077 0.337403 1.21694e-19)
(0.884535 0.308776 1.68407e-19)
(0.846756 0.284775 -1.05374e-19)
(0.817051 0.264933 1.94424e-19)
(0.794736 0.248131 -1.56232e-19)
(0.765298 0.232224 0)
(0.698698 0.207211 -4.1595e-19)
(0.555394 0.162048 5.59166e-19)
(0.332814 0.098063 4.22787e-20)
(0.096834 0.0291497 -7.89015e-19)
(0.485097 0.177147 -5.43839e-21)
(1.07932 0.373381 -1.37398e-19)
(1.28892 0.467155 -4.12628e-19)
(1.31626 0.479614 2.27371e-19)
(1.2819 0.485109 -4.90758e-20)
(1.22932 0.477334 2.63094e-20)
(1.17227 0.46722 -9.28982e-21)
(1.11091 0.45339 -3.67283e-21)
(1.04569 0.434009 -8.46869e-20)
(0.977132 0.407892 6.4716e-22)
(0.913475 0.376639 -1.33043e-19)
(0.86493 0.346917 -1.798e-19)
(0.830161 0.322692 1.18747e-19)
(0.804047 0.302601 -6.99736e-20)
(0.776806 0.284313 1.70287e-19)
(0.743109 0.263763 0)
(0.678112 0.236746 -2.58245e-19)
(0.543587 0.188443 3.81981e-19)
(0.331737 0.114732 7.31089e-19)
(0.0978865 0.0341929 -8.57986e-19)
(0.469975 0.194856 -6.77748e-19)
(1.0649 0.418123 3.42375e-19)
(1.28188 0.524801 2.6645e-19)
(1.31055 0.538142 -2.4683e-19)
(1.27451 0.542589 1.12241e-20)
(1.22071 0.531776 7.11311e-20)
(1.16193 0.518728 -1.62703e-21)
(1.0985 0.501627 -1.76952e-20)
(1.0309 0.478839 -5.26906e-20)
(0.960234 0.449052 9.186e-20)
(0.89479 0.413396 1.25559e-19)
(0.842697 0.380143 2.81916e-19)
(0.802448 0.351932 0)
(0.770312 0.327934 5.59551e-21)
(0.749451 0.308689 -4.74049e-19)
(0.723745 0.293354 1.08957e-19)
(0.666191 0.26519 5.55602e-19)
(0.535492 0.212356 -1.63224e-19)
(0.32362 0.129428 3.46632e-19)
(0.095597 0.0371729 -2.89402e-20)
(0.460702 0.213866 6.17626e-21)
(1.05317 0.462153 3.17381e-19)
(1.27263 0.580055 2.02647e-19)
(1.30189 0.593987 -4.41361e-19)
(1.26428 0.597144 2.8045e-19)
(1.20975 0.583673 -8.80869e-20)
(1.1497 0.568141 -1.72561e-21)
(1.08468 0.548165 3.73196e-20)
(1.01504 0.522305 9.24608e-20)
(0.941797 0.489224 -1.18699e-19)
(0.873872 0.450922 0)
(0.820931 0.414855 -1.11425e-19)
(0.78445 0.38529 1.27925e-19)
(0.759154 0.362515 1.72509e-19)
(0.732245 0.343591 -9.89379e-20)
(0.700945 0.319513 -2.50205e-19)
(0.642457 0.289881 -7.60125e-20)
(0.518495 0.230531 -1.21139e-21)
(0.312631 0.139235 0)
(0.0908787 0.0397748 0)
(0.451966 0.229308 -3.35914e-19)
(1.03952 0.502475 0)
(1.26132 0.631697 2.32407e-19)
(1.29135 0.646908 -1.07111e-19)
(1.25255 0.648968 -2.91454e-19)
(1.19747 0.632928 8.04494e-20)
(1.13635 0.615234 -7.81434e-21)
(1.07001 0.592705 -1.67278e-20)
(0.998723 0.564129 5.75892e-20)
(0.923314 0.527847 -4.92033e-20)
(0.85287 0.485326 7.05614e-20)
(0.798463 0.444962 3.48022e-19)
(0.758178 0.413034 1.34925e-20)
(0.724406 0.385842 -1.7606e-19)
(0.703475 0.362221 3.40539e-19)
(0.680845 0.344346 4.50688e-21)
(0.628614 0.310517 8.13247e-20)
(0.504582 0.248273 -3.94643e-19)
(0.300288 0.146781 3.99938e-19)
(0.0851014 0.0414213 -4.77883e-19)
(0.445508 0.248412 3.40381e-23)
(1.02766 0.541908 0)
(1.24923 0.680839 0)
(1.27937 0.697116 9.99062e-20)
(1.23954 0.697869 1.14397e-19)
(1.1841 0.67947 -6.65332e-20)
(1.12208 0.659903 4.17296e-20)
(1.05466 0.635177 0)
(0.98175 0.604311 -9.44089e-20)
(0.904251 0.565405 1.73627e-19)
(0.831791 0.520032 2.15804e-19)
(0.775656 0.477548 -1.31295e-19)
(0.735292 0.441574 -1.64916e-19)
(0.711705 0.413489 3.90082e-19)
(0.686261 0.390489 -1.20466e-19)
(0.656807 0.364122 -1.46334e-19)
(0.602207 0.329543 -8.95286e-20)
(0.483496 0.259998 -4.28079e-19)
(0.286251 0.15216 6.04056e-20)
(0.0786793 0.041937 5.19259e-19)
(0.44175 0.267204 -1.34424e-19)
(1.01589 0.578388 -2.12472e-19)
(1.23631 0.726515 2.36306e-20)
(1.2667 0.74446 4.54691e-23)
(1.22612 0.744193 3.7086e-20)
(1.17034 0.723558 -1.78514e-19)
(1.10748 0.702218 0)
(1.03902 0.675518 1.42483e-20)
(0.964563 0.642515 -1.1235e-20)
(0.884963 0.6009 2.74044e-19)
(0.809509 0.552323 -5.41593e-20)
(0.750819 0.505705 6.01438e-20)
(0.710773 0.467268 0)
(0.67602 0.434542 -2.13003e-19)
(0.656606 0.40716 2.65623e-19)
(0.635638 0.385001 0)
(0.585548 0.343235 -1.95847e-19)
(0.46521 0.27166 5.72903e-19)
(0.271079 0.155605 6.80877e-20)
(0.071866 0.0414739 -6.43219e-19)
(0.439773 0.284209 -2.98654e-19)
(1.00589 0.613739 3.8327e-19)
(1.22345 0.769749 0)
(1.25359 0.789109 2.4894e-19)
(1.21234 0.787849 0)
(1.1563 0.765222 1.6678e-19)
(1.09265 0.742279 0)
(1.02323 0.713831 0)
(0.947352 0.679126 -3.31205e-20)
(0.865473 0.636004 -2.67273e-19)
(0.787492 0.585496 -4.01539e-19)
(0.727488 0.535481 7.61664e-20)
(0.685159 0.492715 2.85176e-19)
(0.66156 0.45924 2.39755e-19)
(0.637003 0.431206 -8.52397e-19)
(0.60906 0.398108 -3.5232e-19)
(0.55672 0.358908 2.04845e-19)
(0.440893 0.277708 0)
(0.254382 0.156947 5.89563e-19)
(0.0645273 0.0400216 -6.97748e-19)
(0.438335 0.299964 3.29513e-19)
(0.995633 0.646149 -4.21423e-19)
(1.21038 0.809635 0)
(1.24034 0.830832 -1.02825e-20)
(1.19857 0.828984 -1.02299e-19)
(1.14234 0.804673 0)
(1.07806 0.780252 -1.34065e-20)
(1.00782 0.750161 2.05548e-20)
(0.930617 0.713924 -4.13374e-20)
(0.847233 0.668563 2.62351e-20)
(0.767794 0.613809 0)
(0.705149 0.561422 3.04483e-19)
(0.660623 0.516607 4.04881e-21)
(0.624464 0.476057 1.30254e-19)
(0.605417 0.441097 1.5703e-19)
(0.586554 0.415672 0)
(0.538108 0.364905 -3.45373e-19)
(0.420579 0.283269 6.77128e-19)
(0.237174 0.156099 -7.20282e-19)
(0.0573815 0.0376734 1.51399e-18)
(0.437161 0.314924 0)
(0.986655 0.677812 0)
(1.1978 0.84739 -2.31824e-19)
(1.22711 0.869981 0)
(1.18484 0.867491 0)
(1.1285 0.841783 2.40623e-19)
(1.06371 0.816143 -1.71161e-20)
(0.99269 0.784623 1.70407e-20)
(0.914141 0.747106 -2.72079e-21)
(0.828008 0.700623 0)
(0.743396 0.64677 -6.4612e-20)
(0.677619 0.591668 -2.52396e-19)
(0.632555 0.539077 -3.16988e-19)
(0.608222 0.497877 -1.3172e-19)
(0.585094 0.463121 1.72824e-19)
(0.557927 0.422402 -4.10451e-19)
(0.507344 0.376152 7.47417e-19)
(0.393653 0.283885 6.35151e-21)
(0.219369 0.153123 -6.96583e-19)
(0.0503686 0.034815 -1.0331e-19)
(0.435874 0.329513 0)
(0.977466 0.707036 -3.28865e-19)
(1.18525 0.882239 2.58667e-19)
(1.21401 0.906437 0)
(1.17134 0.903553 0)
(1.11497 0.876723 -5.32281e-19)
(1.04983 0.850058 0)
(0.978219 0.817395 0)
(0.898617 0.778834 -6.97592e-20)
(0.811544 0.731717 5.11482e-20)
(0.727726 0.674515 -5.15405e-19)
(0.659086 0.61457 0)
(0.608141 0.563799 -3.44984e-19)
(0.567969 0.513961 1.14899e-20)
(0.548812 0.468796 -5.53031e-19)
(0.532586 0.434557 2.22442e-19)
(0.487253 0.37265 3.51467e-21)
(0.374723 0.281977 -7.97209e-19)
(0.203321 0.148821 3.78245e-19)
(0.0450464 0.0319758 1.10529e-19)
(0.434664 0.343648 0)
(0.969453 0.73567 -3.88037e-19)
(1.17333 0.915426 2.75493e-19)
(1.20123 0.940696 5.78042e-19)
(1.15815 0.937201 1.16793e-19)
(1.10181 0.909383 -8.10206e-20)
(1.03647 0.881951 5.00482e-20)
(0.964492 0.84828 -9.01374e-20)
(0.88406 0.808856 7.46224e-20)
(0.794986 0.760553 3.12529e-19)
(0.704465 0.702849 4.27433e-19)
(0.629831 0.643612 8.23892e-20)
(0.57708 0.584891 5.00761e-19)
(0.549014 0.533909 3.25381e-19)
(0.52517 0.488647 3.99355e-19)
(0.500536 0.431795 -2.49199e-19)
(0.454102 0.376953 -2.94414e-19)
(0.347325 0.27465 3.45911e-19)
(0.186117 0.139798 -2.04425e-19)
(0.0414956 0.0315542 3.60875e-19)
(0.433371 0.357314 5.10542e-19)
(0.96125 0.761881 6.16315e-19)
(1.16148 0.94601 1.51418e-19)
(1.18871 0.97255 1.61618e-20)
(1.14535 0.968631 -4.06041e-19)
(1.08912 0.940001 1.54229e-19)
(1.02365 0.911876 -5.7321e-20)
(0.951275 0.877448 -2.15033e-20)
(0.869801 0.837596 -6.54421e-20)
(0.778289 0.789111 -3.49353e-19)
(0.686267 0.731666 2.55819e-20)
(0.610459 0.669353 0)
(0.553995 0.611358 0)
(0.505322 0.551912 -1.6547e-19)
(0.481808 0.489901 -6.58075e-19)
(0.467643 0.439949 5.40752e-19)
(0.432532 0.354274 3.29991e-19)
(0.34128 0.253978 0)
(0.191203 0.118635 6.52562e-19)
(0.0360581 0.0116431 -3.90105e-19)
(0.432217 0.370248 -2.728e-19)
(0.95404 0.787467 2.36043e-19)
(1.15032 0.975267 -3.37647e-19)
(1.17668 1.00258 -3.63556e-19)
(1.13304 0.997971 -1.60425e-19)
(1.07691 0.968515 3.69595e-20)
(1.01136 0.939875 0)
(0.938808 0.904914 1.32313e-19)
(0.856622 0.864424 1.16671e-20)
(0.764302 0.815606 0)
(0.670643 0.757286 0)
(0.588216 0.697211 5.76347e-20)
(0.52002 0.634603 8.82286e-20)
(0.484015 0.5717 -1.78663e-19)
(0.453115 0.51275 4.75773e-19)
(0.425176 0.429766 -5.95618e-19)
(0.387714 0.345264 -7.0834e-19)
(0.322322 0.229597 6.27268e-19)
(0.22078 0.137461 -2.35139e-19)
(0.121611 0.091716 1.34914e-19)
(0.430818 0.382406 3.14978e-19)
(0.946487 0.81056 0)
(1.13922 1.00199 0)
(1.16499 1.03038 -1.22392e-19)
(1.12119 1.02535 9.9069e-20)
(1.06523 0.995222 -2.07615e-20)
(0.999676 0.966076 -2.17616e-19)
(0.926823 0.930529 -2.10009e-19)
(0.843851 0.889991 6.80023e-20)
(0.749681 0.841483 -2.83344e-20)
(0.651126 0.78482 6.81996e-20)
(0.563567 0.722341 -4.75075e-19)
(0.500991 0.659597 -5.22932e-19)
(0.436539 0.595272 -9.5394e-20)
(0.397386 0.514564 0)
(0.373524 0.441495 -1.24806e-20)
(0.346746 0.293806 3.91327e-19)
(0.303182 0.132116 -6.5705e-19)
(0.26386 -0.0254798 4.87725e-19)
(0.0807573 -0.0879066 3.8978e-19)
(0.429522 0.393945 -6.86563e-19)
(0.93978 0.833239 -2.96791e-19)
(1.12878 1.02781 6.46052e-21)
(1.15374 1.05686 1.56093e-19)
(1.10973 1.05122 0)
(1.05387 1.02043 4.61132e-19)
(0.988202 0.990946 2.70483e-19)
(0.915197 0.955229 -4.48801e-20)
(0.831876 0.914743 -2.14677e-20)
(0.736738 0.866225 -2.66799e-20)
(0.637603 0.809477 2.47807e-20)
(0.5498 0.751112 4.19981e-19)
(0.465296 0.689462 5.11069e-19)
(0.414201 0.618336 9.20293e-20)
(0.366053 0.550828 5.08685e-19)
(0.306932 0.433336 0)
(0.20876 0.290712 0)
(0.0449507 0.279994 4.8523e-19)
(-0.0668014 0.629867 -3.34698e-20)
(0.000649009 1.50239 -6.23331e-19)
(0.427833 0.404875 3.73819e-19)
(0.932697 0.853644 8.90341e-19)
(1.11831 1.05139 -1.33951e-18)
(1.14271 1.08158 8.06977e-19)
(1.09858 1.07581 -9.39775e-20)
(1.04284 1.04471 6.02719e-19)
(0.977209 1.01511 0)
(0.904126 0.979315 2.1958e-19)
(0.820015 0.939015 0)
(0.723056 0.891671 2.5369e-19)
(0.619849 0.837119 -3.89487e-20)
(0.521706 0.778782 4.36711e-20)
(0.449176 0.718986 5.67832e-19)
(0.362204 0.659354 -2.09248e-19)
(0.277944 0.568668 -2.66127e-19)
(0.209367 0.497037 0)
(0.108395 0.584377 0)
(0.0385702 1.25077 0)
(0.0788765 2.42733 -2.7286e-19)
(0.109657 2.89325 -1.69405e-19)
(0.426218 0.415359 0)
(0.926472 0.873832 0)
(1.10855 1.07442 4.79431e-19)
(1.13216 1.10531 -6.726e-19)
(1.08781 1.09921 4.6104e-19)
(1.03222 1.0678 -5.52212e-19)
(0.966518 1.03823 -3.11995e-20)
(0.893201 1.00265 2.4292e-20)
(0.808866 0.963398 6.74244e-21)
(0.711537 0.917018 -2.88457e-19)
(0.606849 0.864887 5.94827e-20)
(0.512629 0.811517 3.95633e-19)
(0.411679 0.757993 -5.59552e-19)
(0.340703 0.686762 -6.56455e-19)
(0.274285 0.633752 2.29292e-19)
(0.208436 0.752115 0)
(0.144872 1.49163 3.31001e-19)
(0.143382 2.6689 3.68465e-19)
(0.149058 3.07965 -4.12369e-19)
(0.13979 3.21855 4.53199e-19)
(0.424237 0.425042 0)
(0.919817 0.891642 7.24137e-19)
(1.09876 1.09515 -1.24252e-19)
(1.1219 1.12724 8.47221e-19)
(1.07747 1.12128 -4.83933e-19)
(1.02201 1.08995 0)
(0.95637 1.06061 0)
(0.883206 1.02547 0)
(0.798414 0.986615 -7.22585e-20)
(0.699256 0.941813 2.91088e-21)
(0.591939 0.890908 0)
(0.485622 0.83946 -3.86122e-19)
(0.405775 0.791034 0)
(0.29593 0.744323 4.67079e-19)
(0.217075 0.822037 -3.04508e-19)
(0.172104 1.44169 -2.5547e-19)
(0.179389 2.65932 -6.27183e-19)
(0.198427 3.12554 -3.13676e-19)
(0.188357 3.27199 -3.62624e-19)
(0.17312 3.31316 3.10306e-19)
(0.422443 0.434104 -2.44631e-19)
(0.914044 0.909468 1.5108e-20)
(1.08972 1.11566 -1.33925e-19)
(1.11214 1.14845 -6.77915e-19)
(1.0675 1.14239 0)
(1.01223 1.11102 0)
(0.946644 1.08203 0)
(0.873303 1.04735 -1.5146e-20)
(0.788339 1.0101 8.17389e-20)
(0.689389 0.967803 0)
(0.580873 0.92169 0)
(0.481141 0.877948 0)
(0.36872 0.835442 0)
(0.30748 0.829655 3.07679e-19)
(0.287029 1.18184 8.03535e-19)
(0.276124 2.3322 2.50609e-19)
(0.287062 3.08023 4.5797e-19)
(0.279019 3.29168 -2.94917e-19)
(0.22817 3.3602 1.08693e-19)
(0.193837 3.37289 0)
(0.420292 0.44264 2.47993e-19)
(0.907547 0.925283 -1.56244e-18)
(1.08036 1.13435 -4.42897e-19)
(1.10245 1.16843 -1.0809e-19)
(1.05777 1.16272 1.2347e-19)
(1.00266 1.13168 -8.69804e-19)
(0.937118 1.10315 5.88127e-20)
(0.864028 1.06927 3.9982e-19)
(0.778987 1.03284 0)
(0.67868 0.991494 -1.64583e-20)
(0.568871 0.946112 1.49719e-20)
(0.459373 0.903193 0)
(0.378598 0.876363 0)
(0.330503 1.00076 -3.81704e-19)
(0.296505 1.82967 1.37484e-21)
(0.293644 2.92665 -1.3602e-19)
(0.311719 3.29595 2.27472e-19)
(0.284836 3.39943 8.89802e-20)
(0.21664 3.42557 5.56497e-20)
(0.190369 3.43413 -2.99523e-20)
(0.418088 0.451178 4.77932e-19)
(0.901425 0.942934 1.49492e-18)
(1.07101 1.15484 5.4447e-19)
(1.09244 1.18953 0)
(1.04762 1.1837 0)
(0.992816 1.15261 6.66403e-19)
(0.92753 1.12447 -4.10374e-19)
(0.854554 1.0911 -3.67764e-19)
(0.769628 1.0562 -1.45142e-20)
(0.669841 1.01889 4.77049e-20)
(0.559194 0.981306 -2.83315e-19)
(0.451668 0.945926 0)
(0.373524 0.951848 0)
(0.348011 1.3427 -2.13444e-19)
(0.360633 2.43614 -2.78619e-19)
(0.402641 3.19875 0)
(0.428773 3.38488 3.02608e-20)
(0.358815 3.45051 2.04099e-19)
(0.283245 3.49517 -4.2162e-19)
(0.25815 3.52128 2.50559e-19)
(0.414947 0.460158 -9.05457e-19)
(0.893585 0.959528 -7.11319e-19)
(1.06025 1.17466 0)
(1.08156 1.21068 0)
(1.03688 1.20516 0)
(0.98235 1.17429 0)
(0.917226 1.14646 4.38198e-19)
(0.8447 1.11381 -4.77051e-19)
(0.760114 1.08005 0)
(0.660395 1.04317 -3.76456e-20)
(0.552363 1.00343 4.67392e-19)
(0.449748 0.974774 2.41607e-20)
(0.40002 1.06831 4.11769e-20)
(0.407314 1.71643 3.15503e-19)
(0.431171 2.87554 -9.81935e-20)
(0.466985 3.33027 0)
(0.449092 3.46218 -5.69507e-20)
(0.35847 3.55145 1.00248e-19)
(0.27333 3.62173 3.37909e-19)
(0.19692 3.60218 -2.91055e-19)
(0.411828 0.469205 4.29382e-19)
(0.886032 0.97925 -6.99647e-19)
(1.0492 1.19748 0)
(1.06989 1.23376 -1.73578e-19)
(1.02517 1.22784 6.58786e-19)
(0.971157 1.19661 0)
(0.906666 1.16896 0)
(0.834805 1.13667 8.92955e-19)
(0.751086 1.10398 1.40576e-20)
(0.652385 1.07096 -7.16732e-20)
(0.538628 1.04239 -1.98283e-19)
(0.449117 1.03315 1.54807e-19)
(0.412121 1.23141 0)
(0.448923 2.13274 -1.48537e-19)
(0.49811 3.13498 1.23969e-19)
(0.558386 3.43808 -3.13171e-20)
(0.552366 3.54308 0)
(0.482231 3.6392 -1.884e-19)
(0.405561 3.68464 -7.45211e-19)
(0.321269 3.65555 -1.89009e-19)
(0.40708 0.478571 -8.32674e-19)
(0.876087 0.997126 9.95627e-19)
(1.03633 1.21901 7.4142e-19)
(1.0572 1.25656 -1.92066e-19)
(1.01281 1.25083 -1.00514e-18)
(0.959296 1.21963 0)
(0.895208 1.19202 3.81921e-19)
(0.824056 1.16014 -3.65745e-19)
(0.740972 1.12856 -3.70686e-20)
(0.643084 1.0966 6.06313e-20)
(0.538218 1.0657 -1.08405e-21)
(0.4598 1.07723 -1.72121e-19)
(0.467001 1.44337 1.55145e-19)
(0.529803 2.50143 -8.02771e-21)
(0.595765 3.30379 1.02868e-19)
(0.650713 3.49919 -3.21972e-19)
(0.610367 3.56258 0)
(0.544809 3.57436 0)
(0.440948 3.54489 -8.76417e-19)
(0.196408 3.34215 1.73708e-18)
(0.402484 0.488206 3.94872e-19)
(0.866583 1.01908 9.61371e-19)
(1.02316 1.24439 -7.30222e-19)
(1.04359 1.28174 7.16806e-19)
(0.999324 1.27519 9.9442e-19)
(0.94663 1.24328 0)
(0.883631 1.21555 -4.15075e-19)
(0.813761 1.18383 -5.12637e-19)
(0.732439 1.15308 0)
(0.637429 1.12334 0)
(0.530261 1.1053 0)
(0.46804 1.16609 0)
(0.50148 1.6648 -1.63172e-19)
(0.587515 2.79288 4.5945e-20)
(0.669621 3.4072 0)
(0.716688 3.52083 2.00673e-19)
(0.713012 3.53031 0)
(0.783196 3.38328 3.29567e-19)
(0.879265 3.02381 -2.50599e-18)
(0.464056 2.66369 2.47442e-18)
(0.395815 0.4967 -7.73379e-19)
(0.853853 1.03805 -6.09434e-19)
(1.00768 1.26767 -4.70671e-19)
(1.02874 1.30628 -6.70432e-19)
(0.98505 1.29976 -4.72353e-19)
(0.933263 1.26764 0)
(0.871077 1.23967 -9.2777e-20)
(0.802376 1.20802 3.64273e-20)
(0.722272 1.17765 2.72585e-19)
(0.628247 1.14966 0)
(0.532886 1.13263 2.67974e-21)
(0.490356 1.23218 -3.0461e-21)
(0.568063 1.89845 0)
(0.677954 3.04121 -3.72165e-20)
(0.76816 3.45664 0)
(0.803234 3.50493 -3.41334e-19)
(0.806399 3.42852 8.73996e-19)
(0.799365 3.06007 -3.23932e-19)
(0.55199 2.06941 5.05432e-19)
(-0.356909 0.54588 -1.23751e-18)
(0.388798 0.506463 -1.28709e-20)
(0.841419 1.06205 -2.99898e-19)
(0.991641 1.29596 6.54377e-19)
(1.01253 1.33411 -1.88789e-20)
(0.9692 1.32644 -1.25458e-19)
(0.918542 1.29338 0)
(0.85789 1.26508 4.24826e-19)
(0.790987 1.23338 4.28922e-19)
(0.713126 1.20413 -5.27766e-19)
(0.620917 1.17757 2.87313e-19)
(0.532573 1.17615 1.1109e-19)
(0.515301 1.35485 0)
(0.61532 2.159 -8.00782e-20)
(0.737779 3.1898 9.23225e-20)
(0.821122 3.44085 2.06164e-19)
(0.83452 3.44848 0)
(0.768341 3.24611 -4.30311e-19)
(0.588094 2.45455 5.09654e-19)
(0.144212 0.775421 -6.0716e-19)
(-0.261391 -0.440904 -5.49925e-19)
(0.379278 0.513841 7.01065e-19)
(0.824782 1.08168 -2.88269e-19)
(0.972621 1.32118 4.36423e-19)
(0.994729 1.36095 3.44367e-19)
(0.95218 1.35338 2.42711e-19)
(0.90296 1.32007 6.34841e-19)
(0.843638 1.29145 -8.17366e-19)
(0.778545 1.25997 -5.25202e-19)
(0.703077 1.23071 5.7242e-19)
(0.613578 1.20714 7.40747e-20)
(0.540711 1.21421 5.32255e-20)
(0.550729 1.46467 8.64045e-20)
(0.691687 2.43524 -1.2397e-19)
(0.820236 3.28172 1.83089e-19)
(0.889379 3.42231 -3.01782e-19)
(0.862438 3.35883 3.06379e-19)
(0.728918 2.91516 -7.51175e-19)
(0.479119 1.80669 4.58544e-19)
(0.0754873 0.0928023 0)
(-0.0769371 -0.190917 -8.65596e-19)
(0.368986 0.522341 0)
(0.808094 1.10664 -1.08605e-18)
(0.952919 1.3522 2.35898e-20)
(0.975263 1.39159 -6.02854e-19)
(0.933362 1.38257 0)
(0.885678 1.34817 -4.53697e-19)
(0.828416 1.31915 6.95635e-19)
(0.76581 1.28723 4.91313e-19)
(0.69336 1.25905 -6.00204e-19)
(0.606795 1.23784 -2.90407e-19)
(0.545082 1.26349 -1.59038e-19)
(0.587546 1.61888 4.57718e-20)
(0.741927 2.65147 1.27238e-19)
(0.864339 3.3191 1.45752e-19)
(0.908872 3.37409 -3.18983e-19)
(0.841324 3.18668 4.96101e-19)
(0.615728 2.49363 3.45349e-19)
(0.147469 0.570523 -4.09141e-19)
(-0.128787 -0.247638 0)
(-0.111287 -0.209067 0)
(0.35489 0.527247 -6.49014e-19)
(0.78584 1.12508 1.05285e-18)
(0.929724 1.37874 0)
(0.953743 1.42047 0)
(0.912803 1.41163 0)
(0.86743 1.37691 0)
(0.812165 1.34731 -2.96983e-19)
(0.752107 1.31568 -1.48991e-20)
(0.682836 1.28808 -7.85748e-20)
(0.603964 1.27001 -3.85518e-20)
(0.55756 1.31701 3.36949e-19)
(0.631607 1.75526 -1.35018e-19)
(0.81706 2.86959 0)
(0.930761 3.32753 3.81304e-20)
(0.962727 3.32397 5.23285e-19)
(0.826938 2.99119 -2.10387e-19)
(0.464087 1.84576 3.49989e-19)
(0.0254939 0.0308403 2.01059e-19)
(-0.182862 -0.222429 -9.19901e-19)
(-0.0585713 -0.140018 -1.09238e-18)
(0.339276 0.532451 3.18376e-19)
(0.762819 1.14813 4.91348e-19)
(0.905718 1.41136 -9.40502e-21)
(0.930115 1.45335 2.91186e-19)
(0.890284 1.44273 0)
(0.847091 1.40669 7.27887e-19)
(0.794509 1.37665 -1.98967e-19)
(0.737881 1.34444 7.21586e-20)
(0.672652 1.3165 -3.21243e-20)
(0.599793 1.30185 -4.34983e-20)
(0.567757 1.37225 -2.13415e-19)
(0.677639 1.92783 1.82155e-19)
(0.86847 2.99911 1.71599e-19)
(0.962122 3.31173 1.18471e-19)
(0.948333 3.23461 -3.2721e-19)
(0.733499 2.6385 7.26744e-19)
(0.305695 1.13751 -4.26776e-19)
(-0.0758956 -0.23384 5.34713e-19)
(-0.201613 -0.248358 -1.5822e-18)
(-0.063461 -0.158228 1.1166e-18)
(0.319534 0.53258 -2.97806e-19)
(0.734564 1.16389 0)
(0.877493 1.43762 -3.65986e-19)
(0.903514 1.48352 -5.53776e-19)
(0.86516 1.47328 0)
(0.825512 1.43686 -5.54312e-19)
(0.775531 1.40579 0)
(0.722378 1.37278 -4.15295e-19)
(0.659668 1.34626 2.23807e-19)
(0.597618 1.33703 -4.47221e-19)
(0.584877 1.43921 3.05129e-19)
(0.728845 2.10183 -7.10156e-20)
(0.927492 3.09107 -4.49464e-19)
(1.01316 3.30002 2.39438e-19)
(0.984464 3.12956 -3.04769e-19)
(0.683833 2.34526 -2.28058e-19)
(0.141795 0.354866 5.50254e-19)
(-0.129316 -0.307367 -6.42403e-19)
(-0.142497 -0.260833 -6.41058e-22)
(-0.0669503 -0.131592 -1.15883e-19)
(0.298148 0.531428 5.78255e-19)
(0.70504 1.18298 -4.53835e-19)
(0.84754 1.46892 3.70046e-19)
(0.874241 1.51727 2.63099e-19)
(0.838125 1.50515 2.63906e-20)
(0.801382 1.46703 2.9583e-19)
(0.754756 1.43533 0)
(0.705965 1.40218 -3.18236e-20)
(0.648435 1.37455 0)
(0.595319 1.36937 4.18305e-19)
(0.601284 1.49787 -2.78218e-19)
(0.78096 2.25921 5.88512e-20)
(0.971911 3.14089 4.49839e-19)
(1.03632 3.26607 2.55275e-19)
(0.933079 2.96743 -1.38626e-19)
(0.527758 1.87089 2.33598e-19)
(0.0374724 -0.00203828 -7.68796e-19)
(-0.192343 -0.277475 -4.57452e-19)
(-0.123674 -0.268216 -1.82267e-19)
(-0.0558215 -0.0983835 8.51434e-19)
(0.272389 0.522481 4.16374e-21)
(0.669183 1.19209 2.25195e-19)
(0.812304 1.49199 0)
(0.841119 1.54679 4.91543e-19)
(0.807674 1.5361 -7.41809e-19)
(0.775417 1.49753 2.86815e-19)
(0.731804 1.46437 -2.07496e-19)
(0.688187 1.42881 3.5716e-19)
(0.636162 1.40168 -3.55471e-19)
(0.593176 1.4031 5.36346e-20)
(0.622137 1.56696 -3.42907e-19)
(0.828166 2.38885 -4.7461e-19)
(1.01866 3.17323 4.04096e-20)
(1.06671 3.24112 -4.88946e-19)
(0.941472 2.8174 -2.95437e-19)
(0.502497 1.53531 5.44165e-19)
(-0.0507681 -0.17014 -4.61226e-19)
(-0.203206 -0.275926 2.83909e-19)
(-0.138907 -0.294961 1.3935e-21)
(-0.0368697 -0.0892254 -7.91048e-19)
(0.244404 0.509072 1.05103e-18)
(0.630454 1.20163 -2.19185e-19)
(0.774264 1.51863 -6.35082e-19)
(0.804921 1.57834 5.15491e-19)
(0.775384 1.56688 -3.33861e-19)
(0.746134 1.52626 5.41874e-19)
(0.706887 1.4921 3.58255e-19)
(0.668329 1.45587 0)
(0.622177 1.42714 4.13951e-19)
(0.587988 1.43352 -6.38372e-20)
(0.639153 1.61679 8.1359e-20)
(0.882279 2.48137 4.78856e-19)
(1.06298 3.18534 4.96868e-20)
(1.07822 3.22305 8.68057e-21)
(0.834736 2.67741 -4.25672e-19)
(0.308837 1.02952 -1.73407e-19)
(-0.191796 -0.0467189 4.71105e-19)
(-0.249489 -0.248063 2.64383e-19)
(-0.221755 -0.280852 7.71775e-20)
(-0.00635381 -0.0376354 7.32991e-19)
(0.211783 0.483977 0)
(0.584355 1.19695 2.04289e-19)
(0.729926 1.53453 -2.90622e-19)
(0.764409 1.60452 4.92146e-19)
(0.739129 1.5962 -6.7408e-19)
(0.71401 1.55513 2.74177e-19)
(0.678445 1.51894 0)
(0.646446 1.48039 0)
(0.609903 1.44901 0)
(0.582345 1.46037 1.13164e-19)
(0.656729 1.66845 -1.0613e-19)
(0.926737 2.54047 9.62298e-20)
(1.11203 3.19287 3.72886e-19)
(1.10373 3.21562 3.15036e-19)
(0.799304 2.58355 -5.8226e-19)
(0.129524 0.918106 2.97047e-19)
(-0.40602 -0.0295329 4.35762e-21)
(-0.487938 -0.4555 -7.16874e-19)
(-0.453607 -0.543355 1.18366e-19)
(-0.141825 -0.26533 0)
(0.176969 0.450524 9.47775e-19)
(0.53415 1.18801 -1.9104e-19)
(0.681932 1.55141 4.16155e-21)
(0.720038 1.63062 0)
(0.699512 1.6227 -3.17241e-19)
(0.677554 1.58017 1.7629e-20)
(0.647638 1.54306 0)
(0.621455 1.50175 1.1328e-19)
(0.593112 1.46836 -8.93812e-20)
(0.576803 1.47758 0)
(0.663685 1.68958 0)
(0.972988 2.54639 -2.27943e-19)
(1.19101 3.18299 -4.03005e-19)
(1.18324 3.21267 4.66285e-20)
(0.859862 2.56421 -2.48065e-19)
(0.193877 0.987727 2.73889e-19)
(-0.341331 0.0430005 0)
(-0.610712 -0.749995 -6.71734e-19)
(-0.649236 -1.04438 -9.80698e-19)
(-0.39764 -0.909173 2.56191e-18)
(0.138932 0.401496 7.80237e-19)
(0.476132 1.1582 -1.81457e-19)
(0.626944 1.55277 2.6636e-19)
(0.670773 1.64999 -6.56272e-19)
(0.655811 1.64724 0)
(0.63819 1.60496 0)
(0.61297 1.56465 0)
(0.593524 1.5216 1.08906e-19)
(0.575052 1.48025 -8.58802e-20)
(0.563935 1.48479 0)
(0.6595 1.69276 0)
(1.01713 2.51396 3.66833e-19)
(1.28549 3.15267 -2.36474e-19)
(1.35602 3.18697 1.81926e-19)
(1.11939 2.65509 8.3516e-19)
(0.576746 1.18571 0)
(-0.0393273 0.13435 -2.50109e-19)
(-0.442788 -0.875306 -2.74739e-19)
(-0.639852 -1.32675 2.72752e-18)
(-0.485085 -1.34326 -3.21535e-18)
(0.100404 0.340833 -7.26322e-19)
(0.413303 1.11741 1.85866e-19)
(0.567047 1.55065 5.43021e-19)
(0.615553 1.66543 3.8493e-19)
(0.605762 1.66494 -3.11245e-19)
(0.592883 1.62361 -2.17151e-19)
(0.572497 1.5821 1.55575e-19)
(0.558923 1.53607 0)
(0.550992 1.4894 0)
(0.550488 1.48199 0)
(0.642613 1.66839 -1.84195e-19)
(1.02088 2.40879 -3.35661e-19)
(1.38914 3.06448 2.2178e-19)
(1.56227 3.06053 -1.45144e-19)
(1.48551 2.67401 -1.1187e-19)
(1.16443 1.7087 0)
(0.578524 0.572672 3.48165e-19)
(0.0580479 -0.407655 -1.68911e-18)
(-0.315028 -1.35205 3.68954e-18)
(-0.472573 -1.53547 -1.99323e-18)
(0.0624289 0.265267 7.71291e-19)
(0.342279 1.04532 -6.33746e-19)
(0.499429 1.5251 0)
(0.555154 1.67192 1.88022e-19)
(0.552149 1.68051 1.3857e-19)
(0.54414 1.64221 3.03868e-19)
(0.529648 1.59582 -1.45435e-19)
(0.520756 1.546 0)
(0.514861 1.49442 0)
(0.533518 1.46524 -2.79713e-19)
(0.611648 1.61094 2.43382e-20)
(0.982144 2.26197 1.58211e-19)
(1.34978 2.92689 1.05398e-19)
(1.54108 2.86498 1.21481e-19)
(1.46089 2.61159 -3.41828e-19)
(1.30429 1.96144 1.80837e-19)
(0.844566 0.935382 -1.84135e-19)
(0.404561 -0.0140475 0)
(-0.0059665 -0.829623 2.48198e-20)
(-0.178232 -1.08224 -1.39948e-19)
(0.0281987 0.184691 7.99019e-19)
(0.266408 0.955042 0)
(0.425677 1.48715 0)
(0.48789 1.66699 0)
(0.489918 1.68524 1.17576e-19)
(0.488016 1.65224 -2.93302e-19)
(0.476862 1.60326 -1.3357e-19)
(0.472491 1.55253 0)
(0.471436 1.49035 0)
(0.49432 1.44293 1.7297e-19)
(0.537487 1.54289 7.30001e-20)
(0.828121 1.99134 -6.53433e-20)
(1.21213 2.77186 -7.8509e-20)
(1.35406 2.72901 -1.39116e-19)
(1.33226 2.56597 1.22617e-19)
(1.23421 2.15147 -4.23918e-19)
(0.931993 1.42733 3.90698e-19)
(0.546845 0.61332 0)
(0.187831 -0.114594 -2.31815e-20)
(-0.0541977 -0.524365 -9.18985e-19)
(0.00587308 0.117324 -7.64687e-19)
(0.183607 0.819297 2.64045e-19)
(0.345538 1.41494 4.07027e-19)
(0.414625 1.64962 -2.18912e-20)
(0.424764 1.68641 -2.47898e-19)
(0.425598 1.66088 -1.64242e-19)
(0.41965 1.60879 3.73296e-19)
(0.416835 1.55171 -8.39409e-21)
(0.415287 1.48965 0)
(0.435894 1.41926 4.33812e-20)
(0.441466 1.47308 -9.35996e-21)
(0.613015 1.78228 4.41611e-20)
(0.950471 2.58081 0)
(1.05662 2.64711 4.54005e-20)
(1.04157 2.57493 0)
(0.980629 2.33773 9.32922e-20)
(0.818814 1.87145 8.22373e-20)
(0.53619 1.19908 0)
(0.265589 0.577874 0)
(0.0637396 0.125708 -1.22619e-18)
(-0.00192478 0.0592957 6.28324e-19)
(0.106584 0.64915 -2.35702e-19)
(0.266447 1.31283 1.84532e-19)
(0.337479 1.60784 -2.90291e-19)
(0.351649 1.67332 1.12761e-19)
(0.358066 1.66016 -3.86307e-20)
(0.354163 1.60932 2.50451e-20)
(0.356577 1.54862 -4.90653e-20)
(0.339771 1.4917 -3.14772e-20)
(0.361392 1.39881 -2.53382e-20)
(0.349716 1.41795 5.23067e-21)
(0.394912 1.65529 0)
(0.661058 2.41157 6.66521e-21)
(0.750853 2.64523 0)
(0.73001 2.63714 0)
(0.687068 2.53286 0)
(0.603523 2.26111 5.92982e-19)
(0.427339 1.76761 -1.56292e-18)
(0.238328 1.24728 3.11147e-21)
(0.0880163 0.689771 1.11729e-18)
(0.00389697 0.00234226 1.11431e-19)
(0.0428845 0.401653 1.04649e-19)
(0.188419 1.15807 -8.52719e-20)
(0.256215 1.54724 -6.34604e-20)
(0.276637 1.65349 5.09063e-20)
(0.283516 1.65094 3.59694e-20)
(0.28308 1.6096 2.57275e-20)
(0.287307 1.54864 0)
(0.267508 1.48948 -1.31553e-20)
(0.277011 1.40036 -7.94922e-21)
(0.2699 1.40485 1.73257e-20)
(0.237006 1.58622 0)
(0.40901 2.28733 5.60466e-21)
(0.510202 2.67064 -1.38341e-20)
(0.455056 2.74606 0)
(0.413331 2.71797 0)
(0.361771 2.56581 -3.12515e-20)
(0.256693 2.20405 0)
(0.138015 1.73573 -2.55362e-20)
(0.0464577 1.03836 0)
(0.0119869 -0.0665417 0)
(0.0115038 0.199188 0)
(0.0991588 0.939156 0)
(0.164463 1.43186 0)
(0.192954 1.60917 -1.25649e-33)
(0.207223 1.6306 9.43984e-34)
(0.211871 1.60702 0)
(0.220286 1.54636 0)
(0.215041 1.48944 0)
(0.203705 1.41975 0)
(0.204502 1.41936 0)
(0.148964 1.55308 0)
(0.243564 2.19329 0)
(0.336196 2.68405 0)
(0.280318 2.82986 0)
(0.238459 2.84285 0)
(0.208475 2.76096 0)
(0.138293 2.49812 0)
(0.0549588 2.07087 0)
(0.00588604 1.2803 0)
(0.00954414 -0.0999701 0)
(-0.00609738 0.166823 0)
(0.0221454 0.813993 0)
(0.0770563 1.33974 0)
(0.107172 1.55954 0)
(0.133727 1.60377 0)
(0.144216 1.59371 0)
(0.16287 1.54171 0)
(0.165117 1.49559 0)
(0.142222 1.44148 0)
(0.147116 1.43419 0)
(0.0882633 1.53631 0)
(0.145266 2.13993 0)
(0.217174 2.69167 0)
(0.174288 2.88584 0)
(0.137086 2.92746 0)
(0.11036 2.87933 0)
(0.0624364 2.65623 0)
(0.0111279 2.22321 0)
(-0.00905179 1.33479 0)
(-0.001518 -0.0881395 0)
(-0.0168212 0.183481 0)
(-0.0232396 0.748618 0)
(0.012166 1.26392 0)
(0.0395461 1.50425 0)
(0.0724322 1.56964 0)
(0.0894145 1.5715 0)
(0.112672 1.53697 0)
(0.113095 1.50092 0)
(0.0976647 1.46003 0)
(0.0920946 1.44984 0)
(0.0422472 1.52792 0)
(0.0694822 2.09337 0)
(0.13095 2.70091 0)
(0.0924454 2.93113 0)
(0.0615726 3.00214 0)
(0.0424974 2.97713 0)
(0.0115076 2.76599 0)
(-0.0118914 2.33181 0)
(-0.0150461 1.31629 0)
(-0.00512875 -0.0442822 0)
(-0.0265116 0.239959 0)
(-0.0476202 0.748673 0)
(-0.0287625 1.20164 0)
(-0.00285586 1.44124 0)
(0.0308482 1.52529 0)
(0.0535535 1.54057 0)
(0.0763921 1.52912 0)
(0.0798271 1.49744 0)
(0.0781669 1.4759 0)
(0.0505821 1.47377 0)
(0.0116231 1.5329 0)
(0.00358281 2.05963 0)
(0.0637445 2.71393 0)
(0.0212374 2.97077 0)
(0.00499447 3.06173 0)
(-0.00633413 3.03397 0)
(-0.0216937 2.82097 0)
(-0.0357051 2.33553 0)
(-0.0177774 1.24756 0)
(-0.00596072 0.0168375 0)
(-0.0290517 0.321522 0)
(-0.0547162 0.766192 0)
(-0.0477751 1.1552 0)
(-0.0241655 1.37735 0)
(0.00661411 1.47317 0)
(0.0353242 1.50087 0)
(0.0593379 1.51263 0)
(0.0725235 1.48852 0)
(0.0784141 1.49065 0)
(0.039305 1.50683 0)
(-0.00875257 1.55777 0)
(-0.0390247 2.03624 0)
(0.00808749 2.71487 0)
(-0.0260322 2.9958 0)
(-0.0262357 3.08888 0)
(-0.0321825 3.05572 0)
(-0.0419655 2.84115 0)
(-0.0436659 2.3116 0)
(-0.0229386 1.12484 0)
(-0.00531316 0.076929 0)
(-0.0248214 0.400574 0)
(-0.0513176 0.798864 0)
(-0.050724 1.12738 0)
(-0.031796 1.32305 0)
(-0.00185731 1.42023 0)
(0.0296 1.45685 0)
(0.0616941 1.48432 0)
(0.0805932 1.47772 0)
(0.0937241 1.50093 0)
(0.065658 1.54388 0)
(-0.00483164 1.59651 0)
(-0.0496061 2.02961 0)
(-0.01255 2.71682 0)
(-0.0420643 3.0043 0)
(-0.0376929 3.09535 0)
(-0.0485943 3.0671 0)
(-0.0579651 2.83639 0)
(-0.0503009 2.25898 0)
(-0.0266893 0.979397 0)
(-0.00340739 0.124972 0)
(-0.0174329 0.466982 0)
(-0.0389082 0.837866 0)
(-0.041331 1.11218 0)
(-0.026416 1.2785 0)
(0.00581198 1.36804 0)
(0.0392224 1.40947 0)
(0.0863317 1.44409 0)
(0.114479 1.45536 0)
(0.138674 1.50303 0)
(0.132516 1.58502 0)
(0.0373869 1.65614 0)
(-0.0449491 2.03303 0)
(-0.0106791 2.71937 0)
(-0.0417463 3.01564 0)
(-0.04633 3.1083 0)
(-0.0615155 3.08812 0)
(-0.070846 2.8203 0)
(-0.0547353 2.16298 0)
(-0.0227019 0.828348 0)
(-0.0013685 0.155875 0)
(-0.0099631 0.513157 0)
(-0.0236759 0.86706 0)
(-0.0243373 1.10101 0)
(-0.00999077 1.23622 0)
(0.026756 1.31032 0)
(0.0655562 1.35099 0)
(0.131499 1.38675 0)
(0.173162 1.41298 0)
(0.239624 1.48963 0)
(0.216162 1.63091 0)
(0.114954 1.75061 0)
(-0.035977 2.05671 0)
(-0.00471466 2.73096 0)
(-0.0466037 3.04083 0)
(-0.0552107 3.14184 0)
(-0.0722337 3.1053 0)
(-0.0675518 2.80173 0)
(-0.0536421 2.08072 0)
(-0.0127568 0.697834 0)
(0.000357981 0.169199 0)
(-0.00356913 0.538643 0)
(-0.0098474 0.879132 0)
(-0.00566413 1.08492 0)
(0.0117228 1.18893 0)
(0.053246 1.24285 0)
(0.1004 1.2768 0)
(0.181675 1.30807 0)
(0.237327 1.34919 0)
(0.338048 1.46425 0)
(0.296775 1.69265 0)
(0.191596 1.88471 0)
(-0.0378044 2.1271 0)
(-0.0201366 2.75293 0)
(-0.0715086 3.08009 0)
(-0.0715522 3.17291 0)
(-0.083168 3.10417 0)
(-0.0630318 2.76647 0)
(-0.0511925 2.00039 0)
(0.000788598 0.599663 0)
(0.00176266 0.168601 0)
(0.0019725 0.546394 0)
(0.000187143 0.875789 0)
(0.0103389 1.05652 0)
(0.0328785 1.1329 0)
(0.0775473 1.16647 0)
(0.133044 1.18927 0)
(0.221809 1.21261 0)
(0.296783 1.26838 0)
(0.404531 1.42968 0)
(0.35605 1.77307 0)
(0.241867 2.056 0)
(-0.0285138 2.25849 0)
(-0.0519865 2.79461 0)
(-0.0940875 3.10932 0)
(-0.101445 3.17971 0)
(-0.098682 3.0821 0)
(-0.0904531 2.70411 0)
(-0.0481324 1.83807 0)
(0.00969703 0.531991 0)
(0.00304089 0.156732 0)
(0.00488437 0.543979 0)
(0.00624819 0.86076 0)
(0.0201114 1.01604 0)
(0.0464065 1.06912 0)
(0.0906624 1.08455 0)
(0.150271 1.09315 0)
(0.23894 1.10756 0)
(0.327955 1.18031 0)
(0.422158 1.39742 0)
(0.379885 1.86427 0)
(0.275873 2.23605 0)
(0.0275305 2.40625 0)
(-0.0521011 2.85455 0)
(-0.104506 3.1488 0)
(-0.129042 3.19 0)
(-0.12948 3.06586 0)
(-0.133676 2.61983 0)
(-0.0406963 1.58739 0)
(0.00550033 0.480389 0)
(0.00339212 0.139178 0)
(0.00573508 0.537148 0)
(0.00705296 0.841007 0)
(0.0211227 0.971109 0)
(0.0461721 1.00536 0)
(0.08504 1.00503 0)
(0.140754 0.997856 0)
(0.220902 1.0043 0)
(0.304537 1.09158 0)
(0.395226 1.37767 0)
(0.354413 1.94375 0)
(0.289496 2.38372 0)
(0.0821249 2.5757 0)
(-0.0694386 2.9692 0)
(-0.141398 3.21353 0)
(-0.175632 3.23573 0)
(-0.196422 3.04618 0)
(-0.153258 2.45817 0)
(-0.0312139 1.33341 0)
(-0.00346623 0.427307 0)
(0.00287058 0.123066 0)
(0.00378882 0.5348 0)
(0.00169049 0.826726 0)
(0.0115968 0.933846 0)
(0.0281451 0.953449 0)
(0.0552142 0.939626 0)
(0.0951146 0.91926 0)
(0.151841 0.919857 0)
(0.208693 1.01687 0)
(0.272629 1.36186 0)
(0.251944 1.99798 0)
(0.213871 2.50562 0)
(-0.015293 2.80013 0)
(-0.185677 3.17634 0)
(-0.255063 3.32012 0)
(-0.285212 3.28253 0)
(-0.267257 2.95179 0)
(-0.143105 2.11041 0)
(-0.0319388 1.12507 0)
(-0.00837617 0.358006 0)
(0.00180589 0.114554 0)
(-0.000502306 0.543809 0)
(-0.00746682 0.826109 0)
(-0.00675988 0.917438 0)
(-0.00430492 0.927721 0)
(0.00481107 0.90381 0)
(0.0174523 0.87717 0)
(0.0339258 0.875443 0)
(0.0443179 0.988411 0)
(0.0329922 1.36931 0)
(-0.00911099 2.05074 0)
(-0.0370629 2.66363 0)
(-0.284477 3.03192 0)
(-0.358484 3.31388 0)
(-0.395422 3.37763 0)
(-0.363763 3.22355 0)
(-0.267969 2.74631 0)
(-0.0957851 1.78045 0)
(-0.0309729 0.967025 0)
(-0.00865605 0.278551 0)
(4.99678e-05 0.117895 0)
(-0.00631451 0.571692 0)
(-0.0205743 0.847291 0)
(-0.0294866 0.928129 0)
(-0.0470998 0.935702 0)
(-0.058648 0.907896 0)
(-0.077908 0.88161 0)
(-0.108308 0.886357 0)
(-0.15864 1.01723 0)
(-0.238047 1.41783 0)
(-0.334875 2.11751 0)
(-0.361868 2.80194 0)
(-0.53389 3.14228 0)
(-0.523824 3.31699 0)
(-0.483554 3.32589 0)
(-0.397506 3.04766 0)
(-0.180387 2.2798 0)
(-0.0519264 1.54965 0)
(-0.0184263 0.861271 0)
(-0.00536789 0.215692 0)
(-0.00170615 0.135125 0)
(-0.0118485 0.616527 0)
(-0.03331 0.897947 0)
(-0.0538089 0.976243 0)
(-0.0876765 0.982103 0)
(-0.120549 0.956602 0)
(-0.170074 0.935981 0)
(-0.241816 0.94936 0)
(-0.342673 1.09201 0)
(-0.466797 1.50411 0)
(-0.601866 2.19745 0)
(-0.612567 2.85249 0)
(-0.661304 3.13243 0)
(-0.602741 3.23452 0)
(-0.503573 3.17907 0)
(-0.299662 2.62264 0)
(-0.0889897 1.91343 0)
(-0.0249981 1.40619 0)
(-0.0075784 0.806374 0)
(-0.00270001 0.181758 0)
(-0.00288693 0.164517 0)
(-0.0159123 0.675468 0)
(-0.0423648 0.967385 0)
(-0.0724767 1.0506 0)
(-0.119199 1.0585 0)
(-0.170264 1.04042 0)
(-0.243222 1.03064 0)
(-0.344097 1.05529 0)
(-0.475198 1.20236 0)
(-0.616302 1.60691 0)
(-0.736322 2.27033 0)
(-0.728481 2.82491 0)
(-0.701008 3.04559 0)
(-0.569469 3.11219 0)
(-0.404013 2.85327 0)
(-0.132066 2.19808 0)
(-0.0297699 1.71192 0)
(-0.00038481 1.33817 0)
(0.00153046 0.791364 0)
(0.000161384 0.173013 0)
(-0.00335955 0.200786 0)
(-0.0171318 0.742204 0)
(-0.0458108 1.05393 0)
(-0.0809565 1.1472 0)
(-0.134474 1.16157 0)
(-0.195656 1.15238 0)
(-0.280541 1.15443 0)
(-0.394403 1.18886 0)
(-0.536206 1.33043 0)
(-0.678718 1.70004 0)
(-0.75445 2.3163 0)
(-0.741087 2.76027 0)
(-0.639619 2.93012 0)
(-0.430078 2.83447 0)
(-0.211355 2.44582 0)
(-0.0149602 1.94333 0)
(0.00893459 1.63144 0)
(0.0189618 1.32482 0)
(0.00964899 0.804064 0)
(0.00250713 0.185502 0)
(-0.00333481 0.238489 0)
(-0.0160651 0.808252 0)
(-0.0442089 1.14351 0)
(-0.0810932 1.24877 0)
(-0.1364 1.27125 0)
(-0.200897 1.27105 0)
(-0.287444 1.2846 0)
(-0.400427 1.32848 0)
(-0.537568 1.46246 0)
(-0.662499 1.78354 0)
(-0.728274 2.32439 0)
(-0.667717 2.66294 0)
(-0.457273 2.70412 0)
(-0.243906 2.52606 0)
(-0.0560916 2.16534 0)
(0.0406714 1.82965 0)
(0.0340003 1.62092 0)
(0.0270048 1.33741 0)
(0.0136794 0.84368 0)
(0.00302602 0.211403 0)
(-0.00291931 0.272892 0)
(-0.0133562 0.868078 0)
(-0.0381671 1.23294 0)
(-0.0726838 1.3546 0)
(-0.124048 1.38553 0)
(-0.18438 1.39187 0)
(-0.263029 1.4125 0)
(-0.36196 1.46043 0)
(-0.479903 1.58108 0)
(-0.570715 1.85086 0)
(-0.614157 2.28757 0)
(-0.47349 2.49766 0)
(-0.265444 2.46589 0)
(-0.0918803 2.2895 0)
(0.0293893 2.00664 0)
(0.0593996 1.80404 0)
(0.0450435 1.63719 0)
(0.0293591 1.38292 0)
(0.0126729 0.886328 0)
(0.00308377 0.24067 0)
(-0.00234536 0.30106 0)
(-0.0103178 0.916385 0)
(-0.0307939 1.30721 0)
(-0.061678 1.44398 0)
(-0.107178 1.48214 0)
(-0.161013 1.49343 0)
(-0.228476 1.51788 0)
(-0.309429 1.56657 0)
(-0.400762 1.67133 0)
(-0.461948 1.89052 0)
(-0.439083 2.21463 0)
(-0.299935 2.34911 0)
(-0.128149 2.2845 0)
(-0.00686441 2.13896 0)
(0.0579622 1.94097 0)
(0.0617182 1.80777 0)
(0.0437181 1.67986 0)
(0.0246531 1.43229 0)
(0.0107008 0.923456 0)
(0.00273396 0.268184 0)
(-0.00171902 0.322631 0)
(-0.00733886 0.955063 0)
(-0.0227711 1.37353 0)
(-0.0481336 1.52957 0)
(-0.0849234 1.57386 0)
(-0.12908 1.58735 0)
(-0.18268 1.61053 0)
(-0.244387 1.65366 0)
(-0.309968 1.73631 0)
(-0.349614 1.89941 0)
(-0.303821 2.1331 0)
(-0.177334 2.21891 0)
(-0.0499671 2.1496 0)
(0.0272883 2.04361 0)
(0.0567622 1.91512 0)
(0.0532213 1.82604 0)
(0.033261 1.72341 0)
(0.0183286 1.47179 0)
(0.00823753 0.953741 0)
(0.00211013 0.291275 0)
(-0.0012017 0.337585 0)
(-0.00503657 0.98126 0)
(-0.0164298 1.41798 0)
(-0.0375299 1.58801 0)
(-0.0675903 1.63629 0)
(-0.104521 1.6518 0)
(-0.147633 1.67316 0)
(-0.195415 1.71118 0)
(-0.242704 1.77725 0)
(-0.268153 1.89691 0)
(-0.221558 2.06248 0)
(-0.113568 2.12291 0)
(-0.0214557 2.06742 0)
(0.0273173 1.99642 0)
(0.0446554 1.91424 0)
(0.0350881 1.85488 0)
(0.0217073 1.75774 0)
(0.0117115 1.49884 0)
(0.00546619 0.974767 0)
(0.00138949 0.307876 0)
(-0.000777645 0.348164 0)
(-0.00320578 1.00249 0)
(-0.0108512 1.46011 0)
(-0.0265031 1.64887 0)
(-0.0484921 1.70153 0)
(-0.0760689 1.71701 0)
(-0.107365 1.73359 0)
(-0.141367 1.76253 0)
(-0.173323 1.80984 0)
(-0.189474 1.89041 0)
(-0.154095 1.99822 0)
(-0.0743785 2.0389 0)
(-0.0122991 2.00101 0)
(0.0174979 1.95799 0)
(0.0273672 1.91086 0)
(0.0213642 1.87066 0)
(0.0137313 1.77888 0)
(0.00750721 1.51536 0)
(0.00366992 0.98856 0)
(0.00091276 0.318964 0)
(-0.000519004 0.354226 0)
(-0.00212218 1.01318 0)
(-0.00781931 1.47928 0)
(-0.0207573 1.6761 0)
(-0.0391287 1.73094 0)
(-0.0625538 1.74695 0)
(-0.0884388 1.76136 0)
(-0.115828 1.78615 0)
(-0.140291 1.82475 0)
(-0.151496 1.88586 0)
(-0.124285 1.963 0)
(-0.0629529 1.99557 0)
(-0.0167808 1.97228 0)
(0.00473 1.94576 0)
(0.0127181 1.91406 0)
(0.0103159 1.88156 0)
(0.00711812 1.79147 0)
(0.00416947 1.52478 0)
(0.00224143 0.997376 0)
(0.000534697 0.326253 0)
(-0.000297669 0.35929 0)
(-0.00123715 1.02608 0)
(-0.00463457 1.50881 0)
(-0.0130255 1.72208 0)
(-0.0248068 1.7817 0)
(-0.0399403 1.79662 0)
(-0.0560995 1.80595 0)
(-0.0733864 1.82154 0)
(-0.0881873 1.8453 0)
(-0.0952901 1.88068 0)
(-0.0813234 1.92264 0)
(-0.0479148 1.94091 0)
(-0.0214987 1.93038 0)
(-0.00762393 1.91841 0)
(-0.000115092 1.90332 0)
(0.0015894 1.88007 0)
(0.00176655 1.79385 0)
(0.00123556 1.52734 0)
(0.000715478 1.00083 0)
(0.00016394 0.329637 0)
(-0.262824 1.64298 1.79523e-22)
(0.41251 3.2628 -1.76894e-19)
(0.0974086 3.48666 2.72557e-19)
(0.209333 3.44955 0)
(0.173133 3.3979 0)
(0.167916 3.34768 -1.86773e-19)
(0.170435 3.32166 2.38422e-19)
(0.142523 3.27183 -2.51664e-19)
(0.122524 3.16952 5.09041e-21)
(0.112783 2.56594 4.00001e-19)
(-0.104021 2.3771 5.64142e-23)
(0.142932 3.31688 1.74679e-19)
(0.0149876 3.4495 0)
(0.105775 3.39922 0)
(0.0818761 3.35113 5.54008e-21)
(0.0878899 3.31071 4.18527e-19)
(0.0831923 3.27464 -2.53156e-19)
(0.057654 3.23684 -4.83145e-21)
(0.0550924 3.07594 4.61114e-21)
(0.00196272 2.07895 0)
(-0.0272331 2.10064 9.46564e-21)
(0.0923837 3.15645 -1.05895e-20)
(0.0328437 3.35494 0)
(0.0802864 3.32995 1.87785e-19)
(0.0590065 3.30507 -1.48009e-21)
(0.0603381 3.2819 -2.30583e-19)
(0.0504369 3.26677 -3.22587e-19)
(0.0348363 3.24374 -2.38176e-22)
(0.043137 3.11574 4.78546e-21)
(-0.0161645 2.20783 0)
(-0.0393719 2.03933 4.42885e-20)
(0.0311987 3.12951 0)
(-0.00960786 3.31493 -1.01534e-19)
(0.0269354 3.31027 -6.58467e-20)
(0.020149 3.28646 8.67379e-21)
(0.0268294 3.26229 -1.68718e-19)
(0.0309734 3.24475 1.44729e-19)
(0.0238648 3.23241 -5.57808e-21)
(0.0435915 3.12307 7.49155e-21)
(0.00792215 2.24793 1.97685e-19)
(-0.0460158 2.03512 -5.6021e-20)
(0.016887 3.09604 0)
(-0.0041486 3.27034 2.35093e-19)
(0.0165619 3.26339 -1.34472e-19)
(0.0165288 3.24898 -7.2882e-22)
(0.0198829 3.23715 -7.87806e-21)
(0.022473 3.23339 -1.53546e-20)
(0.0232397 3.22303 -2.05167e-19)
(0.0439169 3.12595 5.58794e-21)
(-0.00308579 2.31074 -4.18738e-19)
(-0.0522639 2.08862 0)
(-0.00781193 3.08899 -1.45172e-19)
(-0.02698 3.24561 2.25058e-20)
(-0.0122552 3.2482 -1.03526e-20)
(-0.00348588 3.23305 1.06395e-20)
(0.00460598 3.22024 1.78594e-19)
(0.0175519 3.21018 1.89829e-19)
(0.0218965 3.20509 4.08591e-19)
(0.0429392 3.12355 2.30325e-19)
(0.0109433 2.35344 -1.6405e-20)
(-0.0480573 2.14706 0)
(-0.0182596 3.08482 1.50163e-19)
(-0.0177267 3.21503 -1.59961e-19)
(-0.0103707 3.21315 -1.16495e-20)
(0.000788952 3.20257 2.42424e-20)
(0.00859254 3.19551 3.78963e-22)
(0.0165532 3.19579 -1.32514e-20)
(0.0222374 3.19046 -2.16036e-19)
(0.0427235 3.12072 -2.24463e-19)
(0.00380374 2.41923 -1.70983e-20)
(-0.0500063 2.22743 1.87033e-19)
(-0.0280625 3.08544 -8.6754e-21)
(-0.0314988 3.19476 6.00655e-21)
(-0.0229678 3.1961 0)
(-0.0126309 3.18593 0)
(-0.00104033 3.1783 0)
(0.0142464 3.17113 0)
(0.0210268 3.1693 2.51424e-19)
(0.0410871 3.11261 -2.60617e-19)
(0.0156074 2.46368 2.54275e-19)
(-0.044552 2.31055 2.54384e-20)
(-0.0324726 3.08698 2.11053e-19)
(-0.0202731 3.17001 0)
(-0.01447 3.16554 -1.40465e-20)
(-0.00386137 3.15764 1.43686e-20)
(0.00561547 3.1529 0)
(0.0144517 3.15457 -7.91522e-21)
(0.0207675 3.15244 -2.43966e-19)
(0.0403494 3.10893 2.61546e-19)
(0.0103159 2.53285 0)
(-0.0450649 2.40112 1.75816e-20)
(-0.0363589 3.08545 -3.26407e-19)
(-0.0303086 3.14992 0)
(-0.022489 3.14712 0)
(-0.0135062 3.13936 1.5832e-20)
(-0.00217423 3.13398 -1.35109e-19)
(0.0122402 3.1285 -1.677e-20)
(0.0193666 3.1294 1.44992e-19)
(0.0384047 3.09618 0)
(0.0194028 2.58103 0)
(-0.0386801 2.49373 -3.4715e-19)
(-0.0381291 3.0837 1.1734e-19)
(-0.0201524 3.12443 0)
(-0.0130318 3.11616 0)
(-0.0035527 3.10941 0)
(0.00566108 3.10628 2.81008e-19)
(0.0138806 3.10919 0)
(0.0201127 3.1104 -1.54772e-19)
(0.038004 3.09038 9.64466e-21)
(0.0148138 2.65372 1.65225e-19)
(-0.0386711 2.58666 1.25766e-19)
(-0.040466 3.07406 -1.23939e-20)
(-0.0300403 3.10107 1.50198e-19)
(-0.0213143 3.09506 1.46378e-19)
(-0.0124132 3.08856 0)
(-0.000869727 3.08452 -1.45671e-19)
(0.0130463 3.08087 0)
(0.0211863 3.08458 0)
(0.0383532 3.07224 0)
(0.0224372 2.70643 -1.65992e-19)
(-0.0342258 2.68092 -1.38407e-19)
(-0.0428438 3.06377 1.43148e-19)
(-0.0230466 3.0721 -1.41679e-19)
(-0.0131182 3.06198 -2.25043e-19)
(-0.00290904 3.05681 0)
(0.00724038 3.05521 2.02515e-20)
(0.0163063 3.05916 -1.03243e-20)
(0.0247263 3.06291 7.77903e-20)
(0.041792 3.06152 9.6492e-20)
(0.0207004 2.78034 -9.94623e-20)
(-0.0352238 2.77009 1.41977e-19)
(-0.0468824 3.04318 -1.37399e-19)
(-0.0330452 3.04546 9.90364e-21)
(-0.0208841 3.04037 5.77383e-20)
(-0.0110061 3.03642 -8.4155e-20)
(0.0002806 3.0341 0)
(0.0143031 3.03158 9.05939e-20)
(0.025769 3.03564 4.95027e-21)
(0.0445304 3.03669 -1.88094e-19)
(0.0287728 2.83263 -6.54982e-21)
(-0.0289627 2.85732 -4.1986e-20)
(-0.0437061 3.02331 1.01538e-20)
(-0.0227832 3.01807 -5.28484e-20)
(-0.0110121 3.01452 2.16568e-20)
(-0.00219548 3.01408 1.02736e-19)
(0.00628966 3.01348 -4.39093e-20)
(0.013936 3.01464 -4.30439e-20)
(0.0232646 3.01682 -4.48681e-20)
(0.0419172 3.02172 9.71998e-20)
(0.0246916 2.90025 4.69161e-20)
(-0.0178904 2.93829 3.37325e-20)
(-0.0261775 2.999 1.49333e-20)
(-0.0162655 3.00048 2.90932e-20)
(-0.00939929 3.0017 -5.96363e-20)
(-0.00410714 3.00263 2.02206e-20)
(0.000632239 3.00218 4.09429e-20)
(0.00581449 3.0006 -4.2707e-20)
(0.010776 2.99896 -4.48278e-20)
(0.0217838 2.99725 6.1397e-21)
(0.0166006 2.94918 4.34397e-20)
)
;

boundaryField
{
    wall-4
    {
        type            noSlip;
    }
    pressure-outlet-7
    {
        type            zeroGradient;
    }
    velocity-inlet-6
    {
        type            fixedValue;
        value           uniform (0 3 0);
    }
    velocity-inlet-5
    {
        type            fixedValue;
        value           uniform (1 0 0);
    }
    frontAndBackPlanes
    {
        type            empty;
    }
}


// ************************************************************************* //
