/*--------------------------------*- C++ -*----------------------------------*\
| =========                 |                                                 |
| \\      /  F ield         | OpenFOAM: The Open Source CFD Toolbox           |
|  \\    /   O peration     | Version:  v2012                                 |
|   \\  /    A nd           | Website:  www.openfoam.com                      |
|    \\/     M anipulation  |                                                 |
\*---------------------------------------------------------------------------*/
FoamFile
{
    version     2.0;
    format      ascii;
    class       volVectorField;
    location    "46";
    object      U;
}
// * * * * * * * * * * * * * * * * * * * * * * * * * * * * * * * * * * * * * //

dimensions      [0 1 -1 0 0 0 0];


internalField   nonuniform List<vector> 
2200
(
(0.878838 -0.030414 0)
(1.00578 -0.0512809 0)
(1.00328 -0.0354041 0)
(1.00024 -0.0244388 0)
(0.999853 -0.0166672 0)
(1.00003 -0.0107308 0)
(1.00003 -0.0068618 0)
(1.00003 -0.00423266 0)
(1.00002 -0.00226777 0)
(1.00017 -0.000732411 0)
(1.00004 0.000897247 0)
(0.999982 0.00243433 0)
(1 0.00439521 0)
(1.00011 0.00700206 0)
(1.00013 0.0108366 0)
(0.999928 0.0166592 0)
(1.00028 0.0244043 0)
(1.00348 0.034976 0)
(1.00595 0.0513615 0)
(0.879007 0.0303232 0)
(0.712012 -0.0327654 0)
(0.996634 -0.0630249 0)
(1.03332 -0.0561567 0)
(1.02494 -0.0464358 0)
(1.01592 -0.0361293 0)
(1.00966 -0.026424 0)
(1.00591 -0.0181552 0)
(1.00374 -0.0114303 0)
(1.00254 -0.00603839 0)
(1.002 -0.00150858 0)
(1.00201 0.00268976 0)
(1.00254 0.00717203 0)
(1.0037 0.0124313 0)
(1.00576 0.0190342 0)
(1.00941 0.027124 0)
(1.01561 0.0368789 0)
(1.02469 0.0472972 0)
(1.03311 0.0576842 0)
(0.99667 0.0631545 0)
(0.7118 0.0329967 0)
(0.535475 -0.0239019 0)
(0.969871 -0.0569568 0)
(1.05642 -0.0547775 0)
(1.05218 -0.0488049 0)
(1.03615 -0.040478 0)
(1.02438 -0.0323156 0)
(1.01587 -0.0240942 0)
(1.01037 -0.0162156 0)
(1.00718 -0.00896909 0)
(1.00564 -0.00234813 0)
(1.00554 0.00399641 0)
(1.00699 0.0105505 0)
(1.01012 0.0176465 0)
(1.01547 0.0252919 0)
(1.02409 0.0334139 0)
(1.0361 0.0413543 0)
(1.05214 0.0493985 0)
(1.05634 0.0536061 0)
(0.96922 0.0575919 0)
(0.534405 0.0239357 0)
(0.392214 -0.0136517 0)
(0.911752 -0.0464067 0)
(1.05744 -0.0469165 0)
(1.06958 -0.0443362 0)
(1.05491 -0.0382049 0)
(1.03931 -0.0315149 0)
(1.02752 -0.0247236 0)
(1.01905 -0.0175433 0)
(1.0137 -0.0100714 0)
(1.01108 -0.00247726 0)
(1.01103 0.00506902 0)
(1.0135 0.0124504 0)
(1.01855 0.0196172 0)
(1.02689 0.0265256 0)
(1.03847 0.0329229 0)
(1.05392 0.0393716 0)
(1.06826 0.0454468 0)
(1.05569 0.0481432 0)
(0.910078 0.046913 0)
(0.390109 0.0137579 0)
(0.307531 -0.0045207 0)
(0.846544 -0.0324148 0)
(1.04928 -0.0400026 0)
(1.07938 -0.0383147 0)
(1.06812 -0.0336719 0)
(1.05165 -0.0280451 0)
(1.03826 -0.0226538 0)
(1.02807 -0.0166099 0)
(1.02106 -0.0097669 0)
(1.01718 -0.0022316 0)
(1.01685 0.00558512 0)
(1.02032 0.0129395 0)
(1.02717 0.0194221 0)
(1.03716 0.0251117 0)
(1.05042 0.0301834 0)
(1.06689 0.0355801 0)
(1.07794 0.0399547 0)
(1.04736 0.0415788 0)
(0.84319 0.0329293 0)
(0.304065 0.00470948 0)
(0.264043 9.22359e-05 0)
(0.788711 -0.0201189 0)
(1.03313 -0.0315425 0)
(1.08341 -0.0321031 0)
(1.07727 -0.0288581 0)
(1.06079 -0.0240503 0)
(1.04711 -0.0195647 0)
(1.03622 -0.0144609 0)
(1.02839 -0.00839139 0)
(1.024 -0.00140221 0)
(1.02383 0.00598508 0)
(1.02767 0.0125997 0)
(1.0349 0.0182785 0)
(1.04542 0.0229583 0)
(1.05882 0.0269553 0)
(1.07498 0.0312965 0)
(1.0805 0.0340565 0)
(1.02942 0.0331665 0)
(0.783121 0.0206997 0)
(0.259238 0.000101955 0)
(0.240008 0.00105749 0)
(0.737944 -0.0123251 0)
(1.01357 -0.0251145 0)
(1.08392 -0.0269697 0)
(1.08277 -0.0246972 0)
(1.06766 -0.0205973 0)
(1.05423 -0.0166385 0)
(1.04337 -0.0121252 0)
(1.03524 -0.00677777 0)
(1.0303 -0.000504882 0)
(1.02963 0.00619412 0)
(1.03368 0.0121686 0)
(1.04136 0.016972 0)
(1.05182 0.0208748 0)
(1.06494 0.0242855 0)
(1.07978 0.0277909 0)
(1.08035 0.0294418 0)
(1.00809 0.0269968 0)
(0.729698 0.013063 0)
(0.23371 -0.0008608 0)
(0.225588 0.000949502 0)
(0.694807 -0.00807829 0)
(0.992358 -0.0208107 0)
(1.08178 -0.0232033 0)
(1.08669 -0.0214191 0)
(1.0732 -0.0179064 0)
(1.05977 -0.0141337 0)
(1.04921 -0.00988052 0)
(1.04126 -0.00496824 0)
(1.03646 0.000700777 0)
(1.03601 0.00662307 0)
(1.03972 0.0118709 0)
(1.04651 0.0160975 0)
(1.05637 0.0196376 0)
(1.06945 0.0226345 0)
(1.0821 0.025402 0)
(1.0759 0.0264306 0)
(0.983926 0.0231893 0)
(0.682993 0.00903809 0)
(0.217464 -0.000731852 0)
(0.215974 0.000621227 0)
(0.65949 -0.00571549 0)
(0.972397 -0.0177395 0)
(1.07927 -0.0203652 0)
(1.0898 -0.0188072 0)
(1.07785 -0.0157084 0)
(1.06456 -0.0121299 0)
(1.05416 -0.00809071 0)
(1.04634 -0.00334782 0)
(1.04132 0.00188152 0)
(1.04029 0.0072274 0)
(1.04364 0.011888 0)
(1.05062 0.0157707 0)
(1.06016 0.0188981 0)
(1.0729 0.0216909 0)
(1.08402 0.0239651 0)
(1.0719 0.0245806 0)
(0.960605 0.0206925 0)
(0.643446 0.00693989 0)
(0.205589 -0.000360944 0)
(0.208572 0.000273467 0)
(0.630246 -0.00428836 0)
(0.952436 -0.0152455 0)
(1.07567 -0.0182737 0)
(1.09301 -0.0170017 0)
(1.08258 -0.0140341 0)
(1.06905 -0.0104588 0)
(1.05857 -0.00641774 0)
(1.0508 -0.00190141 0)
(1.04593 0.00304242 0)
(1.04492 0.00805603 0)
(1.04778 0.0124575 0)
(1.05365 0.0159869 0)
(1.06304 0.0189262 0)
(1.07592 0.0213465 0)
(1.08493 0.0232211 0)
(1.06454 0.0232255 0)
(0.93586 0.0186983 0)
(0.608982 0.00575174 0)
(0.195424 1.03449e-05 0)
(0.202722 7.39528e-05 0)
(0.607182 -0.00320057 0)
(0.935097 -0.0126336 0)
(1.07283 -0.0157837 0)
(1.09617 -0.0147435 0)
(1.0871 -0.0121883 0)
(1.07355 -0.00873426 0)
(1.06287 -0.00487065 0)
(1.05492 -0.000234565 0)
(1.04979 0.00474156 0)
(1.04826 0.00951663 0)
(1.05086 0.0135056 0)
(1.05715 0.0167768 0)
(1.06626 0.0193778 0)
(1.07871 0.021622 0)
(1.08568 0.0227215 0)
(1.05889 0.0223092 0)
(0.913321 0.0170481 0)
(0.57973 0.00502588 0)
(0.18624 0.000286456 0)
(0.197945 7.95622e-06 0)
(0.588425 -0.00232401 0)
(0.918629 -0.0104186 0)
(1.06908 -0.0137019 0)
(1.0992 -0.0128035 0)
(1.09182 -0.0101847 0)
(1.07819 -0.00687946 0)
(1.06721 -0.00298992 0)
(1.05896 0.0013573 0)
(1.05346 0.0061094 0)
(1.05146 0.010695 0)
(1.05345 0.0147741 0)
(1.05895 0.0177891 0)
(1.06825 0.0199574 0)
(1.08066 0.0216251 0)
(1.08551 0.0225506 0)
(1.04931 0.0214492 0)
(0.888837 0.0155935 0)
(0.55292 0.00456939 0)
(0.177271 0.000447438 0)
(0.194389 1.56002e-05 0)
(0.573732 -0.00157277 0)
(0.904417 -0.00813764 0)
(1.06635 -0.0112377 0)
(1.1024 -0.0102901 0)
(1.09629 -0.00783356 0)
(1.08267 -0.00437555 0)
(1.07138 -0.000675293 0)
(1.06252 0.00373602 0)
(1.05634 0.00858883 0)
(1.05415 0.0130861 0)
(1.0563 0.0164776 0)
(1.06204 0.018905 0)
(1.07093 0.0207631 0)
(1.08244 0.022029 0)
(1.08486 0.0224854 0)
(1.04178 0.020893 0)
(0.867111 0.0145383 0)
(0.529671 0.00430547 0)
(0.168897 0.000528566 0)
(0.192144 3.03508e-05 0)
(0.563105 -0.00082399 0)
(0.892497 -0.00607438 0)
(1.06349 -0.00891494 0)
(1.10573 -0.00777182 0)
(1.10128 -0.00496732 0)
(1.08759 -0.00157137 0)
(1.07598 0.00225683 0)
(1.06684 0.00641021 0)
(1.06012 0.0107513 0)
(1.05677 0.014713 0)
(1.05797 0.017918 0)
(1.0632 0.0200346 0)
(1.07216 0.0213899 0)
(1.08329 0.0224595 0)
(1.08321 0.0227121 0)
(1.02992 0.0206291 0)
(0.842459 0.0137576 0)
(0.506707 0.0041657 0)
(0.160353 0.000579231 0)
(0.191189 9.16445e-05 0)
(0.555537 -0.000208126 0)
(0.882459 -0.00383016 0)
(1.06205 -0.00610977 0)
(1.10975 -0.00475684 0)
(1.10647 -0.00194751 0)
(1.09278 0.00177281 0)
(1.08069 0.0054884 0)
(1.07078 0.00964987 0)
(1.06332 0.0141897 0)
(1.05998 0.0183018 0)
(1.06108 0.0207409 0)
(1.06588 0.0220742 0)
(1.07452 0.0230535 0)
(1.08419 0.023644 0)
(1.08125 0.0232921 0)
(1.02034 0.0206481 0)
(0.820918 0.0132891 0)
(0.486538 0.00412482 0)
(0.152353 0.000606273 0)
(0.191743 4.30612e-05 0)
(0.551469 0.00084986 0)
(0.87579 -0.0015883 0)
(1.06069 -0.00352716 0)
(1.11363 -0.00190388 0)
(1.11196 0.00131901 0)
(1.09807 0.00516214 0)
(1.08552 0.00924356 0)
(1.07514 0.0135429 0)
(1.06702 0.0177075 0)
(1.06186 0.0210344 0)
(1.06145 0.0234115 0)
(1.06579 0.024446 0)
(1.07451 0.0248624 0)
(1.08362 0.0252579 0)
(1.07724 0.024436 0)
(1.00573 0.0210599 0)
(0.795471 0.0130104 0)
(0.46509 0.00415705 0)
(0.143804 0.000621508 0)
(0.193769 0.00021898 0)
(0.551789 0.00149951 0)
(0.870987 0.000611814 0)
(1.0613 -7.37019e-05 0)
(1.11835 0.00183497 0)
(1.11765 0.00501008 0)
(1.1037 0.00918221 0)
(1.0905 0.0135273 0)
(1.07931 0.0181092 0)
(1.0701 0.0225505 0)
(1.06489 0.0260019 0)
(1.06443 0.0276136 0)
(1.06808 0.0281632 0)
(1.07585 0.0282305 0)
(1.08274 0.0273405 0)
(1.07285 0.0259693 0)
(0.992865 0.0218168 0)
(0.773043 0.0132172 0)
(0.44573 0.00439179 0)
(0.135599 0.000669725 0)
(0.197725 0.000647677 0)
(0.554514 0.00227307 0)
(0.871351 0.00345452 0)
(1.06306 0.00320386 0)
(1.12357 0.00567555 0)
(1.12404 0.0094223 0)
(1.10971 0.0138537 0)
(1.09606 0.0186212 0)
(1.08427 0.0235331 0)
(1.07422 0.0278409 0)
(1.06678 0.0304081 0)
(1.0635 0.0314937 0)
(1.06597 0.0316221 0)
(1.07362 0.0308376 0)
(1.08036 0.0302231 0)
(1.06627 0.0279358 0)
(0.975237 0.0227904 0)
(0.746074 0.0136575 0)
(0.423708 0.00464221 0)
(0.126259 0.000713902 0)
(0.204232 0.000865051 0)
(0.561693 0.00349289 0)
(0.875371 0.00592069 0)
(1.06766 0.00764322 0)
(1.12974 0.0109807 0)
(1.1309 0.0148097 0)
(1.11635 0.019634 0)
(1.10173 0.0247783 0)
(1.08847 0.0300595 0)
(1.07639 0.0347179 0)
(1.06801 0.0376122 0)
(1.06547 0.0385089 0)
(1.06735 0.0378798 0)
(1.07369 0.0363573 0)
(1.07697 0.0337503 0)
(1.05814 0.030557 0)
(0.958644 0.0245028 0)
(0.72151 0.0145072 0)
(0.402978 0.00505503 0)
(0.116979 0.000787395 0)
(0.212469 0.00101398 0)
(0.572809 0.00478351 0)
(0.883297 0.00905213 0)
(1.07426 0.0120093 0)
(1.13699 0.0161773 0)
(1.13868 0.0211909 0)
(1.12317 0.0268821 0)
(1.1074 0.0326019 0)
(1.0926 0.038144 0)
(1.07893 0.042682 0)
(1.06836 0.0446121 0)
(1.06247 0.0438834 0)
(1.06228 0.0423827 0)
(1.06848 0.0396387 0)
(1.07243 0.0379067 0)
(1.0484 0.0337075 0)
(0.936739 0.0263978 0)
(0.691133 0.0154494 0)
(0.378367 0.00547372 0)
(0.106122 0.000837429 0)
(0.224969 0.0013689 0)
(0.591683 0.00683029 0)
(0.898736 0.0137684 0)
(1.08491 0.018797 0)
(1.14623 0.0239912 0)
(1.14771 0.0294438 0)
(1.13122 0.0360052 0)
(1.11376 0.0425059 0)
(1.09669 0.0485246 0)
(1.08005 0.0529282 0)
(1.06729 0.054447 0)
(1.06217 0.0534032 0)
(1.06299 0.0508981 0)
(1.06734 0.0477526 0)
(1.06565 0.0432734 0)
(1.03545 0.037561 0)
(0.914801 0.0289648 0)
(0.662615 0.016788 0)
(0.354607 0.006057 0)
(0.0952338 0.000878688 0)
(0.240864 0.00195971 0)
(0.616176 0.00869231 0)
(0.920266 0.0184846 0)
(1.0995 0.0257934 0)
(1.15751 0.032387 0)
(1.15883 0.0395079 0)
(1.14057 0.0472349 0)
(1.12141 0.0543736 0)
(1.10241 0.0605768 0)
(1.08383 0.0645647 0)
(1.06848 0.0649375 0)
(1.05906 0.0622394 0)
(1.05532 0.0577877 0)
(1.05831 0.0530325 0)
(1.05799 0.0489588 0)
(1.021 0.0422641 0)
(0.886676 0.0318892 0)
(0.62691 0.018537 0)
(0.325454 0.00669141 0)
(0.0823725 0.000884564 0)
(0.263152 0.00282241 0)
(0.650147 0.0124692 0)
(0.949094 0.0252077 0)
(1.11864 0.0352458 0)
(1.17186 0.0433871 0)
(1.17165 0.0519877 0)
(1.15117 0.0607945 0)
(1.12928 0.0689825 0)
(1.10706 0.0757988 0)
(1.08469 0.0797353 0)
(1.06591 0.0790547 0)
(1.05582 0.0750915 0)
(1.05378 0.0697029 0)
(1.05593 0.064282 0)
(1.0476 0.0569973 0)
(1.00209 0.0481487 0)
(0.85776 0.0359838 0)
(0.592258 0.0209033 0)
(0.296195 0.00744402 0)
(0.0694547 0.00086136 0)
(0.294762 0.00372036 0)
(0.696408 0.0156362 0)
(0.98822 0.0332733 0)
(1.14393 0.0466693 0)
(1.18897 0.0571042 0)
(1.18652 0.0680749 0)
(1.16241 0.0784992 0)
(1.13716 0.0872516 0)
(1.11157 0.0937249 0)
(1.08607 0.0963514 0)
(1.06454 0.0942365 0)
(1.05071 0.0886255 0)
(1.04368 0.0812941 0)
(1.04208 0.073255 0)
(1.035 0.0658581 0)
(0.980621 0.0556813 0)
(0.820297 0.0407912 0)
(0.546996 0.0237056 0)
(0.258919 0.00812703 0)
(0.0541151 0.000820196 0)
(0.331281 0.00711493 0)
(0.754654 0.0247542 0)
(1.03621 0.0463913 0)
(1.17485 0.063852 0)
(1.21046 0.0764052 0)
(1.20297 0.0901222 0)
(1.17395 0.101328 0)
(1.1441 0.110373 0)
(1.11366 0.116317 0)
(1.08335 0.11795 0)
(1.05782 0.113439 0)
(1.04261 0.105326 0)
(1.03721 0.0961028 0)
(1.03647 0.0874079 0)
(1.01887 0.0771393 0)
(0.952842 0.0636689 0)
(0.780537 0.0464522 0)
(0.501693 0.026718 0)
(0.222048 0.00872799 0)
(0.0394396 0.000690003 0)
(0.411592 0.0108046 0)
(0.842094 0.0358466 0)
(1.10128 0.0673059 0)
(1.21349 0.089379 0)
(1.23554 0.104521 6.54347e-34)
(1.22121 0.120106 -2.93844e-34)
(1.18609 0.131401 0)
(1.15173 0.139286 0)
(1.1173 0.143078 0)
(1.08305 0.141145 0)
(1.05417 0.133441 0)
(1.03539 0.123278 0)
(1.02481 0.111904 0)
(1.01772 0.0999408 0)
(0.999608 0.0884049 0)
(0.921396 0.0729573 0)
(0.729714 0.0520255 0)
(0.441442 0.0291373 0)
(0.173567 0.00849485 0)
(0.0221105 0.000707698 0)
(0.483132 0.0260147 4.89853e-20)
(0.943669 0.0596828 -3.70655e-20)
(1.17013 0.101026 0)
(1.2532 0.126995 2.84717e-20)
(1.26279 0.142365 -2.30861e-20)
(1.23879 0.159974 3.10029e-34)
(1.19682 0.169401 0)
(1.15684 0.175151 1.64019e-20)
(1.11608 0.17658 -5.38062e-20)
(1.07581 0.172385 1.09648e-20)
(1.04261 0.162263 0)
(1.02152 0.147689 -2.77175e-20)
(1.01185 0.134028 -3.31837e-20)
(1.00614 0.121221 5.80304e-20)
(0.97082 0.105865 -4.58397e-20)
(0.871024 0.08491 0)
(0.65943 0.0594956 -1.65657e-20)
(0.365688 0.0304655 0)
(0.121271 0.00860796 -9.12615e-20)
(0.00465995 0.000710565 1.07569e-19)
(0.519119 0.0537098 -6.41249e-21)
(1.00758 0.102536 1.12444e-19)
(1.21966 0.151461 -6.71364e-21)
(1.28617 0.174889 -7.13252e-20)
(1.2866 0.191831 -4.89383e-20)
(1.25353 0.207248 7.95882e-20)
(1.20546 0.213922 0)
(1.1602 0.217217 0)
(1.11498 0.215873 8.57452e-20)
(1.07121 0.20823 0)
(1.03302 0.192687 1.00389e-19)
(1.00686 0.177551 2.974e-20)
(0.98969 0.161705 3.72052e-22)
(0.970438 0.145299 -6.33822e-20)
(0.934725 0.128659 0)
(0.824656 0.105398 0)
(0.599127 0.0710252 -2.71042e-19)
(0.312792 0.0353139 6.80185e-19)
(0.0965967 0.00953361 -4.03034e-19)
(-0.00401422 0.000108499 -4.74843e-19)
(0.526582 0.0763258 -6.61545e-20)
(1.04446 0.159444 2.50501e-20)
(1.25599 0.211385 1.33998e-20)
(1.31236 0.233471 1.24667e-19)
(1.30521 0.248945 1.43174e-20)
(1.26469 0.260305 -2.07851e-19)
(1.21102 0.263277 7.06718e-20)
(1.15995 0.26331 0)
(1.10813 0.258878 -1.81649e-19)
(1.05581 0.247536 1.60856e-19)
(1.01196 0.231317 -2.7106e-19)
(0.982965 0.211498 1.27025e-19)
(0.966575 0.193834 -8.22823e-20)
(0.953902 0.17795 1.85294e-19)
(0.905365 0.158055 0)
(0.7864 0.126111 -6.78602e-20)
(0.566545 0.0845442 0)
(0.302416 0.0412299 3.74786e-19)
(0.0960246 0.013046 -8.88114e-19)
(-0.00325962 -0.000734909 5.56281e-19)
(0.521746 0.108083 1.89724e-19)
(1.06432 0.216214 -8.26793e-20)
(1.27755 0.276656 -1.74024e-20)
(1.32944 0.298039 0)
(1.31706 0.311335 -9.20329e-20)
(1.27116 0.317461 1.13421e-19)
(1.21277 0.315675 -7.57025e-20)
(1.15673 0.311795 0)
(1.10013 0.303007 1.29147e-19)
(1.04538 0.287419 -1.13073e-19)
(0.998976 0.266755 2.35124e-19)
(0.965229 0.245252 0)
(0.941683 0.226996 -1.74924e-19)
(0.915904 0.206493 9.8535e-20)
(0.872627 0.184337 2.48902e-19)
(0.759919 0.152426 -2.19017e-19)
(0.551432 0.104756 3.48849e-19)
(0.303829 0.0548755 -7.72802e-19)
(0.107685 0.018944 4.87947e-19)
(0.00340841 0.000340729 -6.10413e-19)
(0.510106 0.132514 -6.92055e-20)
(1.07251 0.270382 4.9688e-20)
(1.28895 0.342642 -5.77383e-20)
(1.33867 0.363713 1.13326e-19)
(1.32267 0.374725 -1.06028e-19)
(1.27299 0.376011 3.60579e-20)
(1.21106 0.36979 3.6392e-21)
(1.15108 0.361695 -1.47142e-19)
(1.09036 0.348831 -1.35577e-19)
(1.03017 0.33031 -2.43075e-19)
(0.976362 0.305796 -5.05606e-19)
(0.939361 0.281978 -1.55643e-19)
(0.917672 0.26021 2.36188e-21)
(0.898067 0.241727 -3.3793e-19)
(0.846717 0.218032 -6.11931e-21)
(0.732868 0.17741 3.18916e-19)
(0.537159 0.124289 -9.63222e-20)
(0.307735 0.0693188 -5.58686e-20)
(0.120615 0.0268042 0)
(0.0111542 0.0024219 1.29882e-18)
(0.493407 0.153301 0)
(1.06666 0.320003 -5.63868e-21)
(1.29121 0.40576 0)
(1.34115 0.427564 -1.27476e-20)
(1.32255 0.437516 1.03175e-19)
(1.2703 0.43447 -8.3735e-20)
(1.20561 0.423845 8.27685e-20)
(1.14212 0.411659 2.41427e-19)
(1.07716 0.39458 -7.54168e-20)
(1.012 0.371162 1.20507e-19)
(0.956354 0.342741 2.71804e-19)
(0.917822 0.317609 3.39214e-19)
(0.889625 0.297128 -2.04213e-19)
(0.860565 0.271722 3.65728e-19)
(0.815801 0.245835 -2.8978e-19)
(0.713325 0.206873 0)
(0.533083 0.148226 -7.31203e-19)
(0.318166 0.0874324 9.84132e-19)
(0.13594 0.0372408 7.34522e-20)
(0.0197405 0.00556609 -1.37248e-18)
(0.47937 0.173668 -5.12379e-21)
(1.05955 0.368743 -1.31924e-20)
(1.28911 0.467109 8.94797e-20)
(1.33906 0.489572 -9.91414e-20)
(1.31823 0.49821 8.46557e-20)
(1.26388 0.491323 -8.14824e-20)
(1.19705 0.477153 1.64422e-19)
(1.13105 0.461287 -7.28316e-20)
(1.06381 0.440643 -3.04297e-19)
(0.997136 0.414067 5.71697e-23)
(0.939348 0.384393 -2.95124e-19)
(0.895436 0.356193 -3.64516e-19)
(0.864952 0.328882 2.25229e-19)
(0.841544 0.306594 -1.31496e-19)
(0.791537 0.279088 3.14593e-19)
(0.689274 0.231192 0)
(0.521117 0.170868 -4.53337e-19)
(0.321719 0.104349 6.69503e-19)
(0.1463 0.0477618 1.26817e-18)
(0.0263029 0.00881943 -1.4918e-18)
(0.465048 0.191292 -3.77139e-20)
(1.04677 0.412974 1.25758e-20)
(1.28249 0.524502 -5.5208e-20)
(1.33305 0.548597 1.02753e-19)
(1.31035 0.556773 1.18409e-20)
(1.25453 0.546475 -1.60199e-19)
(1.18607 0.528788 -9.49709e-20)
(1.11806 0.509242 -9.23967e-20)
(1.04818 0.484595 -1.71213e-19)
(0.97717 0.453806 2.75817e-19)
(0.912559 0.419232 2.98618e-19)
(0.868475 0.386878 5.78484e-19)
(0.839588 0.361058 0)
(0.805933 0.334333 6.24862e-21)
(0.76235 0.302811 -8.63096e-19)
(0.671136 0.260244 2.01342e-19)
(0.515625 0.194028 9.79004e-19)
(0.326774 0.122981 -2.88832e-19)
(0.154923 0.0585618 6.01549e-19)
(0.0314022 0.0121458 -5.01804e-20)
(0.455479 0.209738 5.93303e-21)
(1.03589 0.456326 3.5676e-20)
(1.27397 0.579746 -2.63488e-20)
(1.32448 0.605259 1.18351e-19)
(1.30017 0.612432 -1.75284e-19)
(1.2431 0.598947 1.59461e-19)
(1.17349 0.578407 9.83085e-20)
(1.10397 0.555908 2.76692e-19)
(1.03183 0.52852 3.4463e-19)
(0.958999 0.495639 -3.17505e-19)
(0.896615 0.458538 0)
(0.850395 0.423403 -2.18238e-19)
(0.813318 0.393011 2.5056e-19)
(0.789323 0.364835 3.15874e-19)
(0.739506 0.334303 -1.82577e-19)
(0.648858 0.281568 -4.45789e-19)
(0.501732 0.215773 -1.33127e-19)
(0.32429 0.138729 -1.56234e-21)
(0.157861 0.067648 0)
(0.0341904 0.0146745 0)
(0.447236 0.225807 -6.22581e-20)
(1.02346 0.496247 0)
(1.26314 0.631248 -1.21611e-20)
(1.31362 0.658762 -7.99765e-21)
(1.28808 0.665425 1.97455e-19)
(1.23015 0.649151 -5.04609e-20)
(1.15945 0.625866 9.97318e-20)
(1.08844 0.600521 -1.87461e-19)
(1.01467 0.569881 2.61034e-19)
(0.940054 0.532614 -1.03423e-19)
(0.872104 0.489986 1.70626e-19)
(0.82013 0.452885 6.91579e-19)
(0.790262 0.421504 1.40882e-20)
(0.753442 0.389872 -3.29172e-19)
(0.711313 0.353372 6.09602e-19)
(0.628922 0.30827 4.18931e-21)
(0.490644 0.235422 1.42426e-19)
(0.318554 0.152971 -6.79483e-19)
(0.155007 0.0747177 6.99299e-19)
(0.0344582 0.0161019 -8.24921e-19)
(0.440527 0.24355 3.70981e-23)
(1.01209 0.534856 0)
(1.25156 0.680454 0)
(1.30159 0.709784 -6.53822e-21)
(1.27495 0.715408 -5.95571e-20)
(1.21615 0.696516 7.51931e-20)
(1.14467 0.671003 -1.87062e-19)
(1.07281 0.643279 0)
(0.997768 0.610403 -3.84717e-19)
(0.920186 0.571309 4.59144e-19)
(0.851322 0.527797 4.85098e-19)
(0.802385 0.486179 -2.53864e-19)
(0.762559 0.449115 -3.06546e-19)
(0.736381 0.416283 7.18488e-19)
(0.68916 0.381722 -2.16481e-19)
(0.60602 0.324003 -2.58595e-19)
(0.473324 0.252395 -1.54834e-19)
(0.310233 0.164051 -7.32455e-19)
(0.150135 0.0792908 1.06696e-19)
(0.0331342 0.0170364 8.8967e-19)
(0.436146 0.261827 -3.25082e-20)
(1.00087 0.570967 -4.13221e-20)
(1.23888 0.726142 2.3654e-20)
(1.2884 0.757533 -1.53725e-22)
(1.26087 0.762675 -5.76339e-20)
(1.20153 0.741562 1.23791e-19)
(1.12953 0.713891 0)
(1.05678 0.683908 1.1263e-19)
(0.980244 0.648756 -8.88099e-20)
(0.901381 0.606356 7.64603e-19)
(0.829925 0.557772 -1.109e-19)
(0.775174 0.511994 1.25696e-19)
(0.738929 0.474658 0)
(0.70139 0.437843 -3.88876e-19)
(0.660792 0.39575 4.70632e-19)
(0.585525 0.346357 0)
(0.459546 0.266003 -3.33867e-19)
(0.298474 0.173477 9.81557e-19)
(0.142858 0.0817337 1.15749e-19)
(0.03042 0.0173321 -1.09477e-18)
(0.433644 0.278775 -8.45278e-20)
(0.99099 0.605765 1.08472e-19)
(1.22621 0.769688 0)
(1.27491 0.802915 5.2906e-21)
(1.24658 0.807103 0)
(1.18669 0.78381 -1.57848e-19)
(1.11427 0.754393 0)
(1.04087 0.72263 0)
(0.963012 0.68564 -1.16761e-19)
(0.881512 0.64166 -7.26651e-19)
(0.80678 0.591775 -8.95702e-19)
(0.751985 0.542281 1.46756e-19)
(0.711123 0.497861 5.28863e-19)
(0.684216 0.459285 4.27793e-19)
(0.639159 0.42049 -1.50971e-18)
(0.562512 0.356167 -6.06319e-19)
(0.438907 0.27764 3.54924e-19)
(0.284769 0.178304 0)
(0.134165 0.082474 9.9468e-19)
(0.0272652 0.0167081 -1.17902e-18)
(0.431974 0.294489 1.02921e-19)
(0.981228 0.638176 -1.27642e-19)
(1.21318 0.809918 0)
(1.26099 0.84505 -1.09556e-20)
(1.23201 0.848918 3.70878e-21)
(1.17177 0.823898 0)
(1.099 0.792764 5.71232e-20)
(1.02488 0.759218 7.74758e-20)
(0.945865 0.720614 -2.20042e-19)
(0.863227 0.674536 9.64074e-20)
(0.786268 0.620352 0)
(0.727137 0.566508 6.07505e-19)
(0.688217 0.521559 4.85044e-21)
(0.648586 0.47762 2.30693e-19)
(0.610517 0.427962 2.74024e-19)
(0.540447 0.373799 0)
(0.422858 0.284748 -5.80583e-19)
(0.269847 0.181679 1.13965e-18)
(0.125004 0.0816883 -1.20508e-18)
(0.0239915 0.0157296 2.5383e-18)
(0.430711 0.309407 0)
(0.972311 0.669377 0)
(1.20059 0.848176 -6.1486e-20)
(1.24726 0.885037 0)
(1.21762 0.888125 0)
(1.157 0.861361 -1.32094e-19)
(1.084 0.828873 5.84483e-20)
(1.00945 0.79402 1.7547e-20)
(0.929264 0.754105 -5.04298e-20)
(0.843624 0.706465 0)
(0.762812 0.650554 -1.36042e-19)
(0.70218 0.594701 -4.95494e-19)
(0.657319 0.542259 -5.96346e-19)
(0.630655 0.494673 -2.39593e-19)
(0.588128 0.448787 2.96907e-19)
(0.517046 0.376198 -7.00065e-19)
(0.400423 0.289945 1.24913e-18)
(0.254454 0.180842 2.62719e-21)
(0.115779 0.0797497 -1.15583e-18)
(0.0211686 0.0145103 -1.71158e-19)
(0.429544 0.323929 0)
(0.963601 0.698743 -1.05402e-19)
(1.18804 0.88347 7.62789e-20)
(1.2335 0.921956 0)
(1.20332 0.92487 0)
(1.14251 0.896845 2.65489e-19)
(1.0694 0.863073 0)
(0.994326 0.82684 0)
(0.913121 0.785833 -4.81607e-19)
(0.82641 0.737029 1.32622e-19)
(0.743601 0.678671 -1.20619e-18)
(0.678258 0.618651 0)
(0.634614 0.564235 -6.46384e-19)
(0.592716 0.510426 1.06609e-20)
(0.557135 0.449122 -9.53383e-19)
(0.493499 0.387409 3.76762e-19)
(0.384882 0.288586 1.72764e-21)
(0.24134 0.17826 -1.31557e-18)
(0.108312 0.0765596 6.234e-19)
(0.0182098 0.0129302 1.83112e-19)
(0.428494 0.3381 0)
(0.955653 0.72701 -1.48949e-19)
(1.17607 0.917115 8.07236e-20)
(1.2202 0.957057 9.88221e-20)
(1.18947 0.959289 -1.48403e-20)
(1.12845 0.929897 2.65977e-20)
(1.05531 0.895139 -3.57419e-20)
(0.979937 0.858 4.64739e-19)
(0.89749 0.816012 5.15184e-19)
(0.807758 0.766064 1.01075e-18)
(0.720824 0.706151 1.00225e-18)
(0.652423 0.644235 1.75913e-19)
(0.601185 0.583473 9.29971e-19)
(0.572316 0.524065 5.73789e-19)
(0.532113 0.465962 6.84448e-19)
(0.469194 0.379363 -4.1253e-19)
(0.362519 0.283656 -4.80452e-19)
(0.230415 0.167963 5.63224e-19)
(0.105325 0.0765692 -3.34226e-19)
(0.0208675 0.0182824 5.92531e-19)
(0.427522 0.351858 2.11606e-19)
(0.948048 0.753636 2.32992e-19)
(1.1643 0.948175 4.74753e-20)
(1.20709 0.989339 1.62807e-20)
(1.17595 0.991443 1.44245e-20)
(1.11488 0.961145 -7.37626e-20)
(1.04176 0.925491 3.45104e-20)
(0.965897 0.88732 -2.03667e-20)
(0.882491 0.844597 -5.98859e-19)
(0.792024 0.794198 -1.09665e-18)
(0.703612 0.73374 6.95836e-20)
(0.629736 0.66876 0)
(0.578349 0.605702 0)
(0.530708 0.539828 -2.99018e-19)
(0.495213 0.45906 -1.11912e-18)
(0.440886 0.380945 8.88612e-19)
(0.352499 0.262839 5.25817e-19)
(0.237001 0.149818 0)
(0.118281 0.0512154 1.06608e-18)
(0.0144251 -0.00705672 -6.33144e-19)
(0.426667 0.365021 -1.12167e-19)
(0.940984 0.778987 9.93737e-20)
(1.15311 0.977803 -1.15098e-19)
(1.19458 1.02011 -9.07378e-20)
(1.16299 1.02155 -1.09263e-20)
(1.10181 0.990158 -2.35525e-20)
(1.02876 0.953806 0)
(0.952738 0.915112 -5.83631e-19)
(0.868451 0.8718 7.36981e-20)
(0.77528 0.820621 0)
(0.68227 0.759144 0)
(0.604598 0.693273 1.11899e-19)
(0.54341 0.625337 1.50225e-19)
(0.506511 0.551922 -3.22676e-19)
(0.463705 0.474852 8.03449e-19)
(0.406929 0.358031 -9.68285e-19)
(0.322188 0.240866 -1.12469e-18)
(0.241247 0.128994 9.95519e-19)
(0.172061 0.0909998 -3.79801e-19)
(0.113139 0.0802896 2.21083e-19)
(0.425744 0.377411 1.41937e-19)
(0.934178 0.802782 0)
(1.14215 1.00508 0)
(1.18234 1.04827 -2.45462e-20)
(1.15045 1.04959 1.98713e-20)
(1.08933 1.01754 -2.08366e-20)
(1.01643 0.980609 1.51999e-19)
(0.940115 0.941219 5.9761e-19)
(0.85511 0.897568 1.0856e-18)
(0.761219 0.846417 -8.23116e-20)
(0.666467 0.785542 1.69904e-19)
(0.583728 0.718801 -1.00027e-18)
(0.521044 0.649686 -9.9526e-19)
(0.46014 0.571919 -1.72998e-19)
(0.412831 0.463954 0)
(0.363825 0.359766 -7.73487e-21)
(0.295834 0.174378 6.18802e-19)
(0.265533 0.0278302 -1.04239e-18)
(0.227412 -0.0857599 7.92545e-19)
(0.0837747 -0.0968457 6.57475e-19)
(0.424787 0.389341 -3.14032e-19)
(0.927614 0.825256 -1.42065e-19)
(1.13165 1.03118 7.0053e-21)
(1.17061 1.07539 5.44065e-20)
(1.13834 1.07615 0)
(1.07719 1.04327 -7.86765e-20)
(1.00444 1.00596 -2.18056e-19)
(0.928106 0.966472 -1.65896e-21)
(0.842398 0.922656 -5.68783e-19)
(0.745916 0.871161 -8.07329e-20)
(0.64694 0.809911 7.49865e-20)
(0.560475 0.743892 8.78598e-19)
(0.48378 0.672359 9.71402e-19)
(0.431387 0.585748 1.68291e-19)
(0.374387 0.490334 8.60772e-19)
(0.293614 0.328863 0)
(0.176071 0.160529 0)
(0.00601281 0.209516 7.19007e-19)
(-0.0774636 0.629759 -3.01974e-20)
(0.00648325 1.53504 -8.83521e-19)
(0.423724 0.400622 1.73714e-19)
(0.921368 0.846621 3.96879e-19)
(1.12135 1.05542 -5.41629e-19)
(1.15905 1.10043 2.6852e-19)
(1.12651 1.10131 -5.83025e-21)
(1.06543 1.06821 -3.24451e-20)
(0.992852 1.0308 0)
(0.91625 0.991137 -4.98082e-19)
(0.829773 0.947581 0)
(0.73254 0.896926 1.13798e-18)
(0.631612 0.837782 -9.0974e-20)
(0.538556 0.773095 1.02007e-19)
(0.462933 0.703842 1.10981e-18)
(0.377841 0.622128 -3.64664e-19)
(0.282856 0.487876 -4.38386e-19)
(0.198653 0.385403 0)
(0.0896251 0.509814 0)
(0.0265714 1.32525 0)
(0.0728043 2.46048 -4.08519e-19)
(0.100468 2.90946 -2.51224e-19)
(0.422456 0.411332 0)
(0.915222 0.866559 0)
(1.11149 1.07866 1.97917e-19)
(1.14807 1.12475 -2.17705e-19)
(1.11514 1.12532 9.36017e-20)
(1.05403 1.09177 3.87691e-20)
(0.9816 1.0544 2.79732e-20)
(0.904991 1.01519 -2.17794e-20)
(0.81792 0.972101 8.00216e-20)
(0.718413 0.921952 -1.30594e-18)
(0.613818 0.863357 1.65015e-19)
(0.518046 0.801691 8.7592e-19)
(0.42329 0.734445 -1.10588e-18)
(0.346631 0.639332 -1.21185e-18)
(0.267552 0.549644 4.08132e-19)
(0.192092 0.682633 0)
(0.123724 1.55279 5.66672e-19)
(0.124498 2.69175 6.23398e-19)
(0.132619 3.08743 -6.97071e-19)
(0.124111 3.22195 7.49835e-19)
(0.421101 0.421692 0)
(0.909468 0.885565 3.53174e-19)
(1.10188 1.10015 -4.95728e-20)
(1.13731 1.14699 3.08394e-19)
(1.10413 1.14793 -9.82501e-20)
(1.04312 1.1145 0)
(0.970862 1.07744 0)
(0.894007 1.03847 0)
(0.806356 0.99625 4.51562e-19)
(0.706431 0.947868 6.03405e-20)
(0.599327 0.89237 0)
(0.496153 0.833364 -8.71314e-19)
(0.411046 0.770276 0)
(0.297057 0.689738 8.67549e-19)
(0.205866 0.757065 -5.83741e-19)
(0.156038 1.46143 -4.69982e-19)
(0.158262 2.67975 -1.10246e-18)
(0.179833 3.12678 -5.81635e-19)
(0.170674 3.26762 -7.91594e-19)
(0.156614 3.30791 6.01735e-19)
(0.419644 0.431165 -1.2367e-19)
(0.903712 0.903052 1.5419e-20)
(1.09271 1.12077 -5.53378e-20)
(1.12717 1.16877 -2.3785e-19)
(1.09359 1.16959 0)
(1.03257 1.13601 0)
(0.960441 1.09928 0)
(0.883675 1.06119 3.46846e-20)
(0.795686 1.01997 -5.70724e-19)
(0.693702 0.972724 0)
(0.584169 0.918606 0)
(0.482518 0.865247 0)
(0.36857 0.803861 0)
(0.305419 0.781646 6.33083e-19)
(0.27196 1.16778 1.55661e-18)
(0.250319 2.38141 4.61547e-19)
(0.263522 3.08319 9.3151e-19)
(0.258006 3.28366 -7.14052e-19)
(0.209102 3.34949 2.64353e-19)
(0.176478 3.36215 0)
(0.418143 0.440365 1.27452e-19)
(0.898229 0.920335 -7.86136e-19)
(1.08357 1.14034 -2.10727e-19)
(1.117 1.18908 -4.61212e-20)
(1.08321 1.19048 2.28351e-20)
(1.02233 1.15728 -7.33827e-20)
(0.950407 1.12113 -3.60482e-21)
(0.873478 1.08355 -3.88838e-19)
(0.785091 1.04361 0)
(0.683163 0.998925 -7.62096e-20)
(0.571884 0.94925 6.93272e-20)
(0.46158 0.896999 0)
(0.375215 0.850211 0)
(0.320142 0.968199 -7.92017e-19)
(0.274675 1.85495 9.73734e-20)
(0.270897 2.94273 -3.46242e-19)
(0.29302 3.28792 7.22937e-19)
(0.265551 3.38653 5.25007e-19)
(0.199803 3.41101 -7.13698e-19)
(0.174963 3.42047 3.54214e-19)
(0.416216 0.449755 2.51204e-19)
(0.892012 0.93739 7.67477e-19)
(1.07404 1.16078 2.52783e-19)
(1.10665 1.21077 0)
(1.07251 1.21204 0)
(1.0117 1.17869 5.74331e-20)
(0.940029 1.14291 7.30616e-20)
(0.863424 1.10637 3.46831e-19)
(0.775034 1.06763 2.24468e-20)
(0.671527 1.02436 9.76365e-19)
(0.559566 0.976416 -1.14989e-18)
(0.449677 0.928723 0)
(0.369552 0.926274 0)
(0.335104 1.33352 -5.39282e-19)
(0.336279 2.48613 -6.48578e-19)
(0.379346 3.19825 0)
(0.403794 3.37026 -7.29963e-19)
(0.333955 3.43304 4.9531e-20)
(0.264236 3.4777 3.42566e-19)
(0.241617 3.50302 -1.12878e-19)
(0.414016 0.459544 -4.78463e-19)
(0.885553 0.95611 -3.68817e-19)
(1.06358 1.18181 0)
(1.09522 1.2323 0)
(1.06104 1.23418 0)
(1.00057 1.20116 0)
(0.929334 1.16589 -8.56286e-20)
(0.852789 1.12972 3.05729e-19)
(0.764344 1.09222 0)
(0.661921 1.05193 -8.89125e-19)
(0.549461 1.00919 2.06279e-18)
(0.440125 0.971336 8.41135e-20)
(0.388081 1.04886 1.11444e-19)
(0.387645 1.75007 8.7919e-19)
(0.402151 2.90011 -4.72554e-19)
(0.43985 3.32076 0)
(0.423004 3.44432 2.04054e-19)
(0.337403 3.53253 9.21116e-20)
(0.261383 3.59646 1.5097e-19)
(0.186078 3.57592 -1.31306e-20)
(0.411146 0.46977 2.27908e-19)
(0.877707 0.974724 -3.77908e-19)
(1.05227 1.20433 0)
(1.08323 1.25605 -6.74042e-20)
(1.04878 1.25753 2.3053e-19)
(0.988555 1.22407 0)
(0.91785 1.18894 0)
(0.842032 1.15371 -5.31057e-19)
(0.754146 1.11734 -5.71442e-20)
(0.650803 1.07828 8.72109e-19)
(0.53604 1.0364 -9.80176e-19)
(0.446583 1.01663 5.71132e-19)
(0.407601 1.23275 0)
(0.424364 2.18483 -4.66221e-19)
(0.466786 3.14542 3.05837e-19)
(0.53001 3.42445 1.91052e-19)
(0.522303 3.52103 0)
(0.459216 3.6028 -3.87974e-20)
(0.388842 3.64404 -4.1555e-19)
(0.308003 3.61544 -9.71645e-20)
(0.407896 0.480264 -4.55435e-19)
(0.86966 0.99572 5.41455e-19)
(1.03985 1.22754 3.73612e-19)
(1.06991 1.27932 -9.25556e-20)
(1.0356 1.28135 -3.52672e-19)
(0.975999 1.24808 0)
(0.906065 1.21333 7.90139e-21)
(0.830627 1.17819 1.92662e-19)
(0.743184 1.14283 3.0736e-20)
(0.642147 1.10671 -7.53471e-19)
(0.52795 1.07229 -5.20906e-20)
(0.448166 1.08155 -6.44593e-19)
(0.444651 1.46359 7.00934e-19)
(0.4957 2.55116 1.53e-19)
(0.561483 3.30799 -2.68068e-19)
(0.613768 3.47636 1.35691e-19)
(0.574077 3.52775 0)
(0.515998 3.53179 0)
(0.42192 3.49657 -6.85726e-19)
(0.192627 3.2877 1.26718e-18)
(0.403542 0.490921 2.18512e-19)
(0.859571 1.01589 5.3458e-19)
(1.0264 1.25228 -3.82405e-19)
(1.05604 1.30527 3.37588e-19)
(1.02156 1.30646 3.70742e-19)
(0.962485 1.27242 0)
(0.89346 1.23746 7.57495e-22)
(0.819283 1.20309 1.58674e-19)
(0.733113 1.16867 0)
(0.631841 1.13331 0)
(0.52372 1.10264 0)
(0.460058 1.15643 0)
(0.486712 1.70087 -7.90899e-19)
(0.55481 2.85648 -2.03415e-19)
(0.629867 3.39601 0)
(0.673178 3.48931 -2.13483e-20)
(0.671555 3.49511 0)
(0.748753 3.33615 1.4454e-19)
(0.844607 2.96739 -1.79976e-18)
(0.449201 2.58825 1.88456e-18)
(0.399009 0.50116 -4.4658e-19)
(0.84938 1.0394 -3.4306e-19)
(1.01159 1.2779 -2.54563e-19)
(1.04048 1.33038 -3.15735e-19)
(1.00641 1.33203 -1.81166e-19)
(0.948382 1.29801 0)
(0.880575 1.26326 4.71218e-21)
(0.807193 1.22866 -4.279e-20)
(0.721991 1.19485 -2.30621e-19)
(0.623935 1.16203 0)
(0.520235 1.14233 5.12233e-20)
(0.474837 1.25498 -5.82415e-20)
(0.533894 1.9536 0)
(0.628767 3.08029 2.65929e-19)
(0.72019 3.43877 0)
(0.751916 3.47591 -1.04518e-19)
(0.755557 3.38527 2.86915e-19)
(0.748869 3.00453 -1.42657e-19)
(0.504148 1.99414 2.79596e-19)
(-0.344187 0.4992 -6.81179e-19)
(0.392081 0.511346 -1.34299e-20)
(0.836034 1.06082 -1.75771e-19)
(0.995243 1.30512 3.50688e-19)
(1.0241 1.35912 -1.96703e-20)
(0.989982 1.35957 -5.80724e-20)
(0.93279 1.32455 0)
(0.866317 1.28941 6.45304e-20)
(0.794784 1.25559 -8.22577e-20)
(0.711681 1.22272 4.1346e-19)
(0.611589 1.1904 -5.07676e-19)
(0.522797 1.17937 -6.06002e-19)
(0.50195 1.36882 0)
(0.590148 2.25471 4.00237e-19)
(0.694048 3.21722 -5.42399e-20)
(0.767218 3.41992 3.10536e-20)
(0.774294 3.41059 0)
(0.704543 3.18026 -1.50454e-19)
(0.535081 2.40316 1.59942e-19)
(0.103433 0.636339 -1.8982e-19)
(-0.250857 -0.39924 -1.74891e-19)
(0.384535 0.522205 4.1843e-19)
(0.822794 1.08687 -1.72419e-19)
(0.977075 1.33352 2.4806e-19)
(1.00548 1.38667 1.91375e-19)
(0.972117 1.38779 1.16999e-19)
(0.916493 1.35287 2.21524e-19)
(0.851758 1.31805 -1.44677e-19)
(0.781478 1.28392 1.74183e-20)
(0.699776 1.25155 -3.03469e-19)
(0.603109 1.22263 3.3079e-20)
(0.526512 1.22924 9.71803e-20)
(0.529054 1.51722 -3.97631e-19)
(0.641998 2.51732 1.0772e-19)
(0.753972 3.28989 -2.10817e-19)
(0.817751 3.39394 3.05622e-20)
(0.794872 3.31571 8.25199e-20)
(0.668165 2.86741 -2.16838e-19)
(0.409388 1.64044 1.40682e-19)
(0.0602719 0.0514684 0)
(-0.0800756 -0.162244 -3.02997e-19)
(0.374419 0.5306 0)
(0.805044 1.10843 -6.54636e-19)
(0.956914 1.36299 2.39129e-20)
(0.985979 1.41843 -3.14329e-19)
(0.952709 1.41804 0)
(0.898373 1.382 -1.6405e-19)
(0.835511 1.34669 1.47252e-19)
(0.7678 1.31346 -1.62945e-20)
(0.68939 1.28216 2.14757e-19)
(0.59568 1.2556 3.64122e-19)
(0.530564 1.28001 4.68302e-19)
(0.565959 1.67222 4.76967e-20)
(0.700496 2.76323 -2.93742e-19)
(0.807653 3.32224 1.48253e-20)
(0.841361 3.35232 1.88852e-21)
(0.765545 3.13585 8.33366e-20)
(0.529732 2.32966 9.2536e-20)
(0.117207 0.447745 -1.09673e-19)
(-0.136791 -0.246306 0)
(-0.115861 -0.208006 0)
(0.363351 0.539656 -4.03988e-19)
(0.787374 1.13562 6.49916e-19)
(0.93456 1.39362 0)
(0.963662 1.44807 0)
(0.931568 1.44866 0)
(0.879592 1.41284 0)
(0.819141 1.37795 -7.83178e-20)
(0.75333 1.34426 -1.59602e-20)
(0.677035 1.3134 -3.47297e-20)
(0.589982 1.29072 3.80981e-20)
(0.538449 1.34501 -3.88005e-19)
(0.600376 1.85298 2.82433e-19)
(0.751561 2.94746 0)
(0.844607 3.31915 3.64018e-20)
(0.865764 3.28786 6.64157e-20)
(0.726536 2.87448 -2.56923e-20)
(0.396701 1.69152 1.07866e-19)
(0.0148358 -0.0379003 6.16619e-20)
(-0.157728 -0.20356 -2.54908e-19)
(-0.0581669 -0.137702 -2.98566e-19)
(0.348093 0.544504 2.04674e-19)
(0.76316 1.15449 3.03916e-19)
(0.909917 1.42419 -9.26855e-21)
(0.940373 1.48233 1.66675e-19)
(0.908499 1.48101 0)
(0.858523 1.44403 3.12394e-19)
(0.800551 1.4085 -6.40085e-20)
(0.738118 1.37576 1.81498e-20)
(0.665006 1.34577 -3.57433e-20)
(0.584951 1.32794 2.75647e-20)
(0.549169 1.41421 2.61865e-19)
(0.644818 2.05712 -1.30157e-19)
(0.802639 3.07295 -1.11354e-19)
(0.883876 3.31284 2.98386e-21)
(0.864743 3.18991 -3.54736e-20)
(0.632186 2.51963 1.516e-19)
(0.192279 0.744246 -8.5217e-20)
(-0.0847507 -0.276548 1.24646e-19)
(-0.130841 -0.224725 -3.79259e-19)
(-0.0598007 -0.125573 2.65287e-19)
(0.33079 0.549024 -1.91451e-19)
(0.738672 1.17935 0)
(0.882812 1.45558 -2.23062e-19)
(0.913391 1.5132 -3.21563e-19)
(0.883289 1.51336 0)
(0.836875 1.47674 -2.44046e-19)
(0.782016 1.44166 0)
(0.722261 1.40809 -1.16794e-19)
(0.650444 1.37853 -2.15074e-20)
(0.581623 1.36649 7.03906e-20)
(0.56304 1.49588 -1.27598e-19)
(0.684674 2.25725 7.20883e-20)
(0.842741 3.14072 1.74646e-19)
(0.907334 3.28211 1.37023e-20)
(0.847984 3.03899 -3.56026e-20)
(0.533465 2.09331 -5.13292e-20)
(0.0774933 0.125334 1.30937e-19)
(-0.182972 -0.268541 -1.46425e-19)
(-0.10514 -0.211102 4.89049e-22)
(-0.0462139 -0.0742438 -2.77301e-20)
(0.308681 0.546938 3.80997e-19)
(0.707387 1.19279 -2.91512e-19)
(0.852919 1.48462 2.37692e-19)
(0.885148 1.54879 1.54937e-19)
(0.855825 1.54664 2.81137e-20)
(0.812426 1.50888 1.5384e-19)
(0.760534 1.47305 0)
(0.705121 1.44036 -3.79037e-20)
(0.637476 1.41208 0)
(0.577835 1.40743 -6.58341e-20)
(0.578663 1.58207 1.26622e-19)
(0.729636 2.43475 -3.4345e-21)
(0.882785 3.18694 -6.02407e-20)
(0.933122 3.24812 4.13737e-20)
(0.81399 2.8588 -1.39791e-20)
(0.38913 1.53888 6.50173e-20)
(-0.0518354 -0.127797 -1.97554e-19)
(-0.225422 -0.262048 -1.12915e-19)
(-0.124862 -0.247112 -4.43945e-20)
(-0.0649646 -0.0792245 2.0759e-19)
(0.284595 0.542538 4.28955e-21)
(0.676087 1.21288 1.49624e-19)
(0.819471 1.51317 0)
(0.852028 1.57888 2.91314e-19)
(0.825983 1.57963 -4.14968e-19)
(0.787406 1.54236 1.55542e-19)
(0.73928 1.50694 -1.03844e-19)
(0.687675 1.47287 9.77171e-20)
(0.622626 1.44568 -8.65225e-20)
(0.573644 1.44868 -2.10218e-21)
(0.595046 1.67178 2.75682e-20)
(0.768447 2.59054 4.9188e-20)
(0.910537 3.1936 3.62281e-20)
(0.934715 3.19148 -6.26685e-20)
(0.751714 2.6087 -6.40267e-20)
(0.288449 1.04986 1.22381e-19)
(-0.0596751 -0.245822 -1.18909e-19)
(-0.222063 -0.298342 8.02302e-20)
(-0.123055 -0.27594 1.57125e-21)
(-0.0740473 -0.0998945 -1.81212e-19)
(0.255227 0.526849 7.09122e-19)
(0.6358 1.21422 -1.4918e-19)
(0.782518 1.53674 -4.06933e-19)
(0.817777 1.61283 3.30343e-19)
(0.794043 1.61195 -1.81483e-19)
(0.758918 1.57357 3.00553e-19)
(0.714262 1.53751 1.61617e-19)
(0.668308 1.50431 0)
(0.609781 1.47853 9.948e-20)
(0.568981 1.49124 -1.43908e-20)
(0.611183 1.75907 -1.27741e-20)
(0.808929 2.70985 -4.94136e-21)
(0.933736 3.19677 1.95271e-20)
(0.943244 3.1311 9.24726e-21)
(0.698152 2.42093 -9.74982e-20)
(0.169689 0.489529 -3.97756e-20)
(-0.053786 -0.269066 1.23596e-19)
(-0.142016 -0.306887 5.50455e-20)
(-0.110931 -0.276636 1.77499e-20)
(-0.0574793 -0.111477 1.53799e-19)
(0.223314 0.504539 0)
(0.595049 1.2218 1.38904e-19)
(0.740638 1.55758 -1.84763e-19)
(0.77791 1.6384 3.20435e-19)
(0.75963 1.64349 -3.96172e-19)
(0.729492 1.60617 1.65013e-19)
(0.689678 1.57041 0)
(0.648383 1.53515 0)
(0.596172 1.50966 0)
(0.561337 1.53208 2.06991e-20)
(0.625584 1.83823 -1.93989e-20)
(0.83576 2.79919 1.97939e-20)
(0.9491 3.19445 5.37672e-20)
(0.931239 3.06045 4.99496e-20)
(0.619623 2.16179 -8.73278e-20)
(0.0937905 0.199474 6.84063e-20)
(-0.11503 -0.271283 2.7994e-21)
(-0.114934 -0.319808 -1.25413e-19)
(-0.0922175 -0.242057 1.47974e-20)
(-0.0312197 -0.0842618 0)
(0.186002 0.464258 6.50322e-19)
(0.542959 1.19901 -1.2989e-19)
(0.695321 1.56972 4.65062e-21)
(0.73776 1.66735 0)
(0.722735 1.67102 -1.90251e-19)
(0.696379 1.63404 1.84023e-20)
(0.660709 1.59773 0)
(0.626238 1.56364 4.95528e-20)
(0.581941 1.53875 -3.91017e-20)
(0.55539 1.57022 0)
(0.635647 1.90346 0)
(0.863314 2.8609 -3.57305e-20)
(0.95804 3.19458 -7.63375e-20)
(0.922236 2.99034 -4.94772e-21)
(0.576157 1.98813 -2.08343e-20)
(0.0396921 0.0240029 3.19313e-20)
(-0.147842 -0.276078 0)
(-0.11524 -0.341789 -7.28912e-20)
(-0.0853471 -0.246005 -1.12392e-19)
(-0.00892553 -0.0731162 2.68272e-19)
(0.146096 0.410489 5.36734e-19)
(0.490798 1.18067 -1.24445e-19)
(0.643583 1.57366 1.7591e-19)
(0.690853 1.68347 -4.36797e-19)
(0.682776 1.69735 0)
(0.662185 1.66376 0)
(0.632248 1.62731 0)
(0.603279 1.59082 5.21743e-20)
(0.566378 1.56433 -4.11658e-20)
(0.544578 1.60157 0)
(0.644058 1.95804 0)
(0.875107 2.89442 1.12782e-19)
(0.962994 3.20046 -4.68337e-20)
(0.895822 2.95824 6.24986e-20)
(0.526145 1.80196 6.11855e-20)
(-0.0272989 0.0723924 0)
(-0.198687 -0.206265 -2.12716e-20)
(-0.182816 -0.322746 -2.16669e-20)
(-0.090776 -0.243435 2.25477e-19)
(0.0355971 0.047954 -2.70692e-19)
(0.103097 0.331728 -4.99e-19)
(0.424366 1.11268 1.30866e-19)
(0.588967 1.56326 3.70309e-19)
(0.644474 1.70149 2.51102e-19)
(0.639479 1.71521 -2.03337e-19)
(0.6248 1.68519 -1.3417e-19)
(0.599167 1.6483 9.13416e-20)
(0.577897 1.61369 0)
(0.55031 1.58653 0)
(0.534654 1.62413 0)
(0.642674 1.97783 -7.41029e-20)
(0.897349 2.91284 -1.15912e-19)
(0.973065 3.22001 4.57575e-20)
(0.854768 2.96852 -1.84007e-20)
(0.438282 1.78306 5.6476e-20)
(-0.175393 0.263954 0)
(-0.373719 -0.290977 8.476e-20)
(-0.399745 -0.517562 -2.81239e-19)
(-0.283429 -0.481174 6.54728e-19)
(-0.0330133 -0.000557006 -3.63046e-19)
(0.0554026 0.23224 5.28098e-19)
(0.35762 1.04605 -4.33858e-19)
(0.524075 1.5316 0)
(0.58944 1.69899 1.24579e-19)
(0.594101 1.73227 8.98512e-20)
(0.58567 1.70864 1.88924e-19)
(0.566105 1.6717 -8.53827e-20)
(0.550381 1.63359 0)
(0.530804 1.60378 0)
(0.518435 1.63763 -1.45646e-19)
(0.634807 1.97205 -4.6369e-21)
(0.905036 2.88749 8.74503e-20)
(1.00692 3.22147 4.89639e-20)
(0.900204 3.028 2.42428e-19)
(0.511368 1.84311 -4.58265e-19)
(-0.0685804 0.403424 7.42577e-19)
(-0.422943 -0.335123 -5.10116e-19)
(-0.48406 -0.893985 0)
(-0.477179 -1.06333 -3.53646e-20)
(-0.221062 -0.72652 1.00531e-18)
(0.0164758 0.142123 5.40919e-19)
(0.268399 0.89798 0)
(0.458241 1.47687 0)
(0.535318 1.69436 0)
(0.545323 1.73495 7.49863e-20)
(0.54375 1.71974 -1.87226e-19)
(0.528537 1.68324 -8.27656e-20)
(0.520135 1.64741 0)
(0.510041 1.61427 0)
(0.504552 1.64174 9.09506e-20)
(0.619669 1.93352 3.09842e-20)
(0.923262 2.8432 -4.21183e-20)
(1.08756 3.20612 4.2229e-20)
(1.11889 3.09091 1.57522e-19)
(0.910651 2.3195 -3.37246e-19)
(0.466141 0.939678 4.42769e-19)
(-0.0156033 -0.03554 -4.78133e-19)
(-0.285997 -1.00801 0)
(-0.418145 -1.34837 3.34868e-20)
(-0.265145 -1.24433 7.1059e-19)
(-0.00313394 0.0776118 -5.04303e-19)
(0.182966 0.749224 1.73735e-19)
(0.377687 1.36933 2.68561e-19)
(0.472913 1.65476 -1.54982e-20)
(0.49612 1.73689 -1.62333e-19)
(0.498919 1.73167 -1.03534e-19)
(0.489728 1.69858 2.3216e-19)
(0.484623 1.65711 -5.89674e-21)
(0.481892 1.61774 0)
(0.48106 1.63189 2.43436e-20)
(0.584065 1.86138 -1.16872e-20)
(0.902717 2.68355 3.43786e-20)
(1.15275 3.10369 0)
(1.21016 2.97676 -6.03654e-20)
(1.1519 2.54846 0)
(0.921327 1.64056 -7.8361e-20)
(0.536466 0.61034 8.81275e-21)
(0.174684 -0.245354 0)
(-0.0595178 -1.18383 0)
(-0.215021 -1.40731 1.85763e-19)
(-0.00226828 0.015127 4.04485e-19)
(0.0861212 0.424767 -1.51614e-19)
(0.314516 1.22458 1.20114e-19)
(0.413152 1.59862 -1.89051e-19)
(0.442444 1.71497 7.40165e-20)
(0.451441 1.72597 -2.49368e-20)
(0.446712 1.70258 1.53361e-20)
(0.444125 1.66122 -3.1107e-20)
(0.448257 1.61228 -1.9693e-20)
(0.455177 1.61042 -1.51954e-20)
(0.525338 1.75824 5.51996e-21)
(0.78996 2.48043 0)
(1.07969 2.93169 1.0831e-20)
(1.13094 2.87964 0)
(1.08912 2.59181 0)
(0.980371 2.00667 0)
(0.669676 1.10434 3.84343e-19)
(0.406126 0.282532 -8.87295e-19)
(0.156976 -0.487787 -5.68005e-22)
(0.0185055 -0.758011 6.60631e-19)
(0.0073512 -0.0424186 7.19296e-20)
(0.023052 0.163438 6.74967e-20)
(0.209397 0.931942 -5.49956e-20)
(0.344821 1.479 -4.13867e-20)
(0.389916 1.68834 3.34565e-20)
(0.400803 1.7211 2.32759e-20)
(0.399091 1.70827 1.61647e-20)
(0.393845 1.66323 0)
(0.397442 1.60339 -7.99481e-21)
(0.406371 1.579 -4.13036e-21)
(0.432254 1.65418 8.13514e-21)
(0.57278 2.15226 0)
(0.85177 2.78758 1.6873e-20)
(0.88999 2.78227 -3.08004e-20)
(0.871578 2.63987 0)
(0.801871 2.29792 0)
(0.609953 1.67266 -2.84079e-20)
(0.393702 0.984725 0)
(0.196771 0.36166 -2.23418e-20)
(0.0366545 -0.0808978 0)
(0.00494832 -0.0773089 0)
(0.00193053 0.0138094 0)
(0.0934617 0.557513 0)
(0.256128 1.27239 0)
(0.323242 1.60824 -8.25605e-34)
(0.344698 1.70088 6.11893e-34)
(0.345768 1.69945 0)
(0.34108 1.66579 0)
(0.337577 1.59564 0)
(0.343807 1.552 0)
(0.347426 1.58867 0)
(0.392102 1.92928 0)
(0.638598 2.62499 0)
(0.658443 2.75101 0)
(0.63787 2.70743 0)
(0.59944 2.52731 0)
(0.49385 2.13388 0)
(0.32231 1.5437 0)
(0.163587 0.980544 0)
(0.0395758 0.476684 0)
(-0.00415999 -0.0758257 0)
(0.00240295 -0.066935 0)
(0.0282414 0.212888 0)
(0.180405 1.02917 0)
(0.254739 1.50777 0)
(0.282493 1.67127 0)
(0.287411 1.69005 0)
(0.285296 1.66605 0)
(0.278344 1.59309 0)
(0.281196 1.53679 0)
(0.282643 1.55911 0)
(0.271401 1.83135 0)
(0.477889 2.52065 0)
(0.50274 2.75962 0)
(0.469058 2.76548 0)
(0.439083 2.67636 0)
(0.373109 2.41219 0)
(0.2452 1.91818 0)
(0.118492 1.41134 0)
(0.0233634 0.835568 0)
(-0.00484623 -0.0711656 0)
(0.01553 -0.103977 0)
(0.0173772 0.0629837 0)
(0.109578 0.787458 0)
(0.194227 1.40018 0)
(0.220874 1.63692 0)
(0.225431 1.67814 0)
(0.224931 1.66244 0)
(0.21845 1.59365 0)
(0.219452 1.53377 0)
(0.229506 1.5517 0)
(0.184454 1.78305 0)
(0.342803 2.45167 0)
(0.371513 2.77538 0)
(0.333047 2.82892 0)
(0.30618 2.79074 0)
(0.259507 2.61041 0)
(0.16871 2.19869 0)
(0.0733562 1.70592 0)
(0.0109667 1.05083 0)
(0.00222117 -0.105962 0)
(0.0286817 -0.17144 0)
(0.0346412 -0.0210891 0)
(0.0672052 0.594481 0)
(0.137669 1.298 0)
(0.158353 1.60041 0)
(0.162593 1.66734 0)
(0.166357 1.65763 0)
(0.162613 1.59632 0)
(0.162055 1.53876 0)
(0.183043 1.55494 0)
(0.121431 1.75549 0)
(0.236991 2.40286 0)
(0.266834 2.79323 0)
(0.228252 2.88816 0)
(0.203463 2.87875 0)
(0.171376 2.75234 0)
(0.110135 2.41073 0)
(0.0416371 1.94951 0)
(0.00134212 1.20778 0)
(0.0088389 -0.17983 0)
(0.0326313 -0.252057 0)
(0.0397523 -0.0462642 0)
(0.0209972 0.551276 0)
(0.0668729 1.24973 0)
(0.0820461 1.57423 0)
(0.094365 1.65468 0)
(0.10559 1.65112 0)
(0.109888 1.59685 0)
(0.111432 1.54379 0)
(0.141706 1.56138 0)
(0.0771474 1.74069 0)
(0.156692 2.36987 0)
(0.182185 2.80614 0)
(0.149682 2.93468 0)
(0.126153 2.94379 0)
(0.101698 2.85083 0)
(0.0581589 2.54555 0)
(0.0112852 2.08076 0)
(-0.00820664 1.24197 0)
(0.00882815 -0.254263 0)
(0.0248823 -0.297461 0)
(0.0132272 -0.00517547 0)
(-0.0257947 0.579228 0)
(-0.0152434 1.23059 0)
(-0.00205362 1.5547 0)
(0.026023 1.64092 0)
(0.0476399 1.63995 0)
(0.064593 1.59096 0)
(0.067481 1.54496 0)
(0.102755 1.56635 0)
(0.0461246 1.73097 0)
(0.0992741 2.34867 0)
(0.115957 2.81943 0)
(0.0891496 2.97148 0)
(0.0688241 2.9966 0)
(0.0546565 2.92125 0)
(0.0247501 2.64363 0)
(-0.00287714 2.17835 0)
(-0.0132251 1.22771 0)
(0.00511455 -0.285049 0)
(-0.00542585 -0.270385 0)
(-0.0358424 0.100655 0)
(-0.0837033 0.671387 0)
(-0.0868929 1.23768 0)
(-0.0734946 1.52299 0)
(-0.0373931 1.61056 0)
(-0.00569007 1.61907 0)
(0.0232309 1.57638 0)
(0.0290292 1.53884 0)
(0.0681067 1.56841 0)
(0.0226521 1.72604 0)
(0.06062 2.33156 0)
(0.067631 2.82629 0)
(0.0453188 2.9991 0)
(0.0293559 3.03526 0)
(0.0168546 2.96952 0)
(-0.00334368 2.69904 0)
(-0.0240533 2.21068 0)
(-0.0151338 1.18187 0)
(-0.00415419 -0.250621 0)
(-0.0303184 -0.175387 0)
(-0.0744772 0.210725 0)
(-0.118574 0.753872 0)
(-0.127166 1.23222 0)
(-0.113094 1.47555 0)
(-0.0777368 1.56467 0)
(-0.0464327 1.58624 0)
(-0.010634 1.55318 0)
(-0.00185028 1.52491 0)
(0.0387076 1.56604 0)
(0.00637601 1.72548 0)
(0.0314468 2.32348 0)
(0.0325101 2.83249 0)
(0.0142865 3.01798 0)
(0.000321026 3.06318 0)
(-0.00916168 3.00126 0)
(-0.0235568 2.72833 0)
(-0.0309548 2.20453 0)
(-0.0183859 1.08868 0)
(-0.00872751 -0.172382 0)
(-0.0397579 -0.0478057 0)
(-0.0878936 0.33065 0)
(-0.129767 0.823976 0)
(-0.138165 1.2186 0)
(-0.126609 1.42673 0)
(-0.0952684 1.51535 0)
(-0.0684813 1.5465 0)
(-0.0316653 1.52537 0)
(-0.0231288 1.50567 0)
(0.0164792 1.55938 0)
(-0.00692859 1.72281 0)
(0.0114936 2.31856 0)
(0.00542986 2.83784 0)
(-0.00825593 3.03334 0)
(-0.0194805 3.08326 0)
(-0.0279167 3.0199 0)
(-0.0370248 2.74183 0)
(-0.0368905 2.18259 0)
(-0.0187741 0.986089 0)
(-0.00910097 -0.0840286 0)
(-0.0392181 0.079784 0)
(-0.0848096 0.436136 0)
(-0.122758 0.878315 0)
(-0.131114 1.20989 0)
(-0.121289 1.38825 0)
(-0.0959607 1.47364 0)
(-0.0756436 1.50877 0)
(-0.0415883 1.49717 0)
(-0.036002 1.48678 0)
(0.0019906 1.55277 0)
(-0.0180703 1.72471 0)
(-0.00548938 2.3212 0)
(-0.0137451 2.84343 0)
(-0.0227242 3.04474 0)
(-0.0318137 3.09681 0)
(-0.0371096 3.03091 0)
(-0.0439024 2.73784 0)
(-0.0380559 2.13347 0)
(-0.0156315 0.88011 0)
(-0.00758355 0.000546993 0)
(-0.0336405 0.203081 0)
(-0.0734437 0.537843 0)
(-0.10613 0.930612 0)
(-0.114807 1.20972 0)
(-0.10788 1.36398 0)
(-0.0892625 1.44272 0)
(-0.0736963 1.47778 0)
(-0.0445156 1.47281 0)
(-0.0421105 1.46978 0)
(-0.00659663 1.54509 0)
(-0.0249966 1.72383 0)
(-0.0177066 2.32407 0)
(-0.0282029 2.8518 0)
(-0.0328093 3.0554 0)
(-0.0393113 3.10774 0)
(-0.0431427 3.03632 0)
(-0.0441542 2.72908 0)
(-0.0352853 2.08465 0)
(-0.0109581 0.789404 0)
(-0.00531366 0.0670726 0)
(-0.0254209 0.301445 0)
(-0.0575188 0.618022 0)
(-0.0841449 0.972337 0)
(-0.0921774 1.21647 0)
(-0.0899536 1.35315 0)
(-0.0781923 1.42471 0)
(-0.0685784 1.45671 0)
(-0.0447605 1.45487 0)
(-0.0452418 1.45714 0)
(-0.0116038 1.53798 0)
(-0.0318834 1.72722 0)
(-0.0242265 2.32952 0)
(-0.0358026 2.86031 0)
(-0.0392013 3.06461 0)
(-0.0437596 3.11504 0)
(-0.0439736 3.0354 0)
(-0.0431457 2.70865 0)
(-0.0315791 2.0169 0)
(-0.00697901 0.710899 0)
(-0.00324588 0.115713 0)
(-0.0175829 0.381538 0)
(-0.0425709 0.688257 0)
(-0.0642848 1.01153 0)
(-0.0717002 1.22803 0)
(-0.0724341 1.35088 0)
(-0.0657236 1.41607 0)
(-0.0602803 1.44459 0)
(-0.0407725 1.44353 0)
(-0.0438961 1.44714 0)
(-0.0146147 1.53244 0)
(-0.0339958 1.7302 0)
(-0.0304017 2.33759 0)
(-0.0402322 2.8681 0)
(-0.0415996 3.07018 0)
(-0.0447787 3.11826 0)
(-0.0434829 3.03219 0)
(-0.0404174 2.69253 0)
(-0.027217 1.96309 0)
(-0.00381541 0.652176 0)
(-0.00175985 0.146531 0)
(-0.0111528 0.436829 0)
(-0.0294791 0.738864 0)
(-0.0461525 1.04171 0)
(-0.0533929 1.23974 0)
(-0.0562566 1.35228 0)
(-0.0532923 1.41205 0)
(-0.0517775 1.43734 0)
(-0.0361885 1.43628 0)
(-0.0419229 1.44103 0)
(-0.0153852 1.52895 0)
(-0.0357384 1.73543 0)
(-0.0303595 2.34474 0)
(-0.0407748 2.87388 0)
(-0.0428746 3.0734 0)
(-0.0444598 3.11782 0)
(-0.0423083 3.02336 0)
(-0.0381808 2.65852 0)
(-0.023009 1.89147 0)
(-0.00185433 0.601397 0)
(-0.00081301 0.165684 0)
(-0.00655476 0.47732 0)
(-0.0198498 0.779876 0)
(-0.0327571 1.0677 0)
(-0.0389882 1.25193 0)
(-0.0431696 1.35588 0)
(-0.0422377 1.41081 0)
(-0.0426804 1.43298 0)
(-0.0307211 1.43075 0)
(-0.0395885 1.43592 0)
(-0.0153901 1.52713 0)
(-0.0356923 1.74092 0)
(-0.0327616 2.35413 0)
(-0.0426048 2.87985 0)
(-0.0425455 3.07502 0)
(-0.0438832 3.11625 0)
(-0.0409939 3.01588 0)
(-0.0345174 2.63861 0)
(-0.0193672 1.8409 0)
(-0.000332316 0.566158 0)
(-0.000330607 0.175868 0)
(-0.00376253 0.502755 0)
(-0.0131751 0.808541 0)
(-0.0230364 1.08764 0)
(-0.0285793 1.26407 0)
(-0.0336352 1.36091 0)
(-0.0346078 1.41035 0)
(-0.0361263 1.4293 0)
(-0.0268441 1.42746 0)
(-0.0378683 1.43339 0)
(-0.0157942 1.52661 0)
(-0.0346814 1.74569 0)
(-0.030562 2.35984 0)
(-0.0414829 2.88337 0)
(-0.0421278 3.0749 0)
(-0.0421072 3.11242 0)
(-0.038173 3.00033 0)
(-0.0326072 2.59859 0)
(-0.0158029 1.77148 0)
(0.00047794 0.533931 0)
(-0.000110486 0.182022 0)
(-0.00216592 0.52135 0)
(-0.00911229 0.831172 0)
(-0.0168303 1.1033 0)
(-0.0213799 1.27476 0)
(-0.0262252 1.36771 0)
(-0.0279633 1.41341 0)
(-0.0311881 1.42908 0)
(-0.0248906 1.42654 0)
(-0.0368285 1.4315 0)
(-0.0166156 1.52653 0)
(-0.0367607 1.75088 0)
(-0.0332362 2.36604 0)
(-0.0414048 2.88652 0)
(-0.0414944 3.07444 0)
(-0.0417316 3.1092 0)
(-0.0380474 2.99055 0)
(-0.0304947 2.57573 0)
(-0.0134783 1.72398 0)
(0.000649305 0.513696 0)
(-6.36879e-05 0.18524 0)
(-0.00148712 0.533308 0)
(-0.00657271 0.848015 0)
(-0.0130873 1.11649 0)
(-0.0174152 1.28424 0)
(-0.0214785 1.37395 0)
(-0.0237688 1.41641 0)
(-0.0266092 1.43046 0)
(-0.0222517 1.42761 0)
(-0.033655 1.43046 0)
(-0.0181654 1.52688 0)
(-0.0352522 1.75581 0)
(-0.0324199 2.37126 0)
(-0.0415449 2.89015 0)
(-0.040559 3.07352 0)
(-0.0394075 3.1033 0)
(-0.0348547 2.97308 0)
(-0.0279454 2.53488 0)
(-0.0115877 1.66144 0)
(0.00105495 0.491823 0)
(-5.85701e-05 0.187941 0)
(-0.00110484 0.543243 0)
(-0.00522594 0.861939 0)
(-0.0100011 1.12743 0)
(-0.0144934 1.29194 0)
(-0.0177298 1.37951 0)
(-0.0200304 1.42033 0)
(-0.023981 1.43283 0)
(-0.0215078 1.42953 0)
(-0.032056 1.431 0)
(-0.0188507 1.52765 0)
(-0.0364579 1.76031 0)
(-0.0334454 2.37499 0)
(-0.0409658 2.89212 0)
(-0.0401647 3.07167 0)
(-0.0402268 3.09952 0)
(-0.0361755 2.96203 0)
(-0.0288698 2.51031 0)
(-0.0107347 1.61857 0)
(0.000727684 0.478346 0)
(-6.93125e-05 0.189592 0)
(-0.000822006 0.550111 0)
(-0.00419759 0.872509 0)
(-0.00829485 1.13683 0)
(-0.0123049 1.29937 0)
(-0.0153411 1.38405 0)
(-0.0178018 1.42264 0)
(-0.0205635 1.43506 0)
(-0.0184006 1.43133 0)
(-0.0284418 1.43162 0)
(-0.0197961 1.52959 0)
(-0.0347417 1.76734 0)
(-0.0351894 2.3818 0)
(-0.0413046 2.89594 0)
(-0.0405101 3.07082 0)
(-0.0391457 3.09293 0)
(-0.0350225 2.94294 0)
(-0.0279413 2.46714 0)
(-0.0103033 1.55566 0)
(0.000590006 0.45943 0)
(-8.86703e-05 0.191462 0)
(-0.000831298 0.556718 0)
(-0.00375557 0.882769 0)
(-0.00662716 1.14479 0)
(-0.00983644 1.30632 0)
(-0.0129254 1.3891 0)
(-0.0156779 1.42644 0)
(-0.0188297 1.4371 0)
(-0.017155 1.43346 0)
(-0.0270795 1.43388 0)
(-0.0196449 1.53172 0)
(-0.0336491 1.77144 0)
(-0.034511 2.38565 0)
(-0.0421481 2.8981 0)
(-0.0417364 3.06991 0)
(-0.0410427 3.08998 0)
(-0.0374813 2.93268 0)
(-0.0293153 2.44329 0)
(-0.0105727 1.51732 0)
(0.000380435 0.44701 0)
(-8.21164e-05 0.192734 0)
(-0.000678042 0.561474 0)
(-0.00312743 0.889124 0)
(-0.00551104 1.14941 0)
(-0.00792482 1.31219 0)
(-0.0110026 1.39345 0)
(-0.0134295 1.42871 0)
(-0.0153962 1.43897 0)
(-0.0141728 1.43607 0)
(-0.0239055 1.43682 0)
(-0.0183925 1.535 0)
(-0.0335688 1.77997 0)
(-0.0341077 2.39383 0)
(-0.0416435 2.90252 0)
(-0.0425965 3.07007 0)
(-0.0410023 3.08399 0)
(-0.0366792 2.91257 0)
(-0.0286709 2.3958 0)
(-0.0104295 1.45053 0)
(0.000919693 0.427148 0)
(-9.70041e-05 0.19436 0)
(-0.000961253 0.566538 0)
(-0.00352882 0.896816 0)
(-0.00611977 1.15436 0)
(-0.0071238 1.31744 0)
(-0.0097791 1.39826 0)
(-0.0126774 1.43165 0)
(-0.0147703 1.44047 0)
(-0.0141159 1.43825 0)
(-0.0235922 1.43904 0)
(-0.0178207 1.53715 0)
(-0.0299267 1.78508 0)
(-0.0354943 2.39901 0)
(-0.0431212 2.90582 0)
(-0.0441211 3.06991 0)
(-0.0444264 3.08184 0)
(-0.0401256 2.90134 0)
(-0.0310433 2.36879 0)
(-0.00978481 1.4135 0)
(0.000548047 0.41728 0)
(-0.000120193 0.196412 0)
(-0.00096804 0.572678 0)
(-0.00334674 0.904523 0)
(-0.00562578 1.15779 0)
(-0.0065302 1.3205 0)
(-0.00879469 1.40199 0)
(-0.0101503 1.43441 0)
(-0.0127739 1.44301 0)
(-0.0122064 1.44201 0)
(-0.0213074 1.44289 0)
(-0.0170085 1.53962 0)
(-0.0300009 1.79498 0)
(-0.0358924 2.41039 0)
(-0.0444794 2.91374 0)
(-0.0468875 3.07103 0)
(-0.0461567 3.07631 0)
(-0.0412703 2.87825 0)
(-0.0314257 2.31362 0)
(-0.0103423 1.34137 0)
(0.001625 0.397677 0)
(-0.000183217 0.197833 0)
(-0.00133122 0.57621 0)
(-0.00364731 0.908625 0)
(-0.00646227 1.16018 0)
(-0.0070068 1.32293 0)
(-0.0086785 1.40469 0)
(-0.0103128 1.43599 0)
(-0.0133667 1.44435 0)
(-0.0123815 1.44367 0)
(-0.0214233 1.44501 0)
(-0.0164639 1.54214 0)
(-0.0305387 1.80079 0)
(-0.0387346 2.41705 0)
(-0.0482713 2.91798 0)
(-0.0496958 3.07251 0)
(-0.0514369 3.07528 0)
(-0.0463188 2.86526 0)
(-0.0337252 2.28222 0)
(-0.00939958 1.30418 0)
(0.00206835 0.393047 0)
(-0.000330163 0.202776 0)
(-0.00169746 0.586386 0)
(-0.00395794 0.919842 0)
(-0.00663298 1.16754 0)
(-0.00756417 1.32557 0)
(-0.00838254 1.40743 0)
(-0.00953167 1.4401 0)
(-0.0135496 1.44838 0)
(-0.0133198 1.44822 0)
(-0.0228783 1.45102 0)
(-0.0205111 1.54671 0)
(-0.030598 1.81847 0)
(-0.0434985 2.43684 0)
(-0.0526503 2.93087 0)
(-0.0547323 3.07441 0)
(-0.054485 3.0676 0)
(-0.0488676 2.8273 0)
(-0.0356402 2.19552 0)
(-0.0115754 1.20295 0)
(-0.000809823 0.364693 0)
(-0.238187 1.57371 1.26756e-22)
(0.396122 3.23594 1.85699e-20)
(0.0913089 3.46647 6.3831e-20)
(0.198399 3.43522 0)
(0.157962 3.38939 0)
(0.152316 3.34233 -3.82115e-19)
(0.154694 3.316 3.99503e-19)
(0.127369 3.27269 -4.18076e-19)
(0.113659 3.17909 7.7058e-21)
(0.0972824 2.56813 5.72646e-19)
(-0.105194 2.32631 1.04096e-23)
(0.131459 3.2911 1.67028e-19)
(0.0101661 3.43838 0)
(0.0970702 3.39132 0)
(0.0728587 3.34526 1.13485e-20)
(0.0780578 3.30779 7.92851e-19)
(0.0742203 3.27648 -4.42314e-19)
(0.0504351 3.24101 -7.43775e-21)
(0.0504953 3.08336 7.09634e-21)
(0.000677617 2.0865 0)
(-0.0277843 2.07444 1.81564e-19)
(0.0857369 3.14171 -1.91867e-19)
(0.0241366 3.34601 0)
(0.0721478 3.32514 3.64914e-19)
(0.0518256 3.3032 -1.36884e-21)
(0.0527425 3.28157 -4.12392e-19)
(0.0458957 3.26652 -5.12126e-19)
(0.0305483 3.24581 -2.14217e-22)
(0.0408739 3.11925 7.32337e-21)
(-0.0167458 2.21154 0)
(-0.0406512 2.019 -4.61598e-20)
(0.0278515 3.11854 0)
(-0.0138263 3.30933 -1.92765e-19)
(0.0211359 3.30758 -1.5851e-19)
(0.0162104 3.28395 1.43971e-20)
(0.0223389 3.26161 -2.67036e-19)
(0.0271682 3.24631 2.38046e-19)
(0.0214831 3.23359 -8.54003e-21)
(0.0420068 3.12544 1.12835e-20)
(0.00724078 2.25042 2.93516e-19)
(-0.0528157 2.02496 -1.49285e-19)
(0.0133893 3.0902 0)
(-0.00767213 3.26703 4.16265e-19)
(0.0113178 3.26225 -2.29933e-19)
(0.0140514 3.24835 -7.03117e-22)
(0.0169445 3.2377 -1.99912e-21)
(0.0213048 3.23333 -1.55365e-20)
(0.0219455 3.22421 -3.03355e-19)
(0.0429817 3.12764 8.33629e-21)
(-0.00312086 2.31215 -6.14703e-19)
(-0.050008 2.085 0)
(-0.0102372 3.08614 -2.29055e-19)
(-0.028604 3.24297 1.8997e-20)
(-0.0150235 3.24704 -1.59359e-20)
(-0.00562224 3.23233 1.63334e-20)
(0.0032784 3.21979 2.71252e-19)
(0.0157293 3.21123 2.8375e-19)
(0.0209601 3.20543 5.96764e-19)
(0.0427022 3.12398 3.30685e-19)
(0.0105979 2.3542 -1.66578e-20)
(-0.0512654 2.14096 0)
(-0.0198468 3.08204 2.37002e-19)
(-0.0191284 3.21393 -2.4877e-19)
(-0.0115915 3.21278 -1.72174e-20)
(-0.000367557 3.20247 3.56038e-20)
(0.00754808 3.19594 3.66945e-22)
(0.0165093 3.19541 -1.91507e-20)
(0.0218565 3.19102 -3.11974e-19)
(0.0423488 3.12154 -3.21773e-19)
(0.00384889 2.41975 -1.72593e-20)
(-0.0477401 2.22864 2.73369e-19)
(-0.0285937 3.08553 -1.26989e-20)
(-0.0321673 3.19396 8.76419e-21)
(-0.0236815 3.1954 0)
(-0.0134194 3.18552 0)
(-0.00135372 3.1778 0)
(0.013262 3.17179 0)
(0.0206474 3.16933 3.4782e-19)
(0.0411813 3.11261 -3.58569e-19)
(0.0153548 2.4639 3.54294e-19)
(-0.0463952 2.30617 2.64457e-20)
(-0.0329676 3.08466 2.90954e-19)
(-0.0211268 3.16955 0)
(-0.0146491 3.16536 -1.96116e-20)
(-0.00404553 3.15764 2.00571e-20)
(0.00527591 3.15325 0)
(0.0148712 3.15409 -1.08741e-20)
(0.0207559 3.15279 -3.3758e-19)
(0.0401786 3.1093 3.59824e-19)
(0.0104188 2.53305 0)
(-0.0437709 2.40375 1.60155e-20)
(-0.0358439 3.0862 -4.46236e-19)
(-0.0301012 3.14974 0)
(-0.0225086 3.14684 0)
(-0.0136643 3.1391 2.15122e-20)
(-0.00210979 3.13355 -1.81523e-19)
(0.0116427 3.12905 -2.26992e-20)
(0.0191818 3.12933 1.93474e-19)
(0.0385625 3.09615 0)
(0.0192358 2.58107 0)
(-0.0400224 2.49024 -4.71865e-19)
(-0.0385751 3.08219 1.59935e-19)
(-0.020627 3.12424 0)
(-0.0128775 3.11623 0)
(-0.00339437 3.10956 0)
(0.00557778 3.10665 3.73851e-19)
(0.0143818 3.10876 0)
(0.0201793 3.11063 -2.06412e-19)
(0.0378738 3.09051 1.27547e-20)
(0.0149431 2.65382 2.16037e-19)
(-0.0377573 2.58977 1.68304e-19)
(-0.0398004 3.07579 -1.63598e-20)
(-0.029644 3.10132 1.96026e-19)
(-0.0210326 3.09504 1.90538e-19)
(-0.0124086 3.08842 0)
(-0.000770061 3.08416 -1.92102e-19)
(0.0125228 3.08135 0)
(0.0210106 3.0845 0)
(0.0385055 3.07217 0)
(0.0223024 2.70643 -2.1704e-19)
(-0.0350974 2.6781 -1.78092e-19)
(-0.0429713 3.06232 1.83896e-19)
(-0.0235466 3.07214 -1.84779e-19)
(-0.0130629 3.06218 -2.91311e-19)
(-0.0028193 3.057 0)
(0.0071397 3.05555 2.60579e-20)
(0.0167433 3.05876 -1.33018e-20)
(0.0247987 3.06312 9.91677e-20)
(0.0417201 3.06164 1.23131e-19)
(0.0208321 2.78044 -1.2671e-19)
(-0.0343838 2.77325 1.82732e-19)
(-0.0460505 3.04536 -1.76153e-19)
(-0.0329273 3.04592 1.25541e-20)
(-0.0208869 3.04036 7.41881e-20)
(-0.0111489 3.03625 -1.06487e-19)
(0.000303747 3.03374 0)
(0.0138771 3.032 1.14443e-19)
(0.0256271 3.0356 4.95104e-21)
(0.0446083 3.0366 -2.3834e-19)
(0.0286879 2.83263 -6.55225e-21)
(-0.0295418 2.85494 -5.21762e-20)
(-0.0442769 3.02146 1.276e-20)
(-0.0231649 3.01774 -6.62239e-20)
(-0.0111966 3.01441 2.71155e-20)
(-0.00222313 3.0141 1.29796e-19)
(0.00627246 3.01344 -5.51688e-20)
(0.0143979 3.0143 -5.49182e-20)
(0.0233555 3.01702 -5.70562e-20)
(0.0418258 3.02183 1.22416e-19)
(0.024821 2.90032 5.98578e-20)
(-0.0176632 2.94074 4.19435e-20)
(-0.0259651 3.00091 1.8543e-20)
(-0.0161454 3.00088 3.64944e-20)
(-0.00935808 3.0016 -7.48154e-20)
(-0.00414956 3.00263 2.52815e-20)
(0.000678831 3.00215 5.13871e-20)
(0.00549698 3.00063 -5.36273e-20)
(0.0107253 2.99899 -5.60322e-20)
(0.0218009 2.99715 7.58538e-21)
(0.0165259 2.94914 5.38051e-20)
)
;

boundaryField
{
    wall-4
    {
        type            noSlip;
    }
    pressure-outlet-7
    {
        type            zeroGradient;
    }
    velocity-inlet-6
    {
        type            fixedValue;
        value           uniform (0 3 0);
    }
    velocity-inlet-5
    {
        type            fixedValue;
        value           uniform (1 0 0);
    }
    frontAndBackPlanes
    {
        type            empty;
    }
}


// ************************************************************************* //
