/*--------------------------------*- C++ -*----------------------------------*\
| =========                 |                                                 |
| \\      /  F ield         | OpenFOAM: The Open Source CFD Toolbox           |
|  \\    /   O peration     | Version:  v2012                                 |
|   \\  /    A nd           | Website:  www.openfoam.com                      |
|    \\/     M anipulation  |                                                 |
\*---------------------------------------------------------------------------*/
FoamFile
{
    version     2.0;
    format      ascii;
    class       volVectorField;
    location    "59";
    object      U;
}
// * * * * * * * * * * * * * * * * * * * * * * * * * * * * * * * * * * * * * //

dimensions      [0 1 -1 0 0 0 0];


internalField   nonuniform List<vector> 
2200
(
(0.878857 -0.030411 0)
(1.0058 -0.0512798 0)
(1.00331 -0.0353827 0)
(1.00033 -0.0244301 0)
(0.999915 -0.0166459 0)
(1.00001 -0.0107174 0)
(1.00001 -0.00682357 0)
(1 -0.00418028 0)
(0.99998 -0.00215144 0)
(1.00018 -0.000602946 0)
(0.999994 0.00110485 0)
(1.00003 0.00257238 0)
(1.00021 0.00449009 0)
(1.00016 0.00706481 0)
(1.00011 0.010833 0)
(1.00006 0.0166482 0)
(1.00038 0.0243718 0)
(1.00348 0.0348677 0)
(1.00599 0.0513771 0)
(0.879054 0.0302983 0)
(0.711997 -0.032767 0)
(0.996643 -0.063017 0)
(1.0333 -0.0561879 0)
(1.02484 -0.0464474 0)
(1.01584 -0.036161 0)
(1.00966 -0.0264226 0)
(1.00594 -0.0181849 0)
(1.0038 -0.0114582 0)
(1.00263 -0.00613439 0)
(1.00206 -0.00169297 0)
(1.00202 0.00249644 0)
(1.00235 0.00706907 0)
(1.00337 0.0123345 0)
(1.00558 0.0189327 0)
(1.00935 0.027199 0)
(1.01545 0.0369548 0)
(1.02457 0.0474516 0)
(1.03315 0.0579786 0)
(0.996707 0.0631412 0)
(0.711777 0.0330335 0)
(0.535572 -0.0238889 0)
(0.969918 -0.0569228 0)
(1.05645 -0.0546942 0)
(1.05229 -0.0487264 0)
(1.03629 -0.0403859 0)
(1.02446 -0.0322253 0)
(1.01589 -0.0239438 0)
(1.01036 -0.0160913 0)
(1.00711 -0.00877227 0)
(1.00563 -0.00206399 0)
(1.00576 0.00434914 0)
(1.00725 0.0107409 0)
(1.01043 0.0177715 0)
(1.01575 0.0254487 0)
(1.02421 0.0334279 0)
(1.03624 0.0414034 0)
(1.05229 0.0493941 0)
(1.05633 0.0532651 0)
(0.969223 0.0576421 0)
(0.534414 0.0239349 0)
(0.392315 -0.0136539 0)
(0.911789 -0.0464008 0)
(1.05749 -0.0469361 0)
(1.06949 -0.0443268 0)
(1.05483 -0.0381887 0)
(1.03933 -0.0314869 0)
(1.02758 -0.0246946 0)
(1.01912 -0.017443 0)
(1.01379 -0.00998462 0)
(1.01111 -0.00248567 0)
(1.01066 0.00500238 0)
(1.01289 0.0125191 0)
(1.0181 0.0197925 0)
(1.02657 0.0266342 0)
(1.03839 0.033065 0)
(1.05389 0.0395352 0)
(1.06811 0.0456311 0)
(1.05549 0.0483242 0)
(0.909889 0.0469923 0)
(0.389935 0.0137795 0)
(0.307693 -0.0045156 0)
(0.846749 -0.0323855 0)
(1.04945 -0.0399328 0)
(1.07953 -0.0381811 0)
(1.06828 -0.0335295 0)
(1.05173 -0.0279447 0)
(1.03833 -0.0225402 0)
(1.02808 -0.0164936 0)
(1.02095 -0.00956164 0)
(1.01713 -0.00186871 0)
(1.01723 0.0060775 0)
(1.02085 0.0132997 0)
(1.02753 0.0197838 0)
(1.03738 0.0254562 0)
(1.05038 0.0303729 0)
(1.06679 0.0356657 0)
(1.07783 0.0399834 0)
(1.04742 0.0417138 0)
(0.843071 0.0329458 0)
(0.303798 0.00473202 0)
(0.264266 0.000104931 0)
(0.788989 -0.0200609 0)
(1.03338 -0.0314459 0)
(1.08352 -0.0320087 0)
(1.07727 -0.028743 0)
(1.06083 -0.023848 0)
(1.04723 -0.0193984 0)
(1.03638 -0.0142926 0)
(1.02859 -0.0082333 0)
(1.02417 -0.0012584 0)
(1.02343 0.00598022 0)
(1.027 0.0128384 0)
(1.03439 0.0185167 0)
(1.04495 0.0230975 0)
(1.05852 0.0271139 0)
(1.07482 0.0315307 0)
(1.08027 0.0342641 0)
(1.02911 0.0333241 0)
(0.782619 0.0207342 0)
(0.258791 0.000119207 0)
(0.24035 0.00106736 0)
(0.738386 -0.0122868 0)
(1.01373 -0.0249997 0)
(1.08408 -0.0267761 0)
(1.08304 -0.0244952 0)
(1.06781 -0.0203434 0)
(1.05427 -0.0163114 0)
(1.04341 -0.0118118 0)
(1.0352 -0.00644536 0)
(1.0302 -2.15549e-05 0)
(1.03006 0.00680774 0)
(1.03428 0.0125999 0)
(1.04164 0.0172706 0)
(1.05186 0.0212015 0)
(1.06486 0.0245546 0)
(1.07953 0.0279988 0)
(1.08007 0.0296204 0)
(1.00773 0.027195 0)
(0.729072 0.013133 0)
(0.233201 -0.000840129 0)
(0.225999 0.000955758 0)
(0.69546 -0.00804871 0)
(0.993063 -0.0207639 0)
(1.0822 -0.0231395 0)
(1.08686 -0.0212749 0)
(1.0734 -0.0176939 0)
(1.0599 -0.0138868 0)
(1.04932 -0.00957783 0)
(1.0414 -0.00459262 0)
(1.03658 0.00101566 0)
(1.03549 0.00677208 0)
(1.03882 0.0121372 0)
(1.04583 0.0164877 0)
(1.05589 0.0199405 0)
(1.06923 0.0230216 0)
(1.08198 0.025808 0)
(1.07563 0.0267436 0)
(0.983319 0.0234107 0)
(0.681945 0.00910567 0)
(0.216761 -0.000715777 0)
(0.216426 0.000623525 0)
(0.660078 -0.00567294 0)
(0.972578 -0.0176231 0)
(1.07957 -0.0202222 0)
(1.0903 -0.0186576 0)
(1.07828 -0.0155283 0)
(1.06489 -0.0118584 0)
(1.05437 -0.00767762 0)
(1.04639 -0.00288294 0)
(1.04117 0.00253405 0)
(1.04051 0.00803979 0)
(1.04421 0.0126693 0)
(1.05082 0.0163681 0)
(1.06021 0.0196383 0)
(1.07271 0.0223127 0)
(1.08356 0.0244604 0)
(1.07106 0.0249485 0)
(0.959507 0.020969 0)
(0.642037 0.00705968 0)
(0.204729 -0.000336371 0)
(0.209217 0.000295837 0)
(0.631452 -0.00422709 0)
(0.953609 -0.015037 0)
(1.07633 -0.0179845 0)
(1.09332 -0.0166555 0)
(1.08291 -0.0137181 0)
(1.06947 -0.0101207 0)
(1.05902 -0.00601389 0)
(1.05128 -0.00132046 0)
(1.04645 0.00367148 0)
(1.04489 0.00865432 0)
(1.04716 0.0130976 0)
(1.05326 0.0168973 0)
(1.06268 0.0196615 0)
(1.0756 0.0220627 0)
(1.08445 0.0238095 0)
(1.06403 0.0237316 0)
(0.934678 0.0190668 0)
(0.607106 0.00590116 0)
(0.19429 3.45661e-05 0)
(0.203375 8.22752e-05 0)
(0.608159 -0.00316168 0)
(0.935702 -0.0125847 0)
(1.07332 -0.0155983 0)
(1.09671 -0.014444 0)
(1.08761 -0.0117138 0)
(1.07412 -0.00820646 0)
(1.06338 -0.00416991 0)
(1.0552 0.000509358 0)
(1.04966 0.00566767 0)
(1.04823 0.0105027 0)
(1.05128 0.0147463 0)
(1.05723 0.0176929 0)
(1.06611 0.0203536 0)
(1.07805 0.0223825 0)
(1.08488 0.0235591 0)
(1.05734 0.0229726 0)
(0.911066 0.0175351 0)
(0.576998 0.00525171 0)
(0.184743 0.000317789 0)
(0.198772 3.00818e-06 0)
(0.589878 -0.00231077 0)
(0.920235 -0.0102895 0)
(1.07027 -0.0135307 0)
(1.09998 -0.0124747 0)
(1.09247 -0.00972065 0)
(1.07891 -0.00613453 0)
(1.06805 -0.00224835 0)
(1.05987 0.00221195 0)
(1.05448 0.00701045 0)
(1.05222 0.0118423 0)
(1.05342 0.0156358 0)
(1.0587 0.0189341 0)
(1.06775 0.0209573 0)
(1.08029 0.0226845 0)
(1.08463 0.0236067 0)
(1.04825 0.0223209 0)
(0.886456 0.0162919 0)
(0.549418 0.00486283 0)
(0.175328 0.000486462 0)
(0.195176 2.54504e-05 0)
(0.575141 -0.00156492 0)
(0.90562 -0.00813602 0)
(1.06751 -0.0110648 0)
(1.10362 -0.00998635 0)
(1.09743 -0.00728476 0)
(1.08365 -0.00374888 0)
(1.07218 0.000263149 0)
(1.06316 0.00487885 0)
(1.05664 0.0099302 0)
(1.05413 0.0144167 0)
(1.05652 0.0181241 0)
(1.06214 0.0202023 0)
(1.07082 0.0221807 0)
(1.08185 0.0235736 0)
(1.08388 0.0239676 0)
(1.03941 0.0221704 0)
(0.86284 0.0154301 0)
(0.524559 0.00467346 0)
(0.166283 0.000571466 0)
(0.193057 6.60585e-05 0)
(0.564592 -0.000783421 0)
(0.894339 -0.00592028 0)
(1.06512 -0.00878312 0)
(1.10716 -0.00756345 0)
(1.10261 -0.00469271 0)
(1.0889 -0.000941031 0)
(1.07733 0.00295915 0)
(1.06828 0.00736654 0)
(1.06176 0.0120171 0)
(1.05827 0.0165719 0)
(1.05843 0.0198133 0)
(1.06287 0.0223865 0)
(1.07177 0.0236234 0)
(1.08295 0.0245448 0)
(1.08207 0.0245745 0)
(1.02739 0.0222501 0)
(0.837426 0.0148539 0)
(0.500263 0.00461024 0)
(0.157089 0.000612727 0)
(0.192149 0.000102101 0)
(0.557055 -0.000239875 0)
(0.883947 -0.0039903 0)
(1.06342 -0.00612671 0)
(1.11121 -0.0046983 0)
(1.10799 -0.00169509 0)
(1.09414 0.00207725 0)
(1.08177 0.00631611 0)
(1.07154 0.0110713 0)
(1.06362 0.0161511 0)
(1.05976 0.020342 0)
(1.06091 0.0232305 0)
(1.06608 0.0246371 0)
(1.07436 0.0258086 0)
(1.08303 0.0262961 0)
(1.07951 0.0257636 0)
(1.01583 0.0227039 0)
(0.813018 0.0146252 0)
(0.477555 0.0046374 0)
(0.148157 0.00062903 0)
(0.192706 8.43858e-05 0)
(0.5527 0.00081838 0)
(0.87769 -0.00158847 0)
(1.06272 -0.00345766 0)
(1.11547 -0.00166715 0)
(1.1137 0.00160366 0)
(1.09995 0.00577526 0)
(1.08758 0.0101194 0)
(1.07737 0.014841 0)
(1.06917 0.0194626 0)
(1.06381 0.0235023 0)
(1.06258 0.0262598 0)
(1.06562 0.0277545 0)
(1.07389 0.0282713 0)
(1.08282 0.0283922 0)
(1.07495 0.0273861 0)
(1.00041 0.0235179 0)
(0.785978 0.0147665 0)
(0.453994 0.00477581 0)
(0.138769 0.000652516 0)
(0.194736 0.000228014 0)
(0.552908 0.00151771 0)
(0.872775 0.00046966 0)
(1.06336 -0.000100097 0)
(1.1205 0.00210416 0)
(1.11981 0.00575009 0)
(1.10584 0.0101436 0)
(1.09247 0.0149848 0)
(1.08067 0.0201509 0)
(1.07071 0.0252151 0)
(1.06491 0.0290465 0)
(1.06432 0.0308367 0)
(1.06849 0.0318329 0)
(1.07575 0.0321119 0)
(1.08115 0.0313532 0)
(1.06983 0.0296401 0)
(0.985483 0.0249 0)
(0.759524 0.0152443 0)
(0.431058 0.00503727 0)
(0.129362 0.000682166 0)
(0.198873 0.000665125 0)
(0.555515 0.0023098 0)
(0.873059 0.00330966 0)
(1.06589 0.00322113 0)
(1.12645 0.00608288 0)
(1.12681 0.0100722 0)
(1.11256 0.0150444 0)
(1.09896 0.0201573 0)
(1.08717 0.0254354 0)
(1.07695 0.0303286 0)
(1.06905 0.0338244 0)
(1.06533 0.035772 0)
(1.06629 0.0361684 0)
(1.0733 0.0356214 0)
(1.07955 0.0349739 0)
(1.06226 0.0326071 0)
(0.965693 0.0266725 0)
(0.729326 0.0161108 0)
(0.405941 0.00540592 0)
(0.119026 0.000715267 0)
(0.205194 0.000868204 0)
(0.562124 0.00341331 0)
(0.876736 0.00575143 0)
(1.07053 0.0073795 0)
(1.13335 0.0108805 0)
(1.13459 0.015647 0)
(1.1199 0.0211845 0)
(1.10501 0.0270469 0)
(1.09114 0.0330212 0)
(1.07819 0.0383295 0)
(1.06921 0.0418821 0)
(1.06638 0.0426996 0)
(1.06865 0.0424031 0)
(1.0744 0.0416675 0)
(1.07554 0.0396573 0)
(1.05364 0.0361798 0)
(0.945846 0.0291383 0)
(0.698882 0.0173118 0)
(0.380414 0.00587202 0)
(0.108334 0.000752021 0)
(0.213572 0.00105035 0)
(0.57332 0.00471939 0)
(0.884874 0.00887826 0)
(1.07802 0.0119576 0)
(1.14174 0.0165211 0)
(1.1435 0.0217559 0)
(1.12781 0.0280953 0)
(1.11186 0.0344029 0)
(1.09714 0.0406645 0)
(1.08362 0.0461059 0)
(1.07241 0.04932 0)
(1.06578 0.0502132 0)
(1.06452 0.049316 0)
(1.06944 0.0470845 0)
(1.07195 0.0452664 0)
(1.04191 0.0406991 0)
(0.91988 0.0319951 0)
(0.663235 0.0188614 0)
(0.351477 0.00639278 0)
(0.0963627 0.000778699 0)
(0.225804 0.00139602 0)
(0.591359 0.00667317 0)
(0.899501 0.0131841 0)
(1.08863 0.0181585 0)
(1.15159 0.0235986 0)
(1.15354 0.0298678 0)
(1.13696 0.0371039 0)
(1.1195 0.0445213 0)
(1.10244 0.051808 0)
(1.08547 0.0576764 0)
(1.07175 0.0601407 0)
(1.06549 0.0596567 0)
(1.06544 0.0579649 0)
(1.06915 0.0558487 0)
(1.0647 0.051974 0)
(1.02805 0.0460351 0)
(0.893085 0.035719 0)
(0.626186 0.0207205 0)
(0.321222 0.00696509 0)
(0.0838688 0.000803485 0)
(0.241459 0.00193739 0)
(0.614621 0.00850385 0)
(0.92011 0.0178534 0)
(1.10378 0.0251731 0)
(1.1639 0.0324161 0)
(1.1654 0.0397286 0)
(1.14702 0.0482782 0)
(1.12744 0.0562962 0)
(1.10791 0.0635763 0)
(1.08869 0.0687661 0)
(1.07294 0.0712701 0)
(1.0634 0.0705981 0)
(1.05961 0.0679773 0)
(1.06107 0.0636902 0)
(1.05768 0.0596843 0)
(1.01024 0.0523074 0)
(0.858081 0.0395211 0)
(0.582057 0.0227267 0)
(0.286562 0.00747349 0)
(0.0699836 0.000803322 0)
(0.26335 0.0028039 0)
(0.647646 0.0122444 0)
(0.949233 0.0246436 0)
(1.12348 0.034736 0)
(1.17894 0.0431572 0)
(1.17933 0.0526104 0)
(1.15874 0.0622607 0)
(1.13662 0.0715067 0)
(1.11416 0.0797642 0)
(1.09177 0.0855714 0)
(1.07256 0.0863615 0)
(1.06154 0.08329 0)
(1.0583 0.0792896 0)
(1.05888 0.0753168 0)
(1.04636 0.0689095 0)
(0.98889 0.0593822 0)
(0.821479 0.0445393 0)
(0.535841 0.0249538 0)
(0.250403 0.00794132 0)
(0.0558259 0.000784154 0)
(0.294376 0.00368452 0)
(0.692214 0.0153997 0)
(0.987468 0.0326972 0)
(1.14963 0.0464104 0)
(1.19755 0.0578452 0)
(1.19519 0.0693629 0)
(1.17087 0.0808667 0)
(1.14518 0.090726 0)
(1.11886 0.0982639 0)
(1.09203 0.101716 0)
(1.06966 0.100916 0)
(1.05677 0.0977946 0)
(1.0506 0.0927023 0)
(1.04762 0.0857096 0)
(1.03426 0.0790531 0)
(0.962398 0.0675601 0)
(0.773494 0.0489817 0)
(0.479396 0.0268375 0)
(0.208953 0.00813936 0)
(0.040398 0.000687139 0)
(0.330744 0.00708222 0)
(0.750382 0.0246795 0)
(1.03718 0.0466322 0)
(1.18193 0.0645931 0)
(1.22006 0.0774197 0)
(1.21349 0.0920258 0)
(1.18451 0.104203 0)
(1.15463 0.114046 0)
(1.12424 0.121039 0)
(1.09447 0.124286 0)
(1.06962 0.122572 0)
(1.05333 0.115486 0)
(1.04551 0.107725 0)
(1.04234 0.100735 0)
(1.01694 0.0907852 0)
(0.929595 0.0758769 0)
(0.722828 0.0545008 0)
(0.422576 0.0289502 0)
(0.167778 0.00814527 0)
(0.0262263 0.000608038 0)
(0.410593 0.0106254 0)
(0.837721 0.0356724 0)
(1.10288 0.0671939 0)
(1.22218 0.0898853 0)
(1.24705 0.106053 6.25577e-34)
(1.2333 0.122362 -2.82179e-34)
(1.19782 0.134607 0)
(1.16297 0.143311 0)
(1.12806 0.148377 0)
(1.09315 0.147998 0)
(1.06255 0.141077 0)
(1.04472 0.132857 0)
(1.03636 0.124255 0)
(1.02655 0.113959 0)
(0.997253 0.102728 0)
(0.890572 0.0851025 0)
(0.65742 0.0583918 0)
(0.34985 0.0291774 0)
(0.118313 0.00764834 0)
(0.0103282 0.0007516 0)
(0.481417 0.0258533 4.60108e-20)
(0.93994 0.0596399 -3.48464e-20)
(1.17402 0.101883 0)
(1.26339 0.128818 2.70174e-20)
(1.27488 0.144172 -2.19098e-20)
(1.25185 0.162495 2.97725e-34)
(1.20932 0.172856 0)
(1.16903 0.179431 1.5882e-20)
(1.1283 0.181669 -5.21753e-20)
(1.08845 0.178604 1.06543e-20)
(1.05764 0.171436 0)
(1.03749 0.16024 -2.70747e-20)
(1.02434 0.147665 -3.25136e-20)
(1.01483 0.136219 5.69119e-20)
(0.963909 0.120349 -4.49531e-20)
(0.827148 0.094792 0)
(0.567666 0.0622129 -1.61831e-20)
(0.266312 0.02838 0)
(0.0682431 0.00730608 -8.93255e-20)
(-0.00660995 0.00049258 1.05274e-19)
(0.517743 0.0535825 -6.04757e-21)
(1.00472 0.102465 1.03668e-19)
(1.22453 0.152122 -5.62929e-21)
(1.29719 0.176533 -6.62888e-20)
(1.29965 0.193933 -4.63799e-20)
(1.26748 0.210342 7.54666e-20)
(1.21848 0.217841 0)
(1.17266 0.22159 0)
(1.1272 0.221449 8.29975e-20)
(1.08353 0.215576 0)
(1.04505 0.202918 9.77146e-20)
(1.0192 0.187162 2.90515e-20)
(1.00595 0.173899 4.58682e-22)
(0.981071 0.159265 -6.18995e-20)
(0.923199 0.139119 0)
(0.767333 0.109927 0)
(0.494378 0.0668092 -2.63815e-19)
(0.208015 0.0273905 6.63292e-19)
(0.0371481 0.00562846 -3.9206e-19)
(-0.0179007 -0.00124289 -4.61939e-19)
(0.525236 0.0760432 -5.76372e-20)
(1.04131 0.159445 2.22078e-20)
(1.26085 0.212449 1.22603e-20)
(1.32352 0.235759 1.1548e-19)
(1.31874 0.251526 1.45283e-20)
(1.27925 0.26348 -1.96577e-19)
(1.22466 0.267032 6.712e-20)
(1.17343 0.267536 0)
(1.12176 0.263688 -1.75417e-19)
(1.07093 0.253575 1.55965e-19)
(1.02858 0.236967 -2.63693e-19)
(1.00259 0.220754 1.2361e-19)
(0.984435 0.205185 -8.01731e-20)
(0.964563 0.188418 1.80676e-19)
(0.890727 0.165766 0)
(0.722768 0.124779 -6.59172e-20)
(0.45134 0.0740404 0)
(0.190647 0.0291323 3.62509e-19)
(0.0304814 0.00512177 -8.59506e-19)
(-0.0209552 -0.00297962 5.38437e-19)
(0.521452 0.107934 1.55508e-19)
(1.06324 0.216522 -6.85702e-20)
(1.28318 0.277868 -1.47684e-20)
(1.34067 0.300495 0)
(1.33099 0.314127 -8.562e-20)
(1.28631 0.320917 1.05713e-19)
(1.22703 0.319667 -7.17693e-20)
(1.17098 0.315876 0)
(1.1151 0.307964 1.24615e-19)
(1.06135 0.293613 -1.0955e-19)
(1.01647 0.274454 2.28223e-19)
(0.984623 0.255348 0)
(0.96294 0.237215 -1.70313e-19)
(0.929627 0.216041 9.59437e-20)
(0.858095 0.187285 2.41777e-19)
(0.692144 0.143952 -2.12733e-19)
(0.433953 0.0856657 3.36558e-19)
(0.188013 0.0347888 -7.44044e-19)
(0.0326427 0.00592027 4.71091e-19)
(-0.0204486 -0.00422056 -5.89325e-19)
(0.509234 0.131978 -5.03207e-20)
(1.06922 0.269592 3.58229e-20)
(1.29346 0.343133 -4.9214e-20)
(1.34969 0.366013 9.97158e-20)
(1.33669 0.377516 -9.51337e-20)
(1.28836 0.379268 3.32369e-20)
(1.22569 0.373326 3.70391e-21)
(1.16603 0.365189 -1.40535e-19)
(1.10589 0.352644 -1.30482e-19)
(1.04627 0.333712 -2.35215e-19)
(0.995266 0.310463 -4.90853e-19)
(0.96117 0.288099 -1.51416e-19)
(0.9381 0.267019 2.2339e-21)
(0.911528 0.246403 -3.28849e-19)
(0.83378 0.216616 -5.42908e-21)
(0.66992 0.163727 3.0968e-19)
(0.425706 0.0987208 -9.31657e-20)
(0.193257 0.0430198 -5.39281e-20)
(0.0413553 0.00818293 0)
(-0.0166781 -0.00439741 1.25323e-18)
(0.493406 0.152996 0)
(1.06572 0.32017 -1.86577e-21)
(1.29625 0.406853 0)
(1.35187 0.430145 -1.28802e-20)
(1.33639 0.440484 9.13868e-20)
(1.28571 0.437812 -7.77928e-20)
(1.22034 0.427372 7.81961e-20)
(1.15712 0.414808 2.30865e-19)
(1.09295 0.398237 -7.27277e-20)
(1.02971 0.375484 1.16104e-19)
(0.976688 0.348497 2.63918e-19)
(0.941157 0.322873 3.30154e-19)
(0.914541 0.299922 -1.98964e-19)
(0.876935 0.274828 3.56204e-19)
(0.804333 0.23906 -2.82335e-19)
(0.650413 0.187015 0)
(0.421796 0.115812 -7.07402e-19)
(0.20401 0.0540852 9.52117e-19)
(0.0544023 0.0134472 7.10693e-20)
(-0.0106242 -0.0035093 -1.32596e-18)
(0.477916 0.17274 -5.08453e-21)
(1.05591 0.367164 -2.1154e-20)
(1.29274 0.467064 5.63172e-20)
(1.34917 0.491963 -7.77069e-20)
(1.33177 0.501286 7.65252e-20)
(1.27916 0.494593 -7.50246e-20)
(1.21156 0.48036 1.54678e-19)
(1.14586 0.463958 -6.90458e-20)
(1.07885 0.442962 -2.93184e-19)
(1.0128 0.415367 -1.52997e-22)
(0.956893 0.384771 -2.8706e-19)
(0.915988 0.355367 -3.55517e-19)
(0.887747 0.330423 2.19884e-19)
(0.859077 0.30547 -1.28173e-19)
(0.782542 0.270583 3.07233e-19)
(0.63403 0.207911 0)
(0.418588 0.133853 -4.39782e-19)
(0.212995 0.0660492 6.49559e-19)
(0.0661762 0.0198903 1.22873e-18)
(-0.00455228 -0.00194047 -1.44497e-18)
(0.464225 0.190628 -7.92663e-20)
(1.04499 0.412602 3.4067e-20)
(1.28616 0.525084 -3.40369e-20)
(1.34242 0.55112 8.01345e-20)
(1.32325 0.55994 1.21202e-20)
(1.26928 0.549887 -1.46833e-19)
(1.2001 0.532066 -8.99947e-20)
(1.13237 0.51173 -8.8732e-20)
(1.06304 0.486944 -1.65655e-19)
(0.994339 0.455874 2.66601e-19)
(0.934007 0.421146 2.89903e-19)
(0.893189 0.388942 5.64117e-19)
(0.864258 0.362496 0)
(0.824376 0.333514 6.51786e-21)
(0.755836 0.291954 -8.44968e-19)
(0.616822 0.232496 1.98059e-19)
(0.415338 0.152043 9.5389e-19)
(0.220927 0.0791959 -2.81516e-19)
(0.0771456 0.0273243 5.84432e-19)
(0.00142713 0.000202311 -4.87057e-20)
(0.453349 0.208205 5.83118e-21)
(1.03173 0.454246 5.38403e-20)
(1.27619 0.579451 -1.15382e-20)
(1.33298 0.607639 8.27118e-20)
(1.3125 0.61576 -1.47354e-19)
(1.25748 0.602422 1.45449e-19)
(1.18709 0.581498 9.31229e-20)
(1.11796 0.557997 2.64743e-19)
(1.04651 0.529621 3.3222e-19)
(0.974812 0.494805 -3.08469e-19)
(0.912783 0.456306 0)
(0.868602 0.422147 -2.13677e-19)
(0.836616 0.39125 2.45326e-19)
(0.80658 0.362416 3.10033e-19)
(0.735009 0.323113 -1.79372e-19)
(0.600613 0.252827 -4.36817e-19)
(0.410226 0.170201 -1.30226e-19)
(0.22607 0.0921758 -1.92667e-21)
(0.0854787 0.0348041 0)
(0.00626029 0.0024053 0)
(0.445353 0.224454 -7.93803e-20)
(1.02054 0.495253 0)
(1.26535 0.631684 3.44119e-21)
(1.32146 0.6613 -1.4358e-20)
(1.29976 0.668811 1.68612e-19)
(1.24391 0.652801 -4.25924e-20)
(1.17252 0.629084 9.45881e-20)
(1.10194 0.602369 -1.7899e-19)
(1.02856 0.570979 2.51986e-19)
(0.955055 0.532981 -1.01798e-19)
(0.890568 0.490345 1.66302e-19)
(0.845292 0.452409 6.78116e-19)
(0.81354 0.420892 1.43637e-20)
(0.773126 0.388345 -3.23493e-19)
(0.708492 0.341801 5.99449e-19)
(0.581955 0.27653 3.80965e-21)
(0.403362 0.187 1.39322e-19)
(0.227513 0.104744 -6.64273e-19)
(0.090353 0.0413506 6.84646e-19)
(0.00971299 0.00438151 -8.06588e-19)
(0.438073 0.241704 2.78854e-23)
(1.00759 0.53224 0)
(1.25266 0.679956 0)
(1.30863 0.712206 -3.26512e-23)
(1.28604 0.719066 -4.92794e-20)
(1.22951 0.700341 6.76496e-20)
(1.15731 0.674093 -1.75458e-19)
(1.0857 0.644882 0)
(1.01066 0.610641 -3.71752e-19)
(0.934458 0.56942 4.47111e-19)
(0.867814 0.523937 4.75008e-19)
(0.819398 0.483704 -2.48973e-19)
(0.786048 0.447325 -3.01719e-19)
(0.755906 0.413295 7.07686e-19)
(0.68721 0.370601 -2.13105e-19)
(0.563727 0.293114 -2.54213e-19)
(0.39251 0.202393 -1.52062e-19)
(0.224797 0.114619 -7.17516e-19)
(0.0916145 0.0466315 1.05201e-19)
(0.0117644 0.00578075 8.72805e-19)
(0.433608 0.259592 -3.88373e-20)
(0.997488 0.569367 -5.17976e-20)
(1.24006 0.72631 2.36511e-20)
(1.29486 0.760124 -1.95747e-22)
(1.27138 0.766342 -5.27864e-20)
(1.21421 0.745512 1.07961e-19)
(1.14125 0.717127 0)
(1.06855 0.685393 1.08444e-19)
(0.992112 0.648935 -8.55083e-20)
(0.914514 0.605236 7.46259e-19)
(0.845681 0.556072 -1.07606e-19)
(0.796663 0.511013 1.23365e-19)
(0.763279 0.474455 0)
(0.722298 0.437421 -3.83301e-19)
(0.660617 0.384122 4.64623e-19)
(0.543326 0.313011 0)
(0.381235 0.215239 -3.27495e-19)
(0.219827 0.123251 9.63858e-19)
(0.0899157 0.0502639 1.14245e-19)
(0.0123512 0.0066203 -1.07498e-18)
(0.430611 0.276624 -9.75026e-20)
(0.986318 0.602645 1.24595e-19)
(1.22644 0.768853 0)
(1.2806 0.805279 1.95782e-20)
(1.25641 0.811077 0)
(1.1987 0.788058 -1.41139e-19)
(1.12526 0.757596 0)
(1.05202 0.723919 0)
(0.974415 0.685321 -1.13618e-19)
(0.894154 0.638915 -7.09482e-19)
(0.822303 0.587336 -8.78259e-19)
(0.770551 0.539682 1.44524e-19)
(0.735024 0.497866 5.21909e-19)
(0.704579 0.457856 4.22482e-19)
(0.638837 0.409303 -1.49095e-18)
(0.523521 0.323532 -5.96997e-19)
(0.367045 0.225926 3.49871e-19)
(0.211972 0.129246 0)
(0.0868001 0.0520921 9.78953e-19)
(0.0118877 0.00708069 -1.15819e-18)
(0.428934 0.292225 1.1617e-19)
(0.977598 0.636173 -1.44516e-19)
(1.2135 0.809852 0)
(1.26612 0.847572 -1.12286e-20)
(1.2412 0.852808 -2.15889e-21)
(1.18305 0.82819 0)
(1.10922 0.796121 5.41456e-20)
(1.0352 0.760517 7.54805e-20)
(0.956216 0.720353 -2.1342e-19)
(0.874396 0.67236 9.39169e-20)
(0.800275 0.617924 0)
(0.747558 0.565516 5.98747e-19)
(0.711412 0.522833 5.65044e-21)
(0.67062 0.478768 2.27982e-19)
(0.611787 0.416595 2.70659e-19)
(0.502474 0.338151 0)
(0.35357 0.23299 -5.70414e-19)
(0.203071 0.132876 1.11779e-18)
(0.0824125 0.0528763 -1.18425e-18)
(0.0109457 0.00708664 2.4943e-18)
(0.427482 0.307157 0)
(0.967581 0.665952 0)
(1.20011 0.84716 -7.09379e-20)
(1.25173 0.887298 0)
(1.2262 0.892342 0)
(1.16769 0.866 -1.14886e-19)
(1.09361 0.832262 5.53837e-20)
(1.0192 0.79517 1.77565e-20)
(0.939103 0.753421 -4.86755e-20)
(0.854844 0.703344 0)
(0.777425 0.646548 -1.33993e-19)
(0.720713 0.59247 -4.88448e-19)
(0.682167 0.543966 -5.88651e-19)
(0.65129 0.494055 -2.36895e-19)
(0.589068 0.436938 2.93112e-19)
(0.481937 0.341489 -6.90655e-19)
(0.33852 0.237497 1.22766e-18)
(0.19412 0.133793 1.76977e-21)
(0.0779892 0.0528364 -1.13294e-18)
(0.0100205 0.00701656 -1.68213e-19)
(0.42645 0.321541 0)
(0.959875 0.696505 -1.17525e-19)
(1.18776 0.883339 8.6476e-20)
(1.23757 0.924451 0)
(1.21141 0.928954 0)
(1.1526 0.901419 2.29299e-19)
(1.07831 0.866543 0)
(1.00323 0.828038 0)
(0.92187 0.785209 -4.6835e-19)
(0.836131 0.734337 1.30273e-19)
(0.755966 0.675986 -1.18799e-18)
(0.697304 0.618076 0)
(0.657443 0.566993 -6.40115e-19)
(0.615168 0.511888 1.04445e-20)
(0.559902 0.435982 -9.43099e-19)
(0.460175 0.348778 3.71487e-19)
(0.325934 0.236803 1.32918e-21)
(0.187436 0.131296 -1.28244e-18)
(0.0751068 0.0511107 6.09622e-19)
(0.00799204 0.00517477 1.7993e-19)
(0.425327 0.335684 0)
(0.951044 0.723434 -1.61265e-19)
(1.17519 0.91605 9.12083e-20)
(1.22378 0.959295 1.23171e-19)
(1.19706 0.963743 -8.8808e-21)
(1.13798 0.934841 2.27924e-20)
(1.06356 0.898643 -3.21707e-20)
(0.988243 0.859052 4.45662e-19)
(0.905954 0.815139 5.01001e-19)
(0.817714 0.762859 9.91699e-19)
(0.733996 0.702615 9.87052e-19)
(0.670509 0.643254 1.73742e-19)
(0.625871 0.58612 9.20861e-19)
(0.593004 0.522334 5.69478e-19)
(0.53408 0.450659 6.76912e-19)
(0.438941 0.341153 -4.06519e-19)
(0.311264 0.229861 -4.69931e-19)
(0.185435 0.126369 5.50815e-19)
(0.0799794 0.0565439 -3.27721e-19)
(0.0141085 0.0133406 5.82807e-19)
(0.424533 0.349332 2.26242e-19)
(0.944413 0.7513 2.52679e-19)
(1.16372 0.948063 5.27196e-20)
(1.21039 0.991877 1.57843e-20)
(1.18312 0.995727 -5.25501e-21)
(1.12383 0.965918 -6.34006e-20)
(1.04936 0.928976 3.08301e-20)
(0.973552 0.888435 -1.95706e-20)
(0.890058 0.843833 -5.83349e-19)
(0.800372 0.79128 -1.07645e-18)
(0.714236 0.730744 6.85221e-20)
(0.647627 0.668997 0)
(0.600529 0.608661 0)
(0.552769 0.538891 -2.97026e-19)
(0.499501 0.440802 -1.10916e-18)
(0.414745 0.337279 8.75804e-19)
(0.306779 0.211061 5.14152e-19)
(0.195054 0.106721 0)
(0.0957369 0.0285715 1.04895e-18)
(0.00799547 -0.0126738 -6.21646e-19)
(0.423604 0.362523 -1.20019e-19)
(0.936592 0.775372 1.06062e-19)
(1.15202 0.976732 -1.26401e-19)
(1.19747 1.02237 -1.04475e-19)
(1.16972 1.02624 -1.77152e-20)
(1.11026 0.995338 -2.02557e-20)
(1.03579 0.957355 0)
(0.959839 0.916063 -5.60219e-19)
(0.875547 0.870764 7.09373e-20)
(0.783565 0.817462 0)
(0.693873 0.756201 0)
(0.621398 0.693484 1.11194e-19)
(0.56647 0.627116 1.49659e-19)
(0.526122 0.546305 -3.21126e-19)
(0.466959 0.452355 7.9612e-19)
(0.384824 0.314298 -9.5448e-19)
(0.285849 0.186602 -1.10188e-18)
(0.211808 0.0921915 9.76333e-19)
(0.159628 0.0770378 -3.72981e-19)
(0.111892 0.0772578 2.16996e-19)
(0.4229 0.374859 1.49866e-19)
(0.930715 0.800471 0)
(1.14139 1.00503 0)
(1.18501 1.05087 -2.90555e-20)
(1.15683 1.05407 2.35226e-20)
(1.09728 1.02247 -2.01818e-20)
(1.0229 0.984066 1.3931e-19)
(0.946581 0.942206 5.73235e-19)
(0.861248 0.896574 1.05865e-18)
(0.768133 0.843429 -8.12273e-20)
(0.676301 0.782838 1.68165e-19)
(0.599958 0.719147 -9.95024e-19)
(0.541599 0.651184 -9.93665e-19)
(0.48034 0.565568 -1.72583e-19)
(0.418193 0.436464 0)
(0.346834 0.307217 -5.50131e-21)
(0.264451 0.114804 6.08029e-19)
(0.250135 -0.0106656 -1.02143e-18)
(0.215578 -0.101492 7.76285e-19)
(0.0872 -0.0980028 6.42749e-19)
(0.421836 0.386893 -3.30834e-19)
(0.923464 0.821697 -1.4908e-19)
(1.13043 1.03015 6.93842e-21)
(1.17295 1.07769 5.91774e-20)
(1.14436 1.08107 0)
(1.0847 1.04867 -5.76989e-20)
(1.01036 1.00952 -2.01499e-19)
(0.933955 0.96728 -2.05984e-21)
(0.848019 0.92141 -5.54655e-19)
(0.752723 0.868118 -7.97512e-20)
(0.656969 0.807971 7.4076e-20)
(0.574639 0.745023 8.74233e-19)
(0.504367 0.67203 9.69406e-19)
(0.447863 0.57324 1.68383e-19)
(0.377451 0.456126 8.60113e-19)
(0.281697 0.274213 0)
(0.155735 0.0988978 0)
(-0.00536837 0.186922 6.99895e-19)
(-0.0786119 0.630122 -2.8105e-20)
(0.00868711 1.54146 -8.66158e-19)
(0.421102 0.398157 1.82659e-19)
(0.918142 0.844464 4.19621e-19)
(1.12052 1.05553 -5.78412e-19)
(1.16126 1.10314 2.92657e-19)
(1.13224 1.10599 -9.33446e-21)
(1.07249 1.07326 -9.01171e-21)
(0.998246 1.0342 0)
(0.921491 0.991994 -4.7744e-19)
(0.834545 0.946452 0)
(0.738157 0.89407 1.12166e-18)
(0.640362 0.83565 -9.05401e-20)
(0.553595 0.773389 1.01523e-19)
(0.480077 0.702656 1.11381e-18)
(0.393314 0.607346 -3.65793e-19)
(0.285691 0.443947 -4.37007e-19)
(0.188402 0.32607 0)
(0.0796118 0.477144 0)
(0.0250555 1.34882 0)
(0.0715245 2.46931 -3.97365e-19)
(0.0984671 2.91361 -2.45142e-19)
(0.419686 0.408933 0)
(0.911334 0.86312 0)
(1.11023 1.07771 2.1079e-19)
(1.15 1.12712 -2.37996e-19)
(1.12056 1.13048 1.08447e-19)
(1.06068 1.09736 1.71749e-20)
(0.986449 1.05798 2.62422e-20)
(0.909645 1.01591 -2.04313e-20)
(0.822269 0.970821 7.85383e-20)
(0.723817 0.919206 -1.28729e-18)
(0.62176 0.862568 1.63946e-19)
(0.529068 0.803741 8.76622e-19)
(0.439259 0.731259 -1.10923e-18)
(0.356694 0.61732 -1.2232e-18)
(0.265697 0.502461 4.11197e-19)
(0.184007 0.643639 0)
(0.116723 1.57575 5.63529e-19)
(0.12003 2.69808 6.12047e-19)
(0.127786 3.08954 -6.83993e-19)
(0.120125 3.22296 7.30873e-19)
(0.418702 0.419438 0)
(0.90652 0.883644 3.69232e-19)
(1.10107 1.10048 -5.28373e-20)
(1.13917 1.14987 3.3145e-19)
(1.1093 1.15281 -1.13832e-19)
(1.04935 1.11966 0)
(0.975262 1.08079 0)
(0.898185 1.03929 0)
(0.809928 0.995151 4.40553e-19)
(0.71064 0.945287 5.92475e-20)
(0.60696 0.891349 0)
(0.509742 0.833982 -8.71385e-19)
(0.422897 0.766721 0)
(0.303015 0.663946 8.75105e-19)
(0.202082 0.717973 -5.92014e-19)
(0.148635 1.46441 -4.75169e-19)
(0.152036 2.68508 -1.10028e-18)
(0.174802 3.12638 -5.78956e-19)
(0.165556 3.2661 -7.81508e-19)
(0.152251 3.30631 5.76973e-19)
(0.417139 0.428888 -1.28804e-19)
(0.900092 0.899758 1.50939e-20)
(1.09147 1.11992 -5.87074e-20)
(1.12881 1.17124 -2.56614e-19)
(1.09851 1.175 0)
(1.03845 1.14181 0)
(0.96436 1.10291 0)
(0.8873 1.0619 3.35421e-20)
(0.798848 1.01877 -5.57091e-19)
(0.697829 0.9705 0)
(0.59024 0.919395 0)
(0.489854 0.86788 0)
(0.379145 0.79637 0)
(0.308383 0.755866 6.41217e-19)
(0.267915 1.14945 1.57516e-18)
(0.2422 2.39441 4.64016e-19)
(0.258034 3.08224 9.31163e-19)
(0.252618 3.28038 -7.13536e-19)
(0.204217 3.34586 2.6213e-19)
(0.172227 3.35884 0)
(0.415992 0.438201 1.32493e-19)
(0.895611 0.918757 -8.18862e-19)
(1.08285 1.14098 -2.20521e-19)
(1.11861 1.19217 -4.8725e-20)
(1.08793 1.19555 2.64556e-20)
(1.02783 1.16252 -9.9696e-20)
(0.95396 1.12446 -1.65988e-21)
(0.876737 1.0844 -3.69861e-19)
(0.787568 1.04268 0)
(0.686143 0.996878 -7.55671e-20)
(0.578101 0.949385 6.87434e-20)
(0.473379 0.898413 0)
(0.380499 0.842415 0)
(0.320878 0.945772 -8.031e-19)
(0.268679 1.85368 9.99325e-20)
(0.26518 2.94449 -3.48765e-19)
(0.289221 3.28393 7.29042e-19)
(0.260929 3.38218 5.25023e-19)
(0.196086 3.40666 -7.11727e-19)
(0.171569 3.4166 3.51844e-19)
(0.413937 0.447767 2.59914e-19)
(0.888582 0.93409 7.97628e-19)
(1.07279 1.1599 2.65088e-19)
(1.10804 1.21331 0)
(1.077 1.21776 0)
(1.0169 1.18477 7.74735e-20)
(0.943117 1.14667 5.97168e-20)
(0.866106 1.10716 3.29515e-19)
(0.777133 1.06664 2.16502e-20)
(0.674575 1.0229 9.64085e-19)
(0.563739 0.978736 -1.14476e-18)
(0.453058 0.931004 0)
(0.376004 0.915774 0)
(0.333743 1.31775 -5.47385e-19)
(0.33122 2.4934 -6.58014e-19)
(0.375185 3.19585 0)
(0.399933 3.36501 -7.374e-19)
(0.329516 3.42775 4.97131e-20)
(0.260902 3.47298 3.43164e-19)
(0.238682 3.49836 -1.1252e-19)
(0.412157 0.457645 -4.94125e-19)
(0.883416 0.955142 -3.82856e-19)
(1.06304 1.18298 0)
(1.09664 1.23571 0)
(1.06532 1.23943 0)
(1.00537 1.20644 0)
(0.932084 1.16919 -7.12962e-20)
(0.855192 1.13067 2.87646e-19)
(0.765827 1.09163 0)
(0.663688 1.05067 -8.77643e-19)
(0.554167 1.01032 2.05371e-18)
(0.445289 0.971966 8.4064e-20)
(0.395587 1.0418 1.12893e-19)
(0.385609 1.7462 8.91939e-19)
(0.39714 2.90182 -4.7999e-19)
(0.436393 3.31619 0)
(0.419645 3.43814 2.07058e-19)
(0.334034 3.52693 9.12865e-20)
(0.259734 3.59076 1.48625e-19)
(0.18433 3.57022 -1.3615e-20)
(0.409147 0.468085 2.34859e-19)
(0.874496 0.971375 -3.90604e-19)
(1.05103 1.20337 0)
(1.08441 1.25865 -7.13846e-20)
(1.05286 1.26363 2.45891e-19)
(0.993077 1.2305 0)
(0.920107 1.19287 0)
(0.84379 1.15463 -4.98685e-19)
(0.755254 1.11666 -5.60389e-20)
(0.652916 1.07772 8.60236e-19)
(0.538627 1.03994 -9.7573e-19)
(0.44814 1.01985 5.71837e-19)
(0.409403 1.22335 0)
(0.420262 2.18692 -4.72876e-19)
(0.463097 3.14412 3.10216e-19)
(0.527467 3.4187 1.94807e-19)
(0.518749 3.51435 0)
(0.456249 3.59582 -3.69401e-20)
(0.387038 3.63597 -4.09753e-19)
(0.306625 3.60786 -9.62956e-20)
(0.406451 0.478672 -4.67424e-19)
(0.868102 0.995504 5.59227e-19)
(1.03957 1.22941 3.87854e-19)
(1.07118 1.28316 -9.64053e-20)
(1.03946 1.28679 -3.75565e-19)
(0.980094 1.25338 0)
(0.908013 1.21655 1.76578e-20)
(0.832212 1.17928 1.79975e-19)
(0.743728 1.14271 2.93647e-20)
(0.642694 1.10647 -7.43178e-19)
(0.530939 1.07424 -5.16462e-20)
(0.451432 1.08208 -6.45219e-19)
(0.448381 1.461 7.07062e-19)
(0.493019 2.55416 1.55563e-19)
(0.558174 3.30505 -2.73749e-19)
(0.610379 3.46968 1.42905e-19)
(0.570144 3.52019 0)
(0.512881 3.52396 0)
(0.42016 3.48753 -6.80247e-19)
(0.192821 3.27799 1.25577e-18)
(0.401832 0.489681 2.23657e-19)
(0.856672 1.01255 5.5085e-19)
(1.02522 1.25124 -3.95867e-19)
(1.05706 1.30795 3.51604e-19)
(1.02525 1.313 3.92169e-19)
(0.966339 1.27924 0)
(0.894898 1.24162 -1.00002e-20)
(0.820143 1.20419 1.44014e-19)
(0.733267 1.16839 0)
(0.633167 1.13371 0)
(0.525595 1.10684 0)
(0.460392 1.15941 0)
(0.486578 1.69657 -7.98054e-19)
(0.549604 2.85983 -2.07424e-19)
(0.62646 3.39099 0)
(0.669702 3.48191 -2.49555e-20)
(0.667484 3.48743 0)
(0.745102 3.3276 1.4026e-19)
(0.840465 2.95781 -1.773e-18)
(0.447574 2.57601 1.86034e-18)
(0.398086 0.500029 -4.53878e-19)
(0.848502 1.04009 -3.53139e-19)
(1.01165 1.28068 -2.62598e-19)
(1.04166 1.33482 -3.28825e-19)
(1.00988 1.33771 -1.91066e-19)
(0.951758 1.30328 0)
(0.881746 1.26638 2.41175e-21)
(0.808013 1.2299 -4.07954e-20)
(0.721715 1.19528 -2.21771e-19)
(0.624105 1.16305 0)
(0.521286 1.14495 5.10552e-20)
(0.476725 1.2554 -5.80439e-20)
(0.535378 1.95657 0)
(0.625672 3.08289 2.70381e-19)
(0.716952 3.43329 0)
(0.746892 3.4686 -9.98311e-20)
(0.750456 3.37721 2.74852e-19)
(0.743729 2.99548 -1.38444e-19)
(0.498838 1.98404 2.72824e-19)
(-0.341645 0.493455 -6.62926e-19)
(0.390226 0.511199 -1.31084e-20)
(0.833516 1.05758 -1.80314e-19)
(0.994152 1.30397 3.61941e-19)
(1.02503 1.3619 -1.98022e-20)
(0.993332 1.36668 -6.04012e-20)
(0.936007 1.33191 0)
(0.866959 1.2939 7.34407e-20)
(0.79476 1.25693 -7.10635e-20)
(0.710936 1.22293 3.97076e-19)
(0.612176 1.1917 -4.97431e-19)
(0.523977 1.18363 -6.00844e-19)
(0.501164 1.37169 0)
(0.587947 2.25882 4.01399e-19)
(0.687396 3.21472 -5.61929e-20)
(0.761749 3.41236 2.80647e-20)
(0.769715 3.40271 0)
(0.698767 3.17068 -1.44478e-19)
(0.529933 2.39601 1.51843e-19)
(0.100218 0.621157 -1.80125e-19)
(-0.248591 -0.392963 -1.65586e-19)
(0.384983 0.521753 4.25202e-19)
(0.822703 1.08863 -1.76561e-19)
(0.977605 1.33746 2.54818e-19)
(1.00667 1.39191 1.96863e-19)
(0.975215 1.39378 1.21281e-19)
(0.91914 1.35808 2.33141e-19)
(0.852177 1.321 -1.61271e-19)
(0.781582 1.28532 5.68142e-21)
(0.698784 1.25263 -2.87772e-19)
(0.603168 1.22493 3.37416e-20)
(0.52587 1.23283 9.761e-20)
(0.52989 1.52062 -3.95203e-19)
(0.640307 2.52334 1.07869e-19)
(0.750529 3.28903 -2.13717e-19)
(0.81398 3.38888 3.55371e-20)
(0.788066 3.30747 7.78792e-20)
(0.661605 2.85928 -2.05552e-19)
(0.402828 1.62119 1.33948e-19)
(0.0590334 0.048561 0)
(-0.0797622 -0.157949 -2.90593e-19)
(0.373209 0.529551 0)
(0.802892 1.10544 -6.69617e-19)
(0.956059 1.36171 2.38301e-20)
(0.986916 1.42134 -3.24426e-19)
(0.955805 1.42584 0)
(0.901017 1.39003 -1.72357e-19)
(0.835417 1.35166 1.6063e-19)
(0.766934 1.31516 -5.31488e-21)
(0.687743 1.28302 1.99824e-19)
(0.595377 1.2575 3.55394e-19)
(0.53106 1.28424 4.62778e-19)
(0.563875 1.67691 4.8317e-20)
(0.696347 2.76915 -2.94404e-19)
(0.799544 3.31688 1.36961e-20)
(0.833149 3.34406 6.59934e-21)
(0.758759 3.12767 7.55875e-20)
(0.522845 2.31121 8.74733e-20)
(0.115947 0.43919 -1.03672e-19)
(-0.138005 -0.245439 0)
(-0.115715 -0.207075 0)
(0.364136 0.54073 -4.11433e-19)
(0.788009 1.13876 6.63748e-19)
(0.935708 1.399 0)
(0.964948 1.45437 0)
(0.934377 1.45506 0)
(0.881542 1.41801 0)
(0.818874 1.38073 -8.37959e-20)
(0.752773 1.3459 -1.61094e-20)
(0.675351 1.31522 -3.59243e-20)
(0.589249 1.29419 3.71382e-20)
(0.537471 1.35027 -3.79893e-19)
(0.59934 1.86075 2.7897e-19)
(0.74682 2.95311 0)
(0.839878 3.31653 3.63255e-20)
(0.860923 3.28367 5.90712e-20)
(0.717785 2.85917 -2.29383e-20)
(0.39086 1.67727 1.03032e-19)
(0.0169188 -0.0421934 5.96053e-20)
(-0.156775 -0.20166 -2.41758e-19)
(-0.0571841 -0.137393 -2.82603e-19)
(0.347715 0.543535 2.08692e-19)
(0.7619 1.15223 3.10515e-19)
(0.909326 1.4228 -9.33627e-21)
(0.941456 1.48541 1.70904e-19)
(0.911492 1.48968 0)
(0.86072 1.45291 3.23984e-19)
(0.799869 1.41418 -6.74446e-20)
(0.736516 1.37804 1.94563e-20)
(0.662598 1.34752 -3.60512e-20)
(0.583516 1.33052 2.66e-20)
(0.549034 1.4186 2.56693e-19)
(0.64151 2.06781 -1.26668e-19)
(0.796547 3.07505 -1.10683e-19)
(0.874011 3.30777 2.12113e-21)
(0.852589 3.17746 -3.12491e-20)
(0.621845 2.50611 1.39995e-19)
(0.186452 0.70362 -7.79442e-20)
(-0.0851181 -0.271126 1.15323e-19)
(-0.128202 -0.222009 -3.53191e-19)
(-0.0599525 -0.122166 2.47155e-19)
(0.331885 0.550915 -1.95211e-19)
(0.739917 1.1839 0)
(0.884562 1.4627 -2.28002e-19)
(0.914974 1.52087 -3.29444e-19)
(0.885941 1.52028 0)
(0.838237 1.48196 -2.52789e-19)
(0.78121 1.44438 0)
(0.72114 1.41015 -1.24415e-19)
(0.648006 1.38122 -1.6685e-20)
(0.58016 1.37114 6.14138e-20)
(0.5614 1.50374 -1.22135e-19)
(0.681751 2.27064 7.01941e-20)
(0.834496 3.14358 1.74609e-19)
(0.90027 3.27758 1.15969e-20)
(0.841133 3.03176 -3.19655e-20)
(0.523264 2.06858 -4.80496e-20)
(0.0728448 0.114717 1.23803e-19)
(-0.184943 -0.252025 -1.37258e-19)
(-0.105677 -0.210442 4.88807e-22)
(-0.0529984 -0.0760171 -2.58776e-20)
(0.308708 0.546394 3.87882e-19)
(0.706684 1.19109 -2.97169e-19)
(0.852687 1.48333 2.42303e-19)
(0.886641 1.55213 1.58636e-19)
(0.858888 1.55638 2.83552e-20)
(0.81442 1.51887 1.58219e-19)
(0.759538 1.47971 0)
(0.702959 1.44357 -3.84793e-20)
(0.634161 1.4151 0)
(0.575203 1.41122 -5.74377e-20)
(0.57724 1.58885 1.21476e-19)
(0.7239 2.44934 -2.67329e-21)
(0.875154 3.18688 -5.72958e-20)
(0.92022 3.24289 3.76001e-20)
(0.796577 2.83709 -1.26461e-20)
(0.37291 1.50403 6.32379e-20)
(-0.0512467 -0.132983 -1.87997e-19)
(-0.227909 -0.253735 -1.0639e-19)
(-0.124456 -0.248849 -4.02596e-20)
(-0.0740441 -0.0886943 1.92661e-19)
(0.285844 0.544781 4.28338e-21)
(0.67788 1.2185 1.52226e-19)
(0.8221 1.52225 0)
(0.854143 1.58826 2.98148e-19)
(0.828634 1.58717 -4.25626e-19)
(0.788516 1.54782 1.59719e-19)
(0.738227 1.50986 -1.07231e-19)
(0.686143 1.47565 1.04493e-19)
(0.619502 1.44958 -9.37419e-20)
(0.571239 1.45497 -1.16405e-21)
(0.592185 1.68371 2.25333e-20)
(0.763978 2.60587 4.58129e-20)
(0.897592 3.19484 3.51083e-20)
(0.922504 3.18163 -5.92636e-20)
(0.739337 2.58753 -5.85268e-20)
(0.282285 0.998271 1.11001e-19)
(-0.0473903 -0.257721 -1.07953e-19)
(-0.193519 -0.291754 7.64036e-20)
(-0.112844 -0.276075 1.99494e-21)
(-0.0809109 -0.10791 -1.62759e-19)
(0.255456 0.526529 7.20697e-19)
(0.635825 1.21287 -1.51535e-19)
(0.782995 1.53516 -4.14883e-19)
(0.81999 1.61645 3.36806e-19)
(0.797473 1.62303 -1.86344e-19)
(0.761238 1.58502 3.08652e-19)
(0.713365 1.5455 1.67654e-19)
(0.66579 1.50899 0)
(0.605861 1.48339 1.07845e-19)
(0.5646 1.49718 -1.56607e-20)
(0.608554 1.77088 -1.07766e-20)
(0.799601 2.72558 -2.6442e-21)
(0.91994 3.1961 1.79215e-20)
(0.929619 3.12286 7.93315e-21)
(0.677431 2.38771 -8.33697e-20)
(0.170866 0.454516 -3.02013e-20)
(-0.0408578 -0.274145 1.03617e-19)
(-0.114674 -0.287315 4.70567e-20)
(-0.0865133 -0.244851 1.57925e-20)
(-0.0480832 -0.103781 1.33404e-19)
(0.224369 0.506415 0)
(0.597472 1.22801 1.41043e-19)
(0.744475 1.56863 -1.88495e-19)
(0.780799 1.64955 3.26427e-19)
(0.76288 1.65178 -4.05949e-19)
(0.731009 1.61219 1.69247e-19)
(0.688901 1.5741 0)
(0.646728 1.53922 0)
(0.592254 1.51553 0)
(0.557941 1.54117 2.27269e-20)
(0.620107 1.85734 -2.1294e-20)
(0.828002 2.81503 1.77406e-20)
(0.931725 3.19241 4.67036e-20)
(0.90941 3.04196 4.41695e-20)
(0.59422 2.12077 -7.80764e-20)
(0.0496379 0.119284 5.1811e-20)
(-0.127671 -0.284963 5.14222e-21)
(-0.104752 -0.290422 -1.05458e-19)
(-0.0776319 -0.203365 1.28755e-20)
(-0.0216797 -0.0641478 0)
(0.186101 0.462934 6.59773e-19)
(0.543719 1.19712 -1.31888e-19)
(0.69679 1.56715 4.60561e-21)
(0.741403 1.67104 0)
(0.727446 1.68383 -1.95352e-19)
(0.699766 1.6474 1.84751e-20)
(0.660565 1.60752 0)
(0.623788 1.57062 5.21921e-20)
(0.577355 1.5465 -4.11854e-20)
(0.549544 1.57984 0)
(0.631612 1.9292 0)
(0.847347 2.87597 -3.22321e-20)
(0.939142 3.18507 -5.60554e-20)
(0.901015 2.97345 2.31782e-21)
(0.527623 1.89762 -2.02567e-20)
(-0.0010371 -0.0118631 2.77722e-20)
(-0.163671 -0.277478 0)
(-0.132682 -0.322209 -6.22839e-20)
(-0.0889332 -0.200894 -9.70158e-20)
(-0.0175165 -0.0566513 2.322e-19)
(0.146358 0.409559 5.44077e-19)
(0.493839 1.18602 -1.26183e-19)
(0.649076 1.58645 1.79177e-19)
(0.69571 1.69602 -4.44729e-19)
(0.687033 1.70623 0)
(0.66553 1.67127 0)
(0.632902 1.63292 0)
(0.602333 1.59731 5.50857e-20)
(0.561936 1.57368 -4.34651e-20)
(0.540425 1.61535 0)
(0.634216 1.99351 0)
(0.858493 2.91361 9.8384e-20)
(0.938669 3.18519 -3.25129e-20)
(0.87028 2.90363 3.60057e-20)
(0.493944 1.72383 5.65957e-20)
(0.00475917 -0.0569007 0)
(-0.17529 -0.289425 -1.39567e-20)
(-0.1348 -0.356948 -2.0267e-20)
(-0.0979783 -0.251886 1.88191e-19)
(-0.0141855 -0.0788769 -2.28746e-19)
(0.10233 0.325655 -5.05698e-19)
(0.425484 1.10699 1.32085e-19)
(0.591911 1.55767 3.75748e-19)
(0.65083 1.70512 2.56492e-19)
(0.647093 1.72994 -2.07699e-19)
(0.630831 1.70094 -1.38617e-19)
(0.601156 1.66053 9.53914e-20)
(0.576867 1.62407 0)
(0.545216 1.59895 0)
(0.527681 1.64069 0)
(0.63274 2.0231 -7.99649e-20)
(0.863408 2.93684 -9.49083e-20)
(0.935642 3.19004 3.15969e-20)
(0.858865 2.91066 -1.87053e-20)
(0.498358 1.68111 2.34657e-21)
(0.00452098 0.0439997 0)
(-0.181266 -0.252008 2.93361e-20)
(-0.159733 -0.372198 -1.42916e-19)
(-0.0926135 -0.289378 3.34678e-19)
(0.0104327 -0.0190982 -1.92609e-19)
(0.0525971 0.222525 5.34866e-19)
(0.360525 1.04651 -4.39405e-19)
(0.531681 1.5444 0)
(0.596857 1.71171 1.27007e-19)
(0.601829 1.74183 9.22707e-20)
(0.593138 1.71868 1.95404e-19)
(0.570572 1.6811 -8.91663e-20)
(0.552032 1.64468 0)
(0.526745 1.61895 0)
(0.513367 1.65928 -1.59952e-19)
(0.618388 2.02824 -3.32999e-21)
(0.867624 2.93989 8.35437e-20)
(0.934694 3.20275 5.1571e-20)
(0.832774 2.91514 7.70099e-20)
(0.452177 1.72038 -8.94147e-20)
(-0.101551 0.290536 1.59514e-19)
(-0.281693 -0.289836 -1.1338e-19)
(-0.310961 -0.515636 0)
(-0.217064 -0.460554 -1.52276e-20)
(-0.0286355 -0.00893123 2.76421e-19)
(0.0134677 0.131818 5.47023e-19)
(0.266417 0.879293 0)
(0.462807 1.46233 0)
(0.546933 1.69686 0)
(0.558519 1.75161 7.78902e-20)
(0.555247 1.7379 -1.93386e-19)
(0.535623 1.69864 -8.76142e-20)
(0.523663 1.66294 0)
(0.506854 1.63538 0)
(0.496725 1.66913 9.87991e-20)
(0.601866 2.00232 3.32323e-20)
(0.849922 2.90216 -4.17476e-20)
(0.950573 3.20426 1.9027e-20)
(0.865886 3.02753 9.52599e-20)
(0.509586 1.86174 -1.70158e-19)
(0.00404675 0.406283 2.74554e-19)
(-0.34037 -0.354856 -2.60423e-19)
(-0.385453 -0.832368 0)
(-0.373309 -1.00248 1.38583e-20)
(-0.163913 -0.648928 3.84464e-19)
(-0.00611274 0.0729225 -5.08066e-19)
(0.182595 0.734754 1.74926e-19)
(0.387425 1.37494 2.72851e-19)
(0.484523 1.662 -1.38456e-20)
(0.510498 1.74649 -1.67827e-19)
(0.514615 1.74566 -1.09506e-19)
(0.503007 1.71531 2.46133e-19)
(0.493782 1.67542 -4.90342e-21)
(0.482629 1.64385 0)
(0.477121 1.67001 2.71474e-20)
(0.571515 1.9481 -1.56511e-20)
(0.849582 2.82919 4.29675e-20)
(0.999128 3.17917 0)
(1.0491 3.05507 -4.99372e-20)
(0.908483 2.41017 0)
(0.528889 1.12452 -6.48044e-20)
(0.0995203 0.138182 -2.54735e-20)
(-0.160222 -0.879463 0)
(-0.299926 -1.25241 0)
(-0.178817 -1.12811 4.60262e-19)
(-0.00102767 0.00650325 4.09726e-19)
(0.0767378 0.355759 -1.53641e-19)
(0.323787 1.18261 1.2242e-19)
(0.434414 1.59518 -1.93504e-19)
(0.465366 1.73204 7.61066e-20)
(0.472038 1.74333 -2.64112e-20)
(0.465844 1.72313 1.68919e-20)
(0.460373 1.68405 -3.24269e-20)
(0.456171 1.64678 -2.14218e-20)
(0.453205 1.65813 -2.08083e-20)
(0.527865 1.86344 3.81948e-21)
(0.801696 2.65144 0)
(1.02545 3.06885 -6.65801e-22)
(1.05952 2.99148 0)
(1.03397 2.63495 0)
(0.871507 1.85021 0)
(0.540221 0.840805 1.49055e-20)
(0.242077 0.014989 1.52907e-20)
(0.0477943 -0.849787 -2.00231e-20)
(-0.111232 -1.21572 5.28167e-20)
(0.0089223 -0.0453001 7.35096e-20)
(0.0169855 0.132239 6.88971e-20)
(0.207315 0.895281 -5.61355e-20)
(0.35873 1.45791 -4.28234e-20)
(0.418137 1.69405 3.46146e-20)
(0.43117 1.74403 2.46425e-20)
(0.427372 1.73416 1.75408e-20)
(0.420243 1.69064 0)
(0.418661 1.64305 -9.01797e-21)
(0.421592 1.63983 -5.51936e-21)
(0.455741 1.76204 1.47156e-20)
(0.658093 2.41127 0)
(0.893512 2.92988 1.35193e-20)
(0.962757 2.90385 -1.42841e-20)
(0.937562 2.68779 0)
(0.846409 2.21361 0)
(0.610283 1.40243 -1.05359e-20)
(0.373449 0.614362 0)
(0.185391 -0.218887 -9.50974e-21)
(0.0628427 -0.531366 0)
(0.000489041 -0.0736564 0)
(0.00342383 -0.0161026 0)
(0.0808567 0.413983 0)
(0.279069 1.23303 0)
(0.355693 1.6057 -8.65544e-34)
(0.381996 1.71483 6.62518e-34)
(0.384314 1.72481 0)
(0.379662 1.69883 0)
(0.375221 1.63773 0)
(0.377848 1.61623 0)
(0.384892 1.6844 0)
(0.490875 2.12273 0)
(0.720655 2.79584 0)
(0.762951 2.82959 0)
(0.745902 2.72596 0)
(0.6979 2.44023 0)
(0.555058 1.87797 0)
(0.36874 1.20749 0)
(0.191441 0.553247 0)
(0.0431883 0.0592831 0)
(-0.00491304 -0.0733123 0)
(0.0102706 -0.0961518 0)
(0.0245095 0.112277 0)
(0.183404 0.899711 0)
(0.295259 1.48638 0)
(0.329534 1.69314 0)
(0.334839 1.72125 0)
(0.332339 1.7034 0)
(0.326091 1.63806 0)
(0.328288 1.59989 0)
(0.322178 1.63936 0)
(0.36355 1.96643 0)
(0.567712 2.67097 0)
(0.594083 2.80498 0)
(0.574479 2.76771 0)
(0.542565 2.59432 0)
(0.451708 2.19758 0)
(0.295808 1.58962 0)
(0.150331 0.980502 0)
(0.0362163 0.44902 0)
(-0.00389916 -0.0832897 0)
(0.00945573 -0.135596 0)
(0.00662417 -0.0121851 0)
(0.0927208 0.609889 0)
(0.222791 1.31055 0)
(0.27749 1.63097 0)
(0.285478 1.7068 0)
(0.283498 1.7008 0)
(0.274097 1.64171 0)
(0.27197 1.59101 0)
(0.26526 1.61643 0)
(0.258597 1.88352 0)
(0.429649 2.57761 0)
(0.453065 2.80978 0)
(0.422996 2.81396 0)
(0.396313 2.72208 0)
(0.338029 2.44574 0)
(0.22148 1.9297 0)
(0.107031 1.38199 0)
(0.0218525 0.785624 0)
(-0.00425999 -0.0774232 0)
(-0.00329975 -0.141668 0)
(-0.00720376 -0.0589292 0)
(0.0357264 0.38534 0)
(0.165799 1.18866 0)
(0.215078 1.57938 0)
(0.232598 1.69566 0)
(0.232805 1.69828 0)
(0.223269 1.64915 0)
(0.21775 1.5908 0)
(0.216833 1.61035 0)
(0.180114 1.84018 0)
(0.311986 2.51623 0)
(0.338045 2.82315 0)
(0.301094 2.86818 0)
(0.275916 2.82117 0)
(0.234599 2.62084 0)
(0.15071 2.17977 0)
(0.0650185 1.64834 0)
(0.00967182 0.978934 0)
(-0.00392174 -0.0482032 0)
(-0.00629589 -0.134741 0)
(0.0105904 -0.0912551 0)
(0.019267 0.19002 0)
(0.124208 1.03646 0)
(0.168498 1.52491 0)
(0.178197 1.68095 0)
(0.1779 1.69559 0)
(0.170652 1.65608 0)
(0.165032 1.59784 0)
(0.173917 1.61495 0)
(0.121258 1.81816 0)
(0.218105 2.47368 0)
(0.244271 2.83789 0)
(0.206096 2.91834 0)
(0.184639 2.90026 0)
(0.155439 2.75007 0)
(0.0972758 2.3694 0)
(0.0367342 1.86251 0)
(0.000781072 1.11185 0)
(0.00222655 -0.0500106 0)
(0.0216677 -0.190115 0)
(0.0605415 -0.147984 0)
(0.0460025 0.0989702 0)
(0.0973046 0.891786 0)
(0.130795 1.46723 0)
(0.131814 1.66751 0)
(0.129165 1.69264 0)
(0.123394 1.65991 0)
(0.116811 1.60547 0)
(0.134843 1.62285 0)
(0.0788329 1.80806 0)
(0.145576 2.44996 0)
(0.16833 2.85415 0)
(0.134166 2.96211 0)
(0.115593 2.95943 0)
(0.094505 2.84117 0)
(0.0536311 2.49489 0)
(0.0104918 1.98736 0)
(-0.00678521 1.1471 0)
(0.0137847 -0.13677 0)
(0.0486452 -0.31452 0)
(0.0835726 -0.220252 0)
(0.0592158 0.115089 0)
(0.0556494 0.862929 0)
(0.0742565 1.45008 0)
(0.0715958 1.6607 0)
(0.0724443 1.69054 0)
(0.0760202 1.66114 0)
(0.0723356 1.61065 0)
(0.0977564 1.62999 0)
(0.0478382 1.8015 0)
(0.0929075 2.43217 0)
(0.108707 2.86726 0)
(0.0797693 2.99669 0)
(0.0643864 3.00763 0)
(0.0509198 2.906 0)
(0.0223302 2.58135 0)
(-0.00119554 2.07044 0)
(-0.011131 1.13556 0)
(0.0182405 -0.289894 0)
(0.0469954 -0.426638 0)
(0.0659854 -0.254902 0)
(0.0230894 0.18483 0)
(-0.0193473 0.880136 0)
(-0.00702737 1.44908 0)
(-0.0026403 1.65794 0)
(0.0158684 1.68492 0)
(0.0308133 1.65576 0)
(0.0324901 1.61034 0)
(0.0638927 1.63353 0)
(0.0231484 1.8003 0)
(0.0540956 2.42332 0)
(0.0631704 2.87729 0)
(0.038343 3.02224 0)
(0.0276227 3.04146 0)
(0.0172438 2.94963 0)
(-0.000582355 2.63362 0)
(-0.0198277 2.10701 0)
(-0.012989 1.09806 0)
(0.0115757 -0.374716 0)
(0.0209479 -0.473425 0)
(-0.00235378 -0.156944 0)
(-0.062652 0.342131 0)
(-0.112171 0.986323 0)
(-0.108703 1.45994 0)
(-0.0838898 1.64074 0)
(-0.0461083 1.66872 0)
(-0.0124424 1.64241 0)
(-0.00337574 1.60225 0)
(0.0334567 1.63288 0)
(0.00393553 1.79778 0)
(0.0251605 2.41615 0)
(0.0280646 2.88453 0)
(0.00932977 3.0409 0)
(0.000543283 3.06782 0)
(-0.00777655 2.97784 0)
(-0.0197486 2.65967 0)
(-0.0267116 2.10304 0)
(-0.0156076 1.02224 0)
(0.000708512 -0.382337 0)
(-0.0304526 -0.371393 0)
(-0.0811092 -0.0239011 0)
(-0.135084 0.483472 0)
(-0.18649 1.06957 0)
(-0.17352 1.43675 0)
(-0.142982 1.5943 0)
(-0.0960612 1.63459 0)
(-0.0504326 1.61832 0)
(-0.0339605 1.58578 0)
(0.00768108 1.62809 0)
(-0.0113198 1.79896 0)
(0.00320747 2.4155 0)
(0.00185411 2.89053 0)
(-0.0116011 3.05437 0)
(-0.0179962 3.08374 0)
(-0.025317 2.99295 0)
(-0.0320154 2.67096 0)
(-0.0323658 2.08396 0)
(-0.0171588 0.930003 0)
(-0.0116978 -0.283947 0)
(-0.0517182 -0.219698 0)
(-0.111982 0.127484 0)
(-0.165663 0.598696 0)
(-0.200423 1.09292 0)
(-0.194258 1.38472 0)
(-0.164736 1.52988 0)
(-0.121248 1.58293 0)
(-0.0747163 1.58181 0)
(-0.0560094 1.56293 0)
(-0.0105926 1.61885 0)
(-0.0242289 1.79807 0)
(-0.0131443 2.41334 0)
(-0.0172873 2.89549 0)
(-0.0265987 3.06423 0)
(-0.0315211 3.09527 0)
(-0.0358893 3.00078 0)
(-0.0400948 2.66659 0)
(-0.0346202 2.0468 0)
(-0.0145153 0.837752 0)
(-0.012861 -0.167293 0)
(-0.0528965 -0.0538336 0)
(-0.11219 0.273453 0)
(-0.166384 0.694471 0)
(-0.190965 1.10099 0)
(-0.183591 1.34088 0)
(-0.156847 1.47158 0)
(-0.123472 1.5295 0)
(-0.0838905 1.54126 0)
(-0.0663458 1.53669 0)
(-0.022419 1.60651 0)
(-0.0336782 1.7983 0)
(-0.0251971 2.41393 0)
(-0.0298639 2.89999 0)
(-0.0365102 3.07015 0)
(-0.0388778 3.10082 0)
(-0.042014 3.00143 0)
(-0.0421361 2.65272 0)
(-0.033205 1.99025 0)
(-0.0104881 0.750391 0)
(-0.0103201 -0.0518722 0)
(-0.0448137 0.105023 0)
(-0.0958306 0.405492 0)
(-0.141585 0.775572 0)
(-0.166752 1.11393 0)
(-0.158366 1.31578 0)
(-0.138715 1.43007 0)
(-0.113766 1.48663 0)
(-0.0810898 1.50477 0)
(-0.0673099 1.51111 0)
(-0.0270413 1.59168 0)
(-0.040037 1.7955 0)
(-0.0330056 2.4145 0)
(-0.0373913 2.9033 0)
(-0.0418636 3.07437 0)
(-0.0431245 3.1051 0)
(-0.0432067 2.99823 0)
(-0.04094 2.63882 0)
(-0.0293872 1.93754 0)
(-0.0063825 0.679786 0)
(-0.00734531 0.0378909 0)
(-0.0333311 0.23357 0)
(-0.0734439 0.516204 0)
(-0.109384 0.846293 0)
(-0.1313 1.13533 0)
(-0.12811 1.30786 0)
(-0.117114 1.40769 0)
(-0.100205 1.45959 0)
(-0.0733433 1.47864 0)
(-0.0637162 1.49072 0)
(-0.0274233 1.57896 0)
(-0.0414661 1.79492 0)
(-0.0367032 2.41864 0)
(-0.0409479 2.90713 0)
(-0.0438873 3.07699 0)
(-0.0430509 3.10494 0)
(-0.0426024 2.99049 0)
(-0.0382373 2.6101 0)
(-0.0248595 1.87353 0)
(-0.00330407 0.622206 0)
(-0.00420032 0.0992204 0)
(-0.0219111 0.330555 0)
(-0.0520414 0.604243 0)
(-0.0800366 0.904789 0)
(-0.0983618 1.15708 0)
(-0.0991918 1.30798 0)
(-0.0947226 1.39651 0)
(-0.0846196 1.44353 0)
(-0.0631967 1.46176 0)
(-0.057869 1.47583 0)
(-0.0266405 1.56869 0)
(-0.0405343 1.79557 0)
(-0.0366601 2.42129 0)
(-0.0414989 2.9092 0)
(-0.0433074 3.0774 0)
(-0.0419866 3.10391 0)
(-0.0404088 2.98373 0)
(-0.0348583 2.59017 0)
(-0.020442 1.82036 0)
(-0.00125276 0.58062 0)
(-0.00214038 0.137597 0)
(-0.0134039 0.398509 0)
(-0.0350931 0.670094 0)
(-0.0561986 0.952276 0)
(-0.0711832 1.17971 0)
(-0.0745267 1.31445 0)
(-0.0742851 1.39316 0)
(-0.0696051 1.43477 0)
(-0.0531374 1.45114 0)
(-0.0521579 1.46664 0)
(-0.0247733 1.56276 0)
(-0.0391573 1.79856 0)
(-0.0355935 2.42683 0)
(-0.0407211 2.91218 0)
(-0.0419525 3.07698 0)
(-0.040197 3.10055 0)
(-0.037794 2.9692 0)
(-0.0315306 2.55506 0)
(-0.0164876 1.75795 0)
(-4.73746e-05 0.546426 0)
(-0.000889184 0.159695 0)
(-0.00744972 0.444637 0)
(-0.0226411 0.718373 0)
(-0.0386297 0.987243 0)
(-0.0505033 1.19733 0)
(-0.0549692 1.32084 0)
(-0.0570439 1.3921 0)
(-0.0560305 1.42889 0)
(-0.0433464 1.44313 0)
(-0.0467793 1.4602 0)
(-0.0218779 1.55896 0)
(-0.0360021 1.80034 0)
(-0.0329083 2.42968 0)
(-0.0388944 2.91315 0)
(-0.0398468 3.07618 0)
(-0.0382635 3.09784 0)
(-0.0355575 2.9605 0)
(-0.0288113 2.53245 0)
(-0.0133155 1.71016 0)
(0.000526981 0.52375 0)
(-0.000263239 0.170974 0)
(-0.00376684 0.474043 0)
(-0.0139496 0.754387 0)
(-0.0259309 1.01703 0)
(-0.0355994 1.21571 0)
(-0.0405469 1.33079 0)
(-0.0436034 1.39523 0)
(-0.0450265 1.42684 0)
(-0.0348436 1.43804 0)
(-0.0415043 1.45534 0)
(-0.0187155 1.55684 0)
(-0.033413 1.80497 0)
(-0.0307473 2.4355 0)
(-0.0372694 2.9152 0)
(-0.0374591 3.07457 0)
(-0.0356806 3.09233 0)
(-0.0327487 2.9438 0)
(-0.0261101 2.49631 0)
(-0.0107879 1.65376 0)
(0.000815321 0.502934 0)
(3.40819e-06 0.176161 0)
(-0.00166112 0.491627 0)
(-0.00846072 0.777906 0)
(-0.0174222 1.03624 0)
(-0.0248785 1.22761 0)
(-0.0297854 1.33779 0)
(-0.0334073 1.39798 0)
(-0.0365892 1.42564 0)
(-0.0282089 1.43419 0)
(-0.0365127 1.45167 0)
(-0.0154012 1.55493 0)
(-0.0304652 1.80729 0)
(-0.0279504 2.43803 0)
(-0.0350607 2.91602 0)
(-0.0350937 3.0735 0)
(-0.03374 3.0893 0)
(-0.0309091 2.93475 0)
(-0.0240739 2.47487 0)
(-0.00881927 1.61507 0)
(0.000799148 0.490613 0)
(0.000117463 0.177936 0)
(-0.000402037 0.502571 0)
(-0.00465762 0.796989 0)
(-0.0116412 1.05441 0)
(-0.0175807 1.24071 0)
(-0.0221641 1.34682 0)
(-0.0254358 1.403 0)
(-0.0294241 1.42678 0)
(-0.0224249 1.4323 0)
(-0.0317447 1.44872 0)
(-0.0130214 1.55328 0)
(-0.0293104 1.81229 0)
(-0.0265341 2.44416 0)
(-0.0338151 2.91801 0)
(-0.0329894 3.0717 0)
(-0.0317476 3.08349 0)
(-0.0286664 2.91777 0)
(-0.0220591 2.43904 0)
(-0.00741208 1.5655 0)
(0.000684549 0.476049 0)
(0.000153074 0.17775 0)
(9.43456e-05 0.507611 0)
(-0.00253582 0.808093 0)
(-0.00790639 1.06524 0)
(-0.0126729 1.2488 0)
(-0.0171311 1.35284 0)
(-0.0199877 1.40686 0)
(-0.0243841 1.42799 0)
(-0.0178842 1.43145 0)
(-0.0279496 1.44713 0)
(-0.0109265 1.55297 0)
(-0.0273624 1.81496 0)
(-0.0251583 2.44745 0)
(-0.0329227 2.91929 0)
(-0.0316778 3.07084 0)
(-0.0305179 3.0807 0)
(-0.0273637 2.90899 0)
(-0.0205537 2.41946 0)
(-0.00636279 1.53589 0)
(0.000488597 0.468648 0)
(0.000149803 0.177232 0)
(0.00028422 0.511366 0)
(-0.0013765 0.818715 0)
(-0.00577807 1.07719 0)
(-0.00964914 1.25859 0)
(-0.0136758 1.36047 0)
(-0.0162865 1.41183 0)
(-0.020912 1.43049 0)
(-0.0152143 1.43213 0)
(-0.0258942 1.44685 0)
(-0.0106751 1.55361 0)
(-0.0271224 1.82067 0)
(-0.024352 2.45372 0)
(-0.0323666 2.92108 0)
(-0.0302291 3.06889 0)
(-0.0291158 3.07481 0)
(-0.0256967 2.89203 0)
(-0.0190698 2.38491 0)
(-0.0058248 1.49226 0)
(0.000377123 0.456396 0)
(0.000164273 0.176141 0)
(0.000363813 0.512175 0)
(-0.000611053 0.823804 0)
(-0.00407761 1.08351 0)
(-0.0075015 1.26365 0)
(-0.0111001 1.36461 0)
(-0.0132466 1.4144 0)
(-0.0183389 1.43142 0)
(-0.0131757 1.4324 0)
(-0.024597 1.44704 0)
(-0.0100554 1.55457 0)
(-0.0267597 1.82395 0)
(-0.0239031 2.45737 0)
(-0.0321168 2.922 0)
(-0.0296581 3.06767 0)
(-0.0286947 3.07164 0)
(-0.0252119 2.88314 0)
(-0.0183365 2.36683 0)
(-0.00524229 1.46914 0)
(0.000212079 0.450878 0)
(0.000149008 0.175348 0)
(0.000293853 0.513671 0)
(-0.000530627 0.830546 0)
(-0.00335135 1.09267 0)
(-0.0064394 1.27184 0)
(-0.00982386 1.37139 0)
(-0.011818 1.41915 0)
(-0.0169655 1.4343 0)
(-0.0126538 1.43388 0)
(-0.0236101 1.44774 0)
(-0.0103585 1.55655 0)
(-0.0266565 1.83062 0)
(-0.0239182 2.46394 0)
(-0.0320002 2.92379 0)
(-0.0290759 3.06529 0)
(-0.0280588 3.06547 0)
(-0.0242733 2.86595 0)
(-0.0175912 2.33313 0)
(-0.00533945 1.4291 0)
(0.000185874 0.439605 0)
(9.70075e-05 0.174387 0)
(9.63745e-05 0.514062 0)
(-0.000664282 0.833259 0)
(-0.00315261 1.09652 0)
(-0.00594939 1.27541 0)
(-0.00933403 1.3744 0)
(-0.0108329 1.42129 0)
(-0.0161961 1.43563 0)
(-0.0116497 1.43459 0)
(-0.0229239 1.44811 0)
(-0.0104863 1.55774 0)
(-0.0269466 1.83397 0)
(-0.0242866 2.46707 0)
(-0.0322018 2.92477 0)
(-0.0292064 3.06423 0)
(-0.0284885 3.06255 0)
(-0.0247449 2.85747 0)
(-0.017841 2.31643 0)
(-0.00501849 1.40993 0)
(0.000157916 0.43533 0)
(-9.91184e-05 0.175175 0)
(-0.000385633 0.51704 0)
(-0.00138627 0.840475 0)
(-0.00363109 1.10585 0)
(-0.00605064 1.28409 0)
(-0.00926345 1.3816 0)
(-0.0103372 1.42663 0)
(-0.0152894 1.43905 0)
(-0.0110146 1.43727 0)
(-0.0219373 1.44977 0)
(-0.0103849 1.56105 0)
(-0.0265315 1.8425 0)
(-0.0244817 2.47436 0)
(-0.0317049 2.927 0)
(-0.0288945 3.06154 0)
(-0.0283029 3.05498 0)
(-0.0244287 2.83582 0)
(-0.0178792 2.27388 0)
(-0.00611095 1.36074 0)
(-0.00095007 0.418401 0)
(-0.23417 1.56057 1.2641e-22)
(0.3933 3.2299 1.66933e-20)
(0.0900053 3.462 6.3544e-20)
(0.196269 3.43192 0)
(0.154464 3.38713 0)
(0.148442 3.34081 -3.75356e-19)
(0.150593 3.31426 3.85758e-19)
(0.1235 3.27297 -4.08386e-19)
(0.111827 3.18138 7.54681e-21)
(0.0937642 2.56929 5.60822e-19)
(-0.105226 2.31645 1.0675e-23)
(0.129289 3.28547 1.65566e-19)
(0.00891539 3.43547 0)
(0.0952587 3.38905 0)
(0.0706184 3.34371 1.11344e-20)
(0.0756314 3.30689 7.78282e-19)
(0.072137 3.27699 -4.34014e-19)
(0.048825 3.24201 -7.2884e-21)
(0.0495716 3.08499 6.95176e-21)
(0.000636204 2.08778 0)
(-0.0280302 2.06874 1.77759e-19)
(0.0842448 3.13827 -1.88486e-19)
(0.0220484 3.34388 0)
(0.0703538 3.32384 3.58219e-19)
(0.0499713 3.30269 -1.33969e-21)
(0.0508002 3.28151 -4.04737e-19)
(0.0450176 3.26632 -5.03066e-19)
(0.0296299 3.24627 -2.09205e-22)
(0.0404572 3.11994 7.16982e-21)
(-0.0168589 2.2122 0)
(-0.041032 2.01451 -4.4817e-20)
(0.0270217 3.11596 0)
(-0.0147212 3.30794 -1.89513e-19)
(0.019942 3.30683 -1.5556e-19)
(0.0152719 3.28317 1.41616e-20)
(0.0212524 3.26137 -2.62437e-19)
(0.02634 3.24671 2.33555e-19)
(0.0210528 3.23378 -8.40026e-21)
(0.0417049 3.1259 1.10701e-20)
(0.00715012 2.25089 2.88733e-19)
(-0.0530549 2.0235 -1.46549e-19)
(0.0124323 3.08889 0)
(-0.00829284 3.2663 4.0925e-19)
(0.0101686 3.2619 -2.26075e-19)
(0.0135094 3.24815 -6.95267e-22)
(0.0162679 3.23787 -2.24862e-21)
(0.0211543 3.23323 -1.5562e-20)
(0.0216762 3.22449 -2.98537e-19)
(0.0428168 3.12796 8.19959e-21)
(-0.00313338 2.31242 -6.05009e-19)
(-0.0500101 2.0831 0)
(-0.0106614 3.0854 -2.2553e-19)
(-0.0288688 3.24239 1.89063e-20)
(-0.0155898 3.24672 -1.56935e-20)
(-0.0060893 3.23213 1.60735e-20)
(0.00304249 3.21962 2.66854e-19)
(0.0153376 3.21155 2.79184e-19)
(0.0208339 3.20548 5.87583e-19)
(0.0426779 3.1241 3.25775e-19)
(0.0105616 2.35438 -1.67069e-20)
(-0.0513233 2.1408 0)
(-0.0201359 3.08167 2.33326e-19)
(-0.0193526 3.2137 -2.44968e-19)
(-0.011833 3.2127 -1.696e-20)
(-0.000562688 3.20249 3.50734e-20)
(0.0073513 3.19612 3.63698e-22)
(0.0166083 3.1953 -1.88682e-20)
(0.021786 3.1912 -3.07318e-19)
(0.0422896 3.12174 -3.16768e-19)
(0.00383809 2.41989 -1.72967e-20)
(-0.0476759 2.22779 2.69483e-19)
(-0.028743 3.08529 -1.25204e-20)
(-0.0322443 3.1938 8.6387e-21)
(-0.0238052 3.19528 0)
(-0.0135496 3.18546 0)
(-0.00135382 3.17769 0)
(0.0130519 3.17205 0)
(0.0206201 3.16933 3.43201e-19)
(0.0412102 3.11267 -3.53602e-19)
(0.0153093 2.46395 3.49478e-19)
(-0.0464333 2.30643 2.62951e-20)
(-0.0330238 3.08462 2.87289e-19)
(-0.0211665 3.16954 0)
(-0.0146445 3.16539 -1.93502e-20)
(-0.0040217 3.15771 1.97891e-20)
(0.00521976 3.15343 0)
(0.0150196 3.15396 -1.07327e-20)
(0.0207184 3.1529 -3.33094e-19)
(0.0401383 3.10934 3.55092e-19)
(0.0104161 2.5331 0)
(-0.0437191 2.40335 1.60217e-20)
(-0.0358855 3.08616 -4.40675e-19)
(-0.0300733 3.14972 0)
(-0.0225135 3.14683 0)
(-0.0136932 3.13908 2.12419e-20)
(-0.00207246 3.13343 -1.79317e-19)
(0.0114674 3.12925 -2.2417e-20)
(0.0191575 3.1293 1.9117e-19)
(0.0385941 3.09616 0)
(0.0192013 2.58107 0)
(-0.0400766 2.49062 -4.6598e-19)
(-0.038567 3.08228 1.57924e-19)
(-0.0206057 3.12431 0)
(-0.0128435 3.1163 0)
(-0.00335606 3.10962 0)
(0.0055331 3.10679 3.69441e-19)
(0.0145168 3.10861 0)
(0.0201557 3.11071 -2.03958e-19)
(0.0378519 3.09052 1.26071e-20)
(0.0149493 2.65385 2.13624e-19)
(-0.0377087 2.58953 1.66286e-19)
(-0.0398261 3.07578 -1.61709e-20)
(-0.029637 3.10133 1.93846e-19)
(-0.0210665 3.09502 1.88441e-19)
(-0.0124586 3.08837 0)
(-0.000752075 3.08402 -1.89899e-19)
(0.0123655 3.0815 0)
(0.0209856 3.08446 0)
(0.0385436 3.07215 0)
(0.022281 2.70642 -2.14616e-19)
(-0.0351273 2.67842 -1.76207e-19)
(-0.0429711 3.0624 1.81963e-19)
(-0.0235531 3.07218 -1.8273e-19)
(-0.0130705 3.06222 -2.88166e-19)
(-0.00280497 3.05704 0)
(0.00709495 3.05565 2.57829e-20)
(0.0168661 3.05863 -1.31609e-20)
(0.0247795 3.06319 9.81662e-20)
(0.0417172 3.06164 1.21885e-19)
(0.0208515 2.78046 -1.25417e-19)
(-0.034357 2.77301 1.80796e-19)
(-0.0460955 3.04528 -1.74338e-19)
(-0.0329264 3.04588 1.24302e-20)
(-0.0209226 3.04032 7.34093e-20)
(-0.0112084 3.03619 -1.05431e-19)
(0.000310219 3.03362 0)
(0.0137548 3.03213 1.13311e-19)
(0.0256209 3.03557 4.95045e-21)
(0.0446196 3.03659 -2.35956e-19)
(0.0286853 2.83262 -6.55251e-21)
(-0.0295884 2.85517 -5.1694e-20)
(-0.0442556 3.02152 1.26367e-20)
(-0.023172 3.01778 -6.55907e-20)
(-0.0111771 3.01444 2.68498e-20)
(-0.00220853 3.01412 1.28479e-19)
(0.00627214 3.01344 -5.46565e-20)
(0.0145337 3.01419 -5.43862e-20)
(0.0233424 3.01708 -5.64599e-20)
(0.0418082 3.02184 1.2122e-19)
(0.0248412 2.90033 5.92434e-20)
(-0.0176336 2.94053 4.1555e-20)
(-0.0259892 3.00084 1.83717e-20)
(-0.0161447 3.00084 3.61435e-20)
(-0.00938679 3.00162 -7.40769e-20)
(-0.00416675 3.00264 2.50348e-20)
(0.000688506 3.00215 5.08912e-20)
(0.00539197 3.00065 -5.31382e-20)
(0.0107386 2.999 -5.54873e-20)
(0.0217936 2.99714 7.51681e-21)
(0.016521 2.94913 5.33136e-20)
)
;

boundaryField
{
    wall-4
    {
        type            noSlip;
    }
    pressure-outlet-7
    {
        type            zeroGradient;
    }
    velocity-inlet-6
    {
        type            fixedValue;
        value           uniform (0 3 0);
    }
    velocity-inlet-5
    {
        type            fixedValue;
        value           uniform (1 0 0);
    }
    frontAndBackPlanes
    {
        type            empty;
    }
}


// ************************************************************************* //
