/*--------------------------------*- C++ -*----------------------------------*\
| =========                 |                                                 |
| \\      /  F ield         | OpenFOAM: The Open Source CFD Toolbox           |
|  \\    /   O peration     | Version:  v2012                                 |
|   \\  /    A nd           | Website:  www.openfoam.com                      |
|    \\/     M anipulation  |                                                 |
\*---------------------------------------------------------------------------*/
FoamFile
{
    version     2.0;
    format      ascii;
    class       volVectorField;
    location    "32";
    object      U;
}
// * * * * * * * * * * * * * * * * * * * * * * * * * * * * * * * * * * * * * //

dimensions      [0 1 -1 0 0 0 0];


internalField   nonuniform List<vector> 
2200
(
(0.878851 -0.0304142 0)
(1.0058 -0.0512801 0)
(1.00329 -0.0353966 0)
(1.00022 -0.0244267 0)
(0.999792 -0.016627 0)
(1.00002 -0.0106864 0)
(1.00005 -0.00683302 0)
(1.00003 -0.00421151 0)
(1.00003 -0.00221788 0)
(1.00016 -0.000706309 0)
(1.00005 0.000887752 0)
(1.00001 0.00245109 0)
(1.00003 0.00444949 0)
(1.00003 0.00704553 0)
(1 0.0107484 0)
(0.999792 0.016635 0)
(1.00024 0.0244266 0)
(1.0035 0.0351173 0)
(1.00592 0.0513401 0)
(0.878985 0.0303579 0)
(0.711993 -0.0327691 0)
(0.996629 -0.0630351 0)
(1.03332 -0.056183 0)
(1.02499 -0.0464895 0)
(1.01603 -0.0362023 0)
(1.00961 -0.02645 0)
(1.00582 -0.0182595 0)
(1.00371 -0.0115633 0)
(1.00256 -0.00619514 0)
(1.00201 -0.00162972 0)
(1.00205 0.00254917 0)
(1.00259 0.00704173 0)
(1.00368 0.0122165 0)
(1.00563 0.0187934 0)
(1.00947 0.0271067 0)
(1.0159 0.0368287 0)
(1.02485 0.0471597 0)
(1.03307 0.0572773 0)
(0.996614 0.0631741 0)
(0.711774 0.0329474 0)
(0.535432 -0.0239002 0)
(0.96984 -0.0569561 0)
(1.05633 -0.0547855 0)
(1.05211 -0.0488219 0)
(1.03616 -0.0405787 0)
(1.02445 -0.0325125 0)
(1.01586 -0.0241208 0)
(1.0104 -0.0161814 0)
(1.00715 -0.00897858 0)
(1.00562 -0.00244733 0)
(1.00549 0.00382137 0)
(1.00691 0.0102342 0)
(1.0101 0.0173503 0)
(1.01573 0.0251934 0)
(1.02423 0.0333783 0)
(1.03589 0.0412198 0)
(1.05185 0.049267 0)
(1.05627 0.054073 0)
(0.969254 0.0574515 0)
(0.534477 0.0239272 0)
(0.392241 -0.0136372 0)
(0.911777 -0.0463798 0)
(1.05738 -0.0468643 0)
(1.06938 -0.0442277 0)
(1.05464 -0.0380776 0)
(1.03923 -0.0314863 0)
(1.02764 -0.0247934 0)
(1.01915 -0.0176333 0)
(1.01377 -0.0101726 0)
(1.01112 -0.00263581 0)
(1.01101 0.00485544 0)
(1.01356 0.012313 0)
(1.01883 0.0195631 0)
(1.02703 0.0263948 0)
(1.03849 0.0326553 0)
(1.05403 0.0391488 0)
(1.06864 0.0452331 0)
(1.05596 0.047822 0)
(0.910344 0.0467914 0)
(0.390489 0.0137074 0)
(0.307558 -0.0045188 0)
(0.846475 -0.0324246 0)
(1.04931 -0.0400666 0)
(1.07939 -0.0383951 0)
(1.06801 -0.0336312 0)
(1.05146 -0.0278851 0)
(1.03821 -0.0226131 0)
(1.02802 -0.0167215 0)
(1.02105 -0.0100299 0)
(1.01731 -0.0025568 0)
(1.01716 0.00531262 0)
(1.02058 0.0125677 0)
(1.02725 0.0190019 0)
(1.03724 0.0245674 0)
(1.05039 0.0297366 0)
(1.06676 0.0352138 0)
(1.07778 0.0396924 0)
(1.04734 0.0412824 0)
(0.843532 0.032851 0)
(0.304708 0.00467285 0)
(0.264098 8.63609e-05 0)
(0.788626 -0.0200885 0)
(1.03296 -0.0314717 0)
(1.08351 -0.0321028 0)
(1.07738 -0.0288542 0)
(1.06079 -0.0239445 0)
(1.04695 -0.0193965 0)
(1.03604 -0.0144101 0)
(1.02819 -0.00855056 0)
(1.02376 -0.0017658 0)
(1.02346 0.00554103 0)
(1.02738 0.0120402 0)
(1.0348 0.0174229 0)
(1.0456 0.022124 0)
(1.05915 0.0261337 0)
(1.07559 0.0306489 0)
(1.08144 0.0335777 0)
(1.03032 0.032714 0)
(0.7843 0.0205408 0)
(0.260262 5.85246e-05 0)
(0.240238 0.00108786 0)
(0.738389 -0.0122282 0)
(1.0137 -0.0248688 0)
(1.08386 -0.0267125 0)
(1.08283 -0.0245645 0)
(1.06771 -0.0206031 0)
(1.05405 -0.0166828 0)
(1.04318 -0.0122792 0)
(1.0352 -0.00706154 0)
(1.0306 -0.000948029 0)
(1.03021 0.00565125 0)
(1.0341 0.0114926 0)
(1.0416 0.0163667 0)
(1.05188 0.0203012 0)
(1.06542 0.0237738 0)
(1.08025 0.0272961 0)
(1.08054 0.0288815 0)
(1.00871 0.026494 0)
(0.731349 0.0128712 0)
(0.235036 -0.000914464 0)
(0.225838 0.000946175 0)
(0.695036 -0.00803856 0)
(0.992304 -0.0208221 0)
(1.08139 -0.0232425 0)
(1.08618 -0.0215788 0)
(1.0728 -0.0182401 0)
(1.05942 -0.0145436 0)
(1.04887 -0.0102537 0)
(1.04101 -0.00533591 0)
(1.03631 0.000201645 0)
(1.03576 0.00588733 0)
(1.03944 0.011027 0)
(1.0466 0.0153104 0)
(1.05668 0.018849 0)
(1.0698 0.0220994 0)
(1.08253 0.0247091 0)
(1.07695 0.0257201 0)
(0.985804 0.0226806 0)
(0.685693 0.00880064 0)
(0.219273 -0.000767233 0)
(0.216329 0.000594846 0)
(0.660049 -0.0056371 0)
(0.972408 -0.0175536 0)
(1.07885 -0.0201726 0)
(1.08926 -0.0187138 0)
(1.0773 -0.0158319 0)
(1.06401 -0.0125169 0)
(1.05363 -0.00854982 0)
(1.04582 -0.00391629 0)
(1.04099 0.00116111 0)
(1.04023 0.00616237 0)
(1.04372 0.0108356 0)
(1.05047 0.0147356 0)
(1.06032 0.0180701 0)
(1.0731 0.0205427 0)
(1.08422 0.0227807 0)
(1.07226 0.0235342 0)
(0.962432 0.0198751 0)
(0.646854 0.00658222 0)
(0.207813 -0.000393386 0)
(0.209269 0.000332817 0)
(0.631792 -0.00396432 0)
(0.953101 -0.0145726 0)
(1.07537 -0.0175174 0)
(1.09209 -0.0162687 0)
(1.08149 -0.0135525 0)
(1.06817 -0.0102378 0)
(1.05778 -0.00643221 0)
(1.04997 -0.00217676 0)
(1.04498 0.00245409 0)
(1.04404 0.00703463 0)
(1.04729 0.0111022 0)
(1.05387 0.0144699 0)
(1.06303 0.0172443 0)
(1.07574 0.019544 0)
(1.08536 0.0213386 0)
(1.06665 0.021521 0)
(0.939917 0.0173459 0)
(0.614879 0.00517221 0)
(0.198656 -7.43456e-05 0)
(0.204072 0.000144358 0)
(0.609697 -0.00275497 0)
(0.935827 -0.0117123 0)
(1.07219 -0.0147095 0)
(1.09485 -0.0137506 0)
(1.08544 -0.0112896 0)
(1.07199 -0.00821629 0)
(1.06145 -0.00476211 0)
(1.05357 -0.000832849 0)
(1.04853 0.00346256 0)
(1.04726 0.00783704 0)
(1.05004 0.011388 0)
(1.05625 0.0143357 0)
(1.06571 0.0166078 0)
(1.07842 0.0188435 0)
(1.08623 0.0201691 0)
(1.06049 0.0199474 0)
(0.918106 0.0151749 0)
(0.587689 0.00421418 0)
(0.190605 0.000167177 0)
(0.200206 3.68849e-05 0)
(0.593 -0.00181841 0)
(0.921137 -0.00920223 0)
(1.06903 -0.012342 0)
(1.09791 -0.011442 0)
(1.08981 -0.0090657 0)
(1.0759 -0.00606365 0)
(1.06469 -0.00284363 0)
(1.05632 0.000889131 0)
(1.05097 0.00512364 0)
(1.04925 0.00946832 0)
(1.05165 0.012812 0)
(1.05778 0.0150976 0)
(1.06744 0.0169543 0)
(1.08023 0.0181397 0)
(1.08631 0.0191917 0)
(1.053 0.0183045 0)
(0.897336 0.0132922 0)
(0.564923 0.00361188 0)
(0.183442 0.000369372 0)
(0.19746 -2.18937e-05 0)
(0.5806 -0.00098641 0)
(0.90794 -0.00678401 0)
(1.06651 -0.00927321 0)
(1.10101 -0.00854837 0)
(1.0943 -0.00627271 0)
(1.08015 -0.0034353 0)
(1.06842 -0.000431407 0)
(1.05938 0.00301851 0)
(1.05333 0.00695253 0)
(1.05118 0.0107609 0)
(1.05358 0.0136083 0)
(1.05989 0.0154168 0)
(1.06974 0.0164225 0)
(1.08252 0.0177918 0)
(1.0862 0.0181239 0)
(1.04625 0.0171209 0)
(0.878347 0.0117533 0)
(0.545503 0.00321164 0)
(0.17659 0.000491025 0)
(0.196308 -8.99262e-05 0)
(0.572794 -9.50505e-05 0)
(0.898779 -0.0037726 0)
(1.06413 -0.00626029 0)
(1.10389 -0.00542965 0)
(1.09867 -0.00326343 0)
(1.08476 -0.000445168 0)
(1.07302 0.00260212 0)
(1.06381 0.00595483 0)
(1.05738 0.00948336 0)
(1.05478 0.0124078 0)
(1.05655 0.0145407 0)
(1.06224 0.0158881 0)
(1.07169 0.0168606 0)
(1.08304 0.0172233 0)
(1.0849 0.0171949 0)
(1.03742 0.0154197 0)
(0.859563 0.0100026 0)
(0.529219 0.00276453 0)
(0.170329 0.000510713 0)
(0.196679 -0.000176997 0)
(0.570226 0.0009987 0)
(0.891387 -0.00132749 0)
(1.063 -0.00289241 0)
(1.10662 -0.00199847 0)
(1.10256 -1.17528e-05 0)
(1.08905 0.00249952 0)
(1.07743 0.00559755 0)
(1.06816 0.00889895 0)
(1.06117 0.0122122 0)
(1.05767 0.0147104 0)
(1.05847 0.0164421 0)
(1.06336 0.0171683 0)
(1.07185 0.0176024 0)
(1.08257 0.0171747 0)
(1.0826 0.0164744 0)
(1.02916 0.0143147 0)
(0.843246 0.00869966 0)
(0.515732 0.00247399 0)
(0.164691 0.000502483 0)
(0.19864 0.000337366 0)
(0.571054 0.00156379 0)
(0.887547 0.00158481 0)
(1.06214 0.000119381 0)
(1.10926 0.00140296 0)
(1.10589 0.00343074 0)
(1.09239 0.00606964 0)
(1.08045 0.00915684 0)
(1.07074 0.0125102 0)
(1.06325 0.0157671 0)
(1.05921 0.0180305 0)
(1.05922 0.0191311 0)
(1.0633 0.0192027 0)
(1.07132 0.0187625 0)
(1.08135 0.0177011 0)
(1.07831 0.0164089 0)
(1.01818 0.0134812 0)
(0.825975 0.00774303 0)
(0.503146 0.00243949 0)
(0.159314 0.000514569 0)
(0.203265 0.000620234 0)
(0.57495 0.00238231 0)
(0.888492 0.00381134 0)
(1.06288 0.00395523 0)
(1.11195 0.00556231 0)
(1.10944 0.00771 0)
(1.09578 0.0103341 0)
(1.08318 0.01346 0)
(1.07248 0.0166839 0)
(1.06366 0.0196442 0)
(1.05827 0.0215463 0)
(1.05764 0.0220432 0)
(1.06163 0.0213814 0)
(1.06962 0.0200063 0)
(1.07863 0.0184365 0)
(1.07387 0.0165855 0)
(1.00912 0.0132986 0)
(0.812469 0.00752946 0)
(0.492399 0.00260283 0)
(0.154115 0.000529884 0)
(0.208864 0.000659617 0)
(0.582473 0.00339367 0)
(0.892305 0.00622945 0)
(1.06561 0.00749168 0)
(1.11596 0.00976257 0)
(1.11387 0.0123961 0)
(1.1 0.0157252 0)
(1.08695 0.0190281 0)
(1.07545 0.0223241 0)
(1.0656 0.0250265 0)
(1.05934 0.026342 0)
(1.05742 0.0257064 0)
(1.05991 0.0241294 0)
(1.06697 0.0222841 0)
(1.07466 0.0201451 0)
(1.06732 0.0173933 0)
(0.996461 0.0133938 0)
(0.795649 0.00760453 0)
(0.479862 0.00289905 0)
(0.148172 0.0005595 0)
(0.217497 0.000846774 0)
(0.596278 0.0044115 0)
(0.901495 0.00876643 0)
(1.07109 0.0114791 0)
(1.12076 0.0141108 0)
(1.11936 0.0174645 0)
(1.1054 0.021071 0)
(1.09181 0.0249218 0)
(1.07942 0.0285958 0)
(1.06798 0.031216 0)
(1.05936 0.0320108 0)
(1.05575 0.0307045 0)
(1.05771 0.0283551 0)
(1.06402 0.025272 0)
(1.07039 0.0223646 0)
(1.06101 0.0189306 0)
(0.98648 0.0145796 0)
(0.783299 0.00867598 0)
(0.468633 0.00343807 0)
(0.142081 0.000608672 0)
(0.226801 0.00112615 0)
(0.610545 0.00519385 0)
(0.913181 0.010928 0)
(1.0792 0.0148633 0)
(1.12801 0.0187123 0)
(1.12605 0.0227889 0)
(1.11109 0.0272528 0)
(1.09641 0.0318453 0)
(1.08269 0.0359773 0)
(1.06985 0.0389921 0)
(1.05986 0.039586 0)
(1.05472 0.0375716 0)
(1.05439 0.0341266 0)
(1.05937 0.0304631 0)
(1.06457 0.0266252 0)
(1.05209 0.0224597 0)
(0.971298 0.0169605 0)
(0.763538 0.0102814 0)
(0.451903 0.00420241 0)
(0.133902 0.000728241 0)
(0.240276 0.00150998 0)
(0.631769 0.0070383 0)
(0.930406 0.0144007 0)
(1.08972 0.0198912 0)
(1.13568 0.0243424 0)
(1.13339 0.0294453 0)
(1.1174 0.0348087 0)
(1.10129 0.0401546 0)
(1.08559 0.0451124 0)
(1.0703 0.0485365 0)
(1.05729 0.0486573 0)
(1.05023 0.0458031 0)
(1.04965 0.0416616 0)
(1.05409 0.0366294 0)
(1.05757 0.0320536 0)
(1.04282 0.026432 0)
(0.958079 0.0200755 0)
(0.747972 0.0125065 0)
(0.436146 0.00510716 0)
(0.125222 0.000845956 0)
(0.256294 0.00201827 0)
(0.656175 0.00855581 0)
(0.950671 0.01798 0)
(1.1034 0.0250427 0)
(1.14644 0.0310898 0)
(1.14279 0.0376901 0)
(1.12522 0.0440995 0)
(1.10724 0.0508103 0)
(1.08926 0.0564026 0)
(1.07142 0.0598883 0)
(1.05616 0.0594207 0)
(1.04705 0.0561715 0)
(1.04352 0.050794 0)
(1.04611 0.0446347 0)
(1.04822 0.039168 0)
(1.02947 0.0321354 0)
(0.937283 0.0240208 0)
(0.720814 0.014779 0)
(0.411629 0.00600316 0)
(0.11335 0.000974921 0)
(0.27856 0.00280299 0)
(0.68967 0.012228 0)
(0.977979 0.0240005 0)
(1.12102 0.0332574 0)
(1.15921 0.0405055 0)
(1.1541 0.0481253 0)
(1.13469 0.0563414 0)
(1.11445 0.0641046 0)
(1.09361 0.0705351 0)
(1.07238 0.0743015 0)
(1.05365 0.0733545 0)
(1.04163 0.0682876 0)
(1.03734 0.0617735 0)
(1.0385 0.0541212 0)
(1.03758 0.0466706 0)
(1.01433 0.0377392 0)
(0.917198 0.0280676 0)
(0.698602 0.0174944 0)
(0.389498 0.00705695 0)
(0.101573 0.00102711 0)
(0.309004 0.00371746 0)
(0.733352 0.0150546 0)
(1.01279 0.031223 0)
(1.14338 0.0432851 0)
(1.1754 0.0524597 0)
(1.16778 0.0631284 0)
(1.14569 0.0724711 0)
(1.12252 0.0814501 0)
(1.09833 0.0881892 0)
(1.07346 0.0911122 0)
(1.0511 0.0884956 0)
(1.03612 0.0824771 0)
(1.02808 0.0744787 0)
(1.02628 0.0654694 0)
(1.02312 0.0562476 0)
(0.994287 0.0457103 0)
(0.888382 0.0335603 0)
(0.661002 0.0207108 0)
(0.354472 0.00800549 0)
(0.0855558 0.001116 0)
(0.344786 0.00736253 0)
(0.788624 0.0244885 0)
(1.05576 0.0438517 0)
(1.17087 0.0592596 0)
(1.19509 0.0714941 0)
(1.18324 0.0833694 0)
(1.15765 0.0943665 0)
(1.13063 0.103621 0)
(1.10216 0.109948 0)
(1.07281 0.111881 0)
(1.04688 0.108042 0)
(1.02915 0.0995758 0)
(1.01959 0.0891475 0)
(1.01529 0.0779273 0)
(1.00679 0.0662333 0)
(0.971308 0.0531472 0)
(0.85856 0.0391124 0)
(0.628762 0.024198 0)
(0.324508 0.00941911 0)
(0.0710116 0.0010479 0)
(0.426444 0.0111473 0)
(0.871735 0.035185 0)
(1.1139 0.0640655 0)
(1.20532 0.084343 0)
(1.21832 0.0971631 1.37422e-33)
(1.20054 0.112757 -5.9446e-34)
(1.16986 0.123599 0)
(1.13824 0.132089 0)
(1.10519 0.136782 0)
(1.07121 0.135982 0)
(1.04057 0.128513 0)
(1.01852 0.11679 0)
(1.00476 0.104483 0)
(0.99668 0.0915756 0)
(0.985614 0.0781419 0)
(0.943604 0.0634297 0)
(0.820002 0.0463962 0)
(0.577116 0.0285369 0)
(0.274924 0.00960181 0)
(0.0500781 0.000778844 0)
(0.495902 0.0262187 1.18293e-19)
(0.967487 0.0591054 -8.86489e-20)
(1.17567 0.096886 0)
(1.24072 0.119931 6.29854e-20)
(1.24362 0.136512 -5.10328e-20)
(1.21721 0.152041 6.27194e-34)
(1.18115 0.161396 0)
(1.14439 0.167933 3.05171e-20)
(1.10583 0.170221 -9.83105e-20)
(1.06638 0.166599 1.9665e-20)
(1.03165 0.156422 0)
(1.00728 0.142714 -4.62425e-20)
(0.991414 0.127137 -5.44006e-20)
(0.979324 0.11107 9.48411e-20)
(0.958122 0.0943951 -7.44557e-20)
(0.903067 0.076005 0)
(0.764173 0.0558583 -2.65023e-20)
(0.510139 0.0328057 0)
(0.221655 0.0119548 -1.46228e-19)
(0.0321984 0.00114623 1.72792e-19)
(0.528737 0.054138 -1.46536e-20)
(1.02496 0.102305 3.05556e-19)
(1.22074 0.14734 -2.92273e-20)
(1.27166 0.167764 -1.81933e-19)
(1.26591 0.184983 -1.08526e-19)
(1.23188 0.198707 1.75321e-19)
(1.19057 0.205915 0)
(1.1483 0.210417 0)
(1.10418 0.210177 1.57322e-19)
(1.05919 0.203331 0)
(1.01835 0.189335 1.7049e-19)
(0.985654 0.17063 4.96144e-20)
(0.961174 0.152259 3.46076e-22)
(0.941249 0.135214 -1.03103e-19)
(0.919338 0.11867 0)
(0.862333 0.100561 0)
(0.719945 0.0743259 -4.32133e-19)
(0.471809 0.0466758 1.08181e-18)
(0.20637 0.0172142 -6.41467e-19)
(0.0276331 0.00312558 -7.57893e-19)
(0.534266 0.0769344 -2.43736e-19)
(1.05834 0.159003 8.4437e-20)
(1.25462 0.208516 3.76891e-20)
(1.2968 0.227019 3.2218e-19)
(1.28341 0.242002 1.39996e-20)
(1.24305 0.251604 -4.63815e-19)
(1.19661 0.255278 1.52396e-19)
(1.14877 0.256817 0)
(1.09901 0.25332 -3.34829e-19)
(1.04806 0.242968 2.80803e-19)
(1.00147 0.225976 -4.58613e-19)
(0.966219 0.206053 2.12215e-19)
(0.941884 0.188173 -1.31296e-19)
(0.922217 0.170192 2.98717e-19)
(0.890615 0.150543 0)
(0.827079 0.128408 -1.06773e-19)
(0.689177 0.0995246 0)
(0.460462 0.061224 5.92271e-19)
(0.208744 0.0283018 -1.40642e-18)
(0.0346289 0.00423804 8.80756e-19)
(0.525069 0.108786 8.86077e-19)
(1.07313 0.215903 -3.69708e-19)
(1.27369 0.273693 -6.96258e-20)
(1.31312 0.291047 0)
(1.2947 0.303563 -2.28533e-19)
(1.24978 0.308528 2.77902e-19)
(1.19899 0.308049 -1.63038e-19)
(1.14632 0.305798 0)
(1.09177 0.298178 2.38406e-19)
(1.03603 0.283676 -1.98627e-19)
(0.98446 0.262411 3.95775e-19)
(0.943514 0.240014 0)
(0.91093 0.218294 -2.79771e-19)
(0.881328 0.197154 1.59321e-19)
(0.854492 0.178719 3.90853e-19)
(0.799219 0.159148 -3.43717e-19)
(0.673172 0.127486 5.47479e-19)
(0.460568 0.0840496 -1.21175e-18)
(0.224351 0.0413273 7.65146e-19)
(0.046027 0.00854573 -9.57631e-19)
(0.511984 0.133189 -4.42621e-19)
(1.07984 0.271017 3.23379e-19)
(1.28413 0.340438 -2.25473e-19)
(1.32159 0.356684 3.8553e-19)
(1.29952 0.366604 -3.25913e-19)
(1.25158 0.366971 9.46706e-20)
(1.19748 0.362417 3.64886e-21)
(1.14089 0.356132 -2.95382e-19)
(1.08195 0.344345 -2.52425e-19)
(1.02072 0.326074 -4.26098e-19)
(0.964174 0.302008 -8.49235e-19)
(0.920132 0.276848 -2.5315e-19)
(0.888073 0.254032 2.48508e-21)
(0.864472 0.23564 -5.32316e-19)
(0.830732 0.216908 -6.34368e-21)
(0.771688 0.191231 4.96235e-19)
(0.652177 0.155778 -1.48827e-19)
(0.457397 0.106798 -8.71273e-20)
(0.236534 0.0561858 0)
(0.055466 0.0134561 2.01707e-18)
(0.493443 0.153702 0)
(1.07122 0.320052 -7.90893e-20)
(1.28528 0.403279 0)
(1.32364 0.420094 -1.24255e-20)
(1.2991 0.428596 3.38579e-19)
(1.24892 0.425111 -2.09136e-19)
(1.19222 0.41686 1.82738e-19)
(1.13245 0.406641 4.79303e-19)
(1.06986 0.390707 -1.37903e-19)
(1.00513 0.368128 2.18475e-19)
(0.94603 0.339236 4.55558e-19)
(0.898526 0.311023 5.47702e-19)
(0.861656 0.287562 -3.23504e-19)
(0.827991 0.265229 5.7306e-19)
(0.800672 0.244712 -4.50656e-19)
(0.751767 0.223168 0)
(0.644787 0.185097 -1.12384e-18)
(0.462672 0.131727 1.51353e-18)
(0.248309 0.0719648 1.12679e-19)
(0.0629197 0.0185699 -2.11366e-18)
(0.479509 0.17444 -5.21843e-21)
(1.06389 0.369331 1.43923e-19)
(1.28259 0.464846 7.31473e-19)
(1.32094 0.481974 -5.16071e-19)
(1.29428 0.488965 2.5206e-19)
(1.24255 0.481876 -2.15872e-19)
(1.18391 0.470361 3.78357e-19)
(1.12165 0.456539 -1.57668e-19)
(1.05618 0.436857 -5.7143e-19)
(0.987533 0.410281 3.57156e-22)
(0.923577 0.37901 -4.91018e-19)
(0.87437 0.348352 -5.86557e-19)
(0.838678 0.321743 3.52407e-19)
(0.814338 0.300298 -2.05247e-19)
(0.78066 0.279489 4.85905e-19)
(0.728078 0.252133 0)
(0.626238 0.212818 -6.92175e-19)
(0.458601 0.154512 1.02175e-18)
(0.254644 0.0865701 1.93791e-18)
(0.0678124 0.0233476 -2.28087e-18)
(0.464518 0.191871 7.79198e-19)
(1.04959 0.413154 -4.08567e-19)
(1.27529 0.521908 -4.67694e-19)
(1.3147 0.540446 5.4876e-19)
(1.28634 0.546708 1.13949e-20)
(1.23331 0.536656 -4.47329e-19)
(1.17304 0.522223 -2.09229e-19)
(1.10883 0.505051 -1.82855e-19)
(1.04079 0.481519 -3.13583e-19)
(0.969904 0.451477 4.99637e-19)
(0.905168 0.415672 5.08331e-19)
(0.854085 0.381339 9.34714e-19)
(0.814945 0.354043 0)
(0.779655 0.327963 5.84312e-21)
(0.753564 0.306041 -1.31944e-18)
(0.710459 0.283588 3.07347e-19)
(0.616465 0.240837 1.48642e-18)
(0.454703 0.177655 -4.38063e-19)
(0.254041 0.0999671 9.12574e-19)
(0.068995 0.0267113 -7.64841e-20)
(0.455808 0.21091 6.00608e-21)
(1.03898 0.457217 -3.25189e-19)
(1.26637 0.577161 -3.20766e-19)
(1.30591 0.596613 8.34881e-19)
(1.27589 0.601832 -7.52492e-19)
(1.22194 0.589001 4.6665e-19)
(1.16062 0.572059 2.20463e-19)
(1.09494 0.551878 5.67192e-19)
(1.0252 0.525431 6.49992e-19)
(0.951872 0.491895 -5.56079e-19)
(0.883131 0.45179 0)
(0.829592 0.415671 -3.44677e-19)
(0.791873 0.383801 3.9572e-19)
(0.766704 0.361239 4.83024e-19)
(0.734219 0.338378 -2.79957e-19)
(0.685553 0.3073 -6.74389e-19)
(0.595053 0.265146 -2.00645e-19)
(0.442843 0.195352 -1.29656e-21)
(0.246808 0.109853 0)
(0.0669778 0.0287722 0)
(0.447371 0.226627 2.8903e-19)
(1.02594 0.497042 0)
(1.25528 0.628426 -3.27344e-19)
(1.29509 0.649615 1.20328e-19)
(1.26386 0.654131 8.14081e-19)
(1.20921 0.638801 -2.15696e-19)
(1.14682 0.619524 2.3006e-19)
(1.07977 0.59671 -3.94642e-19)
(1.00781 0.567067 5.05449e-19)
(0.931247 0.52958 -1.66681e-19)
(0.861199 0.487412 2.90144e-19)
(0.808247 0.447179 1.09666e-18)
(0.768828 0.41461 1.36701e-20)
(0.733015 0.385212 -5.08112e-19)
(0.70736 0.359279 9.21662e-19)
(0.668372 0.334726 4.4558e-21)
(0.583415 0.28572 2.14665e-19)
(0.432252 0.212231 -1.02215e-18)
(0.23792 0.116523 1.04313e-18)
(0.0631213 0.0303226 -1.23962e-18)
(0.441353 0.245593 4.1642e-23)
(1.01496 0.536218 0)
(1.24356 0.677434 0)
(1.28302 0.700008 -1.4344e-19)
(1.25065 0.703489 -2.79721e-19)
(1.19541 0.685896 2.50969e-19)
(1.13228 0.664743 -4.66711e-19)
(1.06404 0.639677 0)
(0.990519 0.607867 -7.33444e-19)
(0.913188 0.569025 7.9981e-19)
(0.841725 0.523219 8.03708e-19)
(0.784599 0.477914 -3.98351e-19)
(0.742582 0.441973 -4.71668e-19)
(0.719374 0.413276 1.10071e-18)
(0.68811 0.388089 -3.2768e-19)
(0.643255 0.352398 -3.89119e-19)
(0.559632 0.304677 -2.32082e-19)
(0.415537 0.22337 -1.0991e-18)
(0.226459 0.12097 1.58913e-19)
(0.058164 0.0306561 1.33397e-18)
(0.437749 0.26411 9.90536e-20)
(1.00375 0.572373 1.80168e-19)
(1.23082 0.722937 2.34172e-20)
(1.27008 0.747385 -5.04546e-23)
(1.23682 0.750168 -1.74316e-19)
(1.18111 0.730492 5.00621e-19)
(1.11726 0.707509 0)
(1.04814 0.680331 2.30853e-19)
(0.973743 0.646142 -1.8203e-19)
(0.894457 0.603179 1.3465e-18)
(0.818426 0.551799 -1.794e-19)
(0.760521 0.506257 2.02993e-19)
(0.721992 0.467234 0)
(0.683614 0.434177 -5.93218e-19)
(0.660601 0.403844 7.08794e-19)
(0.624531 0.375649 0)
(0.544494 0.318545 -5.00126e-19)
(0.398591 0.23375 1.47038e-18)
(0.213708 0.123279 1.72727e-19)
(0.0525277 0.0301651 -1.63866e-18)
(0.435837 0.28097 1.93224e-19)
(0.994237 0.607567 -2.47059e-19)
(1.21818 0.766227 0)
(1.25672 0.792138 -3.08164e-19)
(1.22263 0.794 0)
(1.16653 0.772441 -5.6022e-19)
(1.10213 0.747958 0)
(1.03217 0.719026 0)
(0.955693 0.68313 -2.16252e-19)
(0.872488 0.639165 -1.27135e-18)
(0.794836 0.588493 -1.47868e-18)
(0.735793 0.537203 2.29123e-19)
(0.691812 0.493354 8.12189e-19)
(0.669575 0.458683 6.46442e-19)
(0.640242 0.428831 -2.27455e-18)
(0.597827 0.386547 -9.06997e-19)
(0.51802 0.332342 5.31264e-19)
(0.378131 0.238476 0)
(0.199858 0.123711 1.4864e-18)
(0.0467524 0.0287265 -1.76215e-18)
(0.43448 0.296733 -1.9121e-19)
(0.984418 0.639946 2.52684e-19)
(1.20531 0.806242 0)
(1.24324 0.834055 -1.0494e-20)
(1.20848 0.835421 1.39018e-19)
(1.15202 0.812181 0)
(1.08708 0.786172 1.42483e-19)
(1.01629 0.75566 1.44835e-19)
(0.938764 0.718173 -4.32911e-19)
(0.855864 0.671499 1.79606e-19)
(0.777213 0.615436 0)
(0.713505 0.562242 9.59648e-19)
(0.670049 0.51732 4.31908e-21)
(0.63273 0.476208 3.47732e-19)
(0.610126 0.438759 4.10523e-19)
(0.57711 0.405836 0)
(0.500361 0.339116 -8.6709e-19)
(0.358871 0.242907 1.70241e-18)
(0.185454 0.122284 -1.8022e-18)
(0.0411938 0.0268286 3.78942e-18)
(0.433456 0.311806 0)
(0.97589 0.671648 0)
(1.19292 0.844233 1.59838e-19)
(1.22981 0.873455 0)
(1.19438 0.874131 0)
(1.13768 0.849453 -5.92122e-19)
(1.07229 0.822268 1.49716e-19)
(1.00073 0.790338 1.73112e-20)
(0.921976 0.75147 -1.07387e-19)
(0.83507 0.704171 0)
(0.749618 0.648729 -2.19031e-19)
(0.684889 0.591049 -7.78017e-19)
(0.640816 0.538571 -9.20273e-19)
(0.61626 0.496958 -3.64605e-19)
(0.588765 0.460021 4.43669e-19)
(0.54873 0.4094 -1.04478e-18)
(0.471926 0.34764 1.86306e-18)
(0.335815 0.241831 4.66911e-21)
(0.170929 0.119169 -1.72829e-18)
(0.0360718 0.0246167 -2.55195e-19)
(0.432416 0.326542 0)
(0.967204 0.701002 1.84682e-19)
(1.18067 0.879371 -1.60464e-19)
(1.21665 0.910302 0)
(1.18069 0.910646 0)
(1.12374 0.884723 1.24942e-18)
(1.05798 0.856363 0)
(0.985782 0.823163 0)
(0.90577 0.783332 -9.67581e-19)
(0.818302 0.734336 2.27327e-19)
(0.734363 0.674645 -2.00301e-18)
(0.667113 0.615378 0)
(0.616548 0.563623 -9.91333e-19)
(0.577117 0.512614 1.11512e-20)
(0.55512 0.464058 -1.42299e-18)
(0.525734 0.423362 5.61525e-19)
(0.453555 0.345109 2.76376e-21)
(0.318523 0.240003 -1.96303e-18)
(0.158379 0.114935 9.30157e-19)
(0.0317289 0.0225984 2.73304e-19)
(0.431505 0.340838 0)
(0.959683 0.729728 1.61214e-19)
(1.16898 0.912775 -1.72351e-19)
(1.20375 0.94483 -5.15691e-19)
(1.16721 0.944608 -1.79036e-19)
(1.11013 0.917641 1.57487e-19)
(1.0441 0.888464 -1.40546e-19)
(0.971338 0.854244 1.12547e-18)
(0.890141 0.813362 1.03504e-18)
(0.800031 0.763906 1.82004e-18)
(0.710063 0.705487 1.66516e-18)
(0.635513 0.643754 2.83114e-19)
(0.585418 0.583408 1.42231e-18)
(0.557817 0.530932 8.58768e-19)
(0.530883 0.483238 1.01959e-18)
(0.494484 0.416628 -6.11363e-19)
(0.423546 0.345125 -7.17431e-19)
(0.296595 0.229318 8.40251e-19)
(0.146526 0.108527 -4.96966e-19)
(0.0306704 0.0247954 8.82795e-19)
(0.430549 0.354677 -1.7398e-19)
(0.952032 0.756177 -2.64421e-19)
(1.15749 0.943717 -8.77908e-20)
(1.19124 0.977132 1.63028e-20)
(1.15429 0.976593 5.42662e-19)
(1.09711 0.948716 -3.55364e-19)
(1.03093 0.91871 1.46543e-19)
(0.9577 0.883651 -2.11464e-20)
(0.875603 0.842147 -1.22235e-18)
(0.784515 0.792053 -1.96209e-18)
(0.694305 0.730854 1.20147e-19)
(0.619357 0.6674 0)
(0.561921 0.608704 0)
(0.514749 0.547517 -4.50933e-19)
(0.49023 0.481485 -1.65492e-18)
(0.465121 0.42372 1.31488e-18)
(0.406493 0.322466 7.81265e-19)
(0.297143 0.209953 0)
(0.155237 0.0864464 1.58503e-18)
(0.0246236 0.00188929 -9.44449e-19)
(0.429709 0.367828 9.5062e-20)
(0.945262 0.781862 -7.78271e-20)
(1.14653 0.973088 1.74177e-19)
(1.1791 1.00731 2.6132e-19)
(1.1417 1.00622 1.77582e-19)
(1.0845 0.977564 -9.92056e-20)
(1.01818 0.947044 0)
(0.944659 0.911303 -1.43279e-18)
(0.861864 0.869347 1.48847e-19)
(0.768497 0.818825 0)
(0.672687 0.759959 0)
(0.58986 0.696865 1.72741e-19)
(0.528295 0.629973 2.20294e-19)
(0.492581 0.565429 -4.84523e-19)
(0.460201 0.501808 1.18564e-18)
(0.42441 0.406805 -1.4241e-18)
(0.365932 0.306864 -1.66999e-18)
(0.286735 0.185337 1.47389e-18)
(0.195256 0.11424 -5.66021e-19)
(0.115922 0.0855876 3.31962e-19)
(0.428656 0.380212 -8.1144e-20)
(0.938268 0.80534 0)
(1.13578 1.00026 0)
(1.16741 1.03556 1.0025e-19)
(1.12971 1.03411 -8.11559e-20)
(1.07254 1.00474 -2.09514e-20)
(1.00627 0.973664 5.97589e-19)
(0.932554 0.937448 1.55248e-18)
(0.848982 0.895153 2.26897e-18)
(0.754476 0.844815 -1.43613e-19)
(0.657954 0.783851 2.84545e-19)
(0.574409 0.718847 -1.58231e-18)
(0.506678 0.656755 -1.513e-18)
(0.445222 0.58733 -2.5896e-19)
(0.406134 0.498101 0)
(0.376304 0.415627 -1.08535e-20)
(0.331198 0.247822 9.05462e-19)
(0.28726 0.0854995 -1.55213e-18)
(0.246826 -0.0561892 1.1916e-18)
(0.0800044 -0.0939905 1.00925e-18)
(0.427645 0.392046 1.65948e-19)
(0.931913 0.828107 5.90242e-20)
(1.12548 1.02611 6.71554e-21)
(1.15604 1.06207 -7.72999e-20)
(1.11798 1.06016 0)
(1.06086 1.03025 -7.42513e-19)
(0.99456 0.998951 -8.05799e-19)
(0.920654 0.962468 4.91389e-20)
(0.836364 0.920027 -1.20478e-18)
(0.739957 0.869558 -1.41804e-19)
(0.639353 0.811745 1.31709e-19)
(0.54765 0.750881 1.38626e-18)
(0.470965 0.68289 1.47728e-18)
(0.42059 0.607774 2.51278e-19)
(0.371403 0.531186 1.24662e-18)
(0.306049 0.39669 0)
(0.197235 0.237697 0)
(0.0264694 0.246438 1.05035e-18)
(-0.073026 0.628815 -3.26312e-20)
(0.00309677 1.5195 -1.24172e-18)
(0.426338 0.403265 -8.46223e-20)
(0.925392 0.849054 -2.44805e-19)
(1.11536 1.05027 4.96254e-19)
(1.145 1.0873 -4.26152e-19)
(1.10668 1.08525 1.04148e-19)
(1.04959 1.05494 -8.15142e-19)
(0.983323 1.02347 0)
(0.909151 0.986958 -1.34593e-18)
(0.824231 0.944941 0)
(0.72682 0.895614 2.1398e-18)
(0.623978 0.837073 -1.48249e-19)
(0.530729 0.773892 1.66226e-19)
(0.452576 0.714583 1.68748e-18)
(0.366969 0.646681 -5.31169e-19)
(0.280533 0.540491 -6.30609e-19)
(0.208367 0.457348 0)
(0.101431 0.552546 0)
(0.0320073 1.28449 0)
(0.0755857 2.44315 -6.01334e-19)
(0.104962 2.90093 -3.64921e-19)
(0.425001 0.413949 0)
(0.919441 0.869288 0)
(1.10571 1.07327 -1.6872e-19)
(1.13437 1.11099 3.68505e-19)
(1.09571 1.10874 -3.70492e-19)
(1.03864 1.07825 7.65898e-19)
(0.972298 1.04693 9.85923e-20)
(0.897996 1.01069 -7.67633e-20)
(0.812565 0.969163 1.63884e-19)
(0.713428 0.920449 -2.45852e-18)
(0.608084 0.865303 2.81681e-19)
(0.50994 0.811886 1.39131e-18)
(0.414949 0.750773 -1.68943e-18)
(0.343012 0.671881 -1.78386e-18)
(0.271781 0.604957 5.95029e-19)
(0.20274 0.728109 0)
(0.135458 1.51745 8.27809e-19)
(0.133928 2.67953 9.36709e-19)
(0.141312 3.08312 -1.04811e-18)
(0.132106 3.21988 1.1432e-18)
(0.423385 0.42405 0)
(0.913355 0.887764 -1.30205e-19)
(1.09625 1.0947 4.73033e-20)
(1.12411 1.13354 -3.87229e-19)
(1.0852 1.13136 3.88891e-19)
(1.02817 1.10076 0)
(0.961871 1.06959 0)
(0.887377 1.03367 0)
(0.801469 0.993145 1.05638e-18)
(0.701682 0.94652 1.25905e-19)
(0.593079 0.892779 0)
(0.48868 0.835291 -1.39343e-18)
(0.404469 0.783372 0)
(0.292579 0.727006 1.2804e-18)
(0.213058 0.800778 -8.64384e-19)
(0.165903 1.45199 -6.87875e-19)
(0.169456 2.66889 -1.61811e-18)
(0.189523 3.12621 -8.74485e-19)
(0.180004 3.2698 -1.27819e-18)
(0.16512 3.31048 1.0063e-18)
(0.421831 0.433414 3.38594e-20)
(0.907796 0.905565 1.53626e-20)
(1.08729 1.11508 4.6679e-20)
(1.1143 1.15465 3.29363e-19)
(1.07507 1.1525 0)
(1.01809 1.12203 0)
(0.951723 1.09131 0)
(0.877193 1.05607 9.28418e-20)
(0.790912 1.01647 -1.32355e-18)
(0.689617 0.970986 0)
(0.581303 0.920799 0)
(0.481367 0.876003 0)
(0.370202 0.826658 0)
(0.309955 0.814511 9.60786e-19)
(0.279116 1.18143 2.31918e-18)
(0.264907 2.35511 6.80967e-19)
(0.275564 3.0821 1.43627e-18)
(0.268883 3.28811 -1.15731e-18)
(0.218937 3.3552 4.34374e-19)
(0.185291 3.36774 0)
(0.420054 0.442352 -2.90612e-20)
(0.901899 0.922175 2.2699e-19)
(1.07828 1.1346 9.3047e-20)
(1.10461 1.17538 3.43831e-20)
(1.06516 1.17348 -1.02952e-19)
(1.00826 1.1431 9.08652e-19)
(0.941996 1.11273 -7.97465e-20)
(0.867375 1.07805 -1.31885e-18)
(0.78092 1.03985 0)
(0.679979 0.997306 -1.42219e-19)
(0.567707 0.95061 1.29374e-19)
(0.453563 0.900909 0)
(0.370805 0.866871 0)
(0.320178 0.993048 -1.20396e-18)
(0.287364 1.84499 1.9037e-19)
(0.282867 2.93551 -5.60735e-19)
(0.302052 3.29296 1.22183e-18)
(0.275475 3.39354 9.74687e-19)
(0.208137 3.41872 -1.50401e-18)
(0.18253 3.42755 7.52955e-19)
(0.418023 0.451415 -4.05674e-20)
(0.895939 0.939671 -1.82944e-19)
(1.06897 1.15479 -1.28174e-19)
(1.09457 1.19623 0)
(1.05491 1.19442 0)
(0.998154 1.16425 -6.93176e-19)
(0.931949 1.13442 6.56331e-19)
(0.857524 1.10054 1.19013e-18)
(0.771068 1.0635 6.55522e-20)
(0.668735 1.0225 2.01363e-18)
(0.558238 0.978262 -2.08858e-18)
(0.455472 0.939476 0)
(0.378197 0.950323 0)
(0.346674 1.348 -8.66973e-19)
(0.348541 2.46287 -1.018e-18)
(0.390429 3.19932 0)
(0.416006 3.37808 -1.47665e-18)
(0.345944 3.44239 -9.68879e-20)
(0.27332 3.48661 1.09961e-18)
(0.249513 3.51236 -4.72441e-19)
(0.415418 0.460884 6.64048e-20)
(0.888863 0.957386 7.88636e-20)
(1.05865 1.17576 0)
(1.08369 1.2184 0)
(1.04395 1.21677 0)
(0.987426 1.18649 0)
(0.921554 1.15686 -7.16948e-19)
(0.847366 1.12344 1.23046e-18)
(0.761217 1.08774 0)
(0.660388 1.04955 -1.84121e-18)
(0.548472 1.01067 3.79311e-18)
(0.436813 0.979108 1.48205e-19)
(0.379823 1.06016 1.82866e-19)
(0.391748 1.7345 1.44861e-18)
(0.415449 2.88811 -8.38036e-19)
(0.453117 3.32648 0)
(0.434814 3.45482 4.55285e-19)
(0.347308 3.54262 9.58443e-20)
(0.266738 3.60935 -8.03337e-21)
(0.191142 3.58902 2.5777e-19)
(0.412424 0.470608 -2.66484e-20)
(0.881403 0.976724 4.37249e-20)
(1.0476 1.198 0)
(1.07202 1.24101 6.89215e-20)
(1.03219 1.23928 -3.14881e-19)
(0.976037 1.20905 0)
(0.910513 1.17983 0)
(0.836916 1.14703 -2.21316e-18)
(0.751199 1.11235 -1.37922e-19)
(0.649535 1.07606 1.92615e-18)
(0.537271 1.03908 -1.82707e-18)
(0.451881 1.02497 1.00899e-18)
(0.419761 1.24034 0)
(0.443045 2.16627 -7.86303e-19)
(0.483011 3.14382 4.87875e-19)
(0.542218 3.43347 4.02235e-19)
(0.536103 3.53272 0)
(0.469969 3.62059 9.21194e-20)
(0.396288 3.66423 -1.48312e-19)
(0.313826 3.63507 -1.58861e-20)
(0.408527 0.480653 2.15293e-20)
(0.872445 0.996199 -5.37093e-20)
(1.03528 1.22112 -1.08465e-19)
(1.05933 1.26522 3.73915e-20)
(1.01956 1.26346 4.77503e-19)
(0.963865 1.23281 0)
(0.898995 1.20345 -4.46605e-19)
(0.826027 1.17097 8.53153e-19)
(0.741217 1.13739 1.09966e-19)
(0.642035 1.10312 -1.66274e-18)
(0.530039 1.07243 -1.0812e-19)
(0.449932 1.08701 -1.14178e-18)
(0.444059 1.45726 1.26232e-18)
(0.503939 2.52545 3.09519e-19)
(0.574073 3.30537 -6.19761e-19)
(0.630357 3.48717 5.4485e-19)
(0.59049 3.54532 0)
(0.528977 3.55249 0)
(0.4302 3.52026 -5.61312e-19)
(0.193827 3.314 9.32681e-19)
(0.404262 0.490407 -5.94372e-21)
(0.862936 1.01752 -2.66062e-20)
(1.02212 1.24557 7.44043e-20)
(1.04575 1.28962 -1.56561e-19)
(1.00607 1.28745 -4.24733e-19)
(0.95108 1.25663 0)
(0.886957 1.22752 5.05198e-19)
(0.815043 1.19528 9.55757e-19)
(0.731206 1.16247 0)
(0.632443 1.13036 0)
(0.526855 1.1058 0)
(0.467277 1.16014 0)
(0.502407 1.69212 -1.43438e-18)
(0.578656 2.83438 -4.39661e-19)
(0.651231 3.40663 0)
(0.692225 3.50751 -2.14041e-19)
(0.68933 3.51352 0)
(0.765028 3.35868 1.54845e-20)
(0.859902 2.99487 -1.40252e-18)
(0.456017 2.62387 1.56114e-18)
(0.398305 0.50026 -2.21636e-20)
(0.851435 1.03872 7.17631e-21)
(1.00733 1.27102 3.06859e-20)
(1.03092 1.3161 1.46426e-19)
(0.991537 1.31359 1.90721e-19)
(0.937326 1.28198 0)
(0.874232 1.25225 1.22219e-19)
(0.803426 1.2202 -1.35522e-19)
(0.721246 1.18814 -8.13558e-19)
(0.625095 1.15698 0)
(0.524491 1.13959 1.03314e-19)
(0.479717 1.25129 -1.17442e-19)
(0.539588 1.92909 0)
(0.64137 3.05978 5.5779e-19)
(0.734879 3.44536 0)
(0.773839 3.48719 7.63031e-20)
(0.780208 3.40542 -1.45776e-19)
(0.770354 3.03186 -1.52757e-20)
(0.526137 2.02949 1.41322e-19)
(-0.350408 0.520199 -3.61081e-19)
(0.391509 0.510365 -1.32164e-20)
(0.838992 1.0619 -1.16355e-20)
(0.991269 1.29799 -4.98026e-20)
(1.01478 1.34273 -1.91367e-20)
(0.975676 1.33964 2.93827e-20)
(0.922565 1.30776 0)
(0.8607 1.27838 -3.77683e-19)
(0.79147 1.24624 -6.92362e-19)
(0.710839 1.21497 1.50424e-18)
(0.614886 1.18634 -1.40463e-18)
(0.526809 1.1822 -1.38893e-18)
(0.510277 1.36494 0)
(0.609673 2.21678 8.9402e-19)
(0.724769 3.21469 -1.86043e-19)
(0.799558 3.43747 -1.18376e-19)
(0.801683 3.4347 0)
(0.727333 3.20014 5.06268e-20)
(0.560686 2.43281 -7.56511e-20)
(0.119215 0.695427 8.98711e-20)
(-0.255922 -0.418797 6.59294e-20)
(0.382811 0.519255 4.3748e-20)
(0.823876 1.08442 -1.86376e-20)
(0.973054 1.32604 -2.43402e-21)
(0.997036 1.3722 -1.2331e-20)
(0.958502 1.3687 -4.68665e-20)
(0.90656 1.33586 -3.0019e-19)
(0.846129 1.3055 6.83595e-19)
(0.778614 1.27377 6.71454e-19)
(0.70047 1.24309 -1.32596e-18)
(0.60633 1.21625 -1.72257e-20)
(0.532532 1.22115 1.4199e-19)
(0.53818 1.49588 -9.13766e-19)
(0.656495 2.48219 3.33553e-19)
(0.771563 3.28265 -5.86649e-19)
(0.83532 3.39993 3.1561e-19)
(0.820796 3.3269 -8.09269e-20)
(0.70354 2.90767 1.66641e-19)
(0.438022 1.7134 -8.39523e-20)
(0.0685916 0.0675657 0)
(-0.0782373 -0.175657 8.3073e-20)
(0.372858 0.5279 0)
(0.807237 1.10843 -7.80268e-20)
(0.953255 1.35533 2.37615e-20)
(0.977661 1.4011 6.5706e-20)
(0.939613 1.39695 0)
(0.889338 1.36387 2.0233e-19)
(0.830823 1.33416 -5.31762e-19)
(0.765509 1.30206 -6.2813e-19)
(0.68976 1.27242 1.17303e-18)
(0.600001 1.24929 1.10595e-18)
(0.537581 1.27867 1.15613e-18)
(0.57714 1.65361 4.63441e-20)
(0.72505 2.72141 -7.19158e-19)
(0.843689 3.3285 -9.78065e-20)
(0.885076 3.36951 2.66722e-19)
(0.80851 3.18039 -2.28391e-19)
(0.55854 2.39013 -8.66854e-20)
(0.127056 0.488089 1.02735e-19)
(-0.132282 -0.244188 0)
(-0.112046 -0.206926 0)
(0.36006 0.534621 -7.50082e-20)
(0.78697 1.13065 1.09922e-19)
(0.930851 1.38533 0)
(0.956354 1.43341 0)
(0.919212 1.42877 0)
(0.870774 1.39456 0)
(0.814163 1.36339 1.94538e-19)
(0.75145 1.33186 -1.53664e-20)
(0.679234 1.30252 2.29615e-20)
(0.595123 1.28217 1.24593e-19)
(0.545424 1.32971 -1.1963e-18)
(0.61377 1.80946 7.35969e-19)
(0.775596 2.91341 0)
(0.871023 3.32108 3.87911e-20)
(0.889571 3.30003 -3.1063e-19)
(0.754533 2.89494 1.24229e-19)
(0.434063 1.77573 -5.58285e-20)
(0.0155708 -0.0096399 -3.79096e-20)
(-0.166566 -0.207536 2.08028e-19)
(-0.0607245 -0.138782 2.49692e-19)
(0.344698 0.539869 5.04503e-20)
(0.76385 1.15258 5.08729e-20)
(0.906723 1.4159 -9.28046e-21)
(0.932925 1.46392 -4.95993e-22)
(0.896517 1.45855 0)
(0.850585 1.42416 -2.24983e-19)
(0.79676 1.39389 1.06766e-19)
(0.736891 1.36167 -4.94908e-20)
(0.667353 1.33343 -3.4075e-20)
(0.591361 1.31777 1.0856e-19)
(0.558507 1.40256 7.90422e-19)
(0.660838 2.00625 -4.68696e-19)
(0.83514 3.04777 -3.87988e-19)
(0.925956 3.32149 -9.90902e-20)
(0.921022 3.21695 1.98979e-19)
(0.700301 2.61685 -2.47924e-19)
(0.233625 0.916855 1.50178e-19)
(-0.0715365 -0.265732 -1.49856e-19)
(-0.152313 -0.23428 4.28092e-19)
(-0.0626788 -0.142702 -3.11792e-19)
(0.325845 0.541757 -4.71909e-20)
(0.736931 1.1717 0)
(0.87938 1.44615 -3.01109e-20)
(0.906971 1.49839 -8.34372e-21)
(0.872021 1.49247 0)
(0.828999 1.45674 1.584e-19)
(0.777463 1.42455 0)
(0.721344 1.3925 2.6474e-19)
(0.654243 1.36426 -3.16059e-19)
(0.588359 1.35356 6.83173e-19)
(0.570916 1.4685 -6.26395e-19)
(0.704402 2.18809 2.30982e-19)
(0.877632 3.11952 7.72125e-19)
(0.944972 3.28705 -1.74337e-19)
(0.884717 3.07209 1.82254e-19)
(0.563541 2.15973 7.25794e-20)
(0.0948724 0.206133 -1.65394e-19)
(-0.167925 -0.299131 2.022e-19)
(-0.117605 -0.227509 7.9415e-22)
(-0.0463261 -0.0859598 3.23051e-20)
(0.304193 0.540471 1.10418e-19)
(0.707274 1.18971 -6.94242e-20)
(0.849876 1.4755 5.6607e-20)
(0.878097 1.52914 8.23988e-21)
(0.844695 1.52268 2.71213e-20)
(0.805214 1.4868 -3.60093e-20)
(0.757331 1.45554 0)
(0.704754 1.42274 -3.4967e-20)
(0.642056 1.39575 0)
(0.58584 1.39157 -6.38973e-19)
(0.590332 1.5515 5.92916e-19)
(0.752335 2.36758 -7.72971e-20)
(0.92283 3.17013 -5.43544e-19)
(0.985754 3.26024 -1.31852e-19)
(0.891073 2.92724 9.02237e-20)
(0.481028 1.75606 -5.28816e-20)
(-0.036011 -0.087341 2.04664e-19)
(-0.230714 -0.275985 1.2371e-19)
(-0.127397 -0.249195 5.13069e-20)
(-0.0614687 -0.078817 -2.36299e-19)
(0.278914 0.533114 4.23662e-21)
(0.672904 1.202 4.56231e-20)
(0.815731 1.50248 0)
(0.845917 1.56378 1.62148e-20)
(0.815389 1.5575 2.82348e-20)
(0.77986 1.51998 -2.2726e-20)
(0.734607 1.4865 3.91565e-20)
(0.687323 1.45272 -2.36513e-19)
(0.628049 1.42624 2.65267e-19)
(0.582488 1.42834 -6.93898e-20)
(0.604925 1.62266 4.67291e-19)
(0.795524 2.50355 5.89203e-19)
(0.957754 3.18535 3.66396e-20)
(0.990924 3.2036 2.79704e-19)
(0.821141 2.70615 1.12231e-19)
(0.322523 1.20476 -1.90715e-19)
(-0.0759957 -0.239949 1.23877e-19)
(-0.25178 -0.316358 -6.20178e-20)
(-0.133812 -0.301923 1.54015e-21)
(-0.0749948 -0.0971229 2.30742e-19)
(0.250344 0.518895 2.3452e-19)
(0.634496 1.21031 -5.16198e-20)
(0.778771 1.52706 -8.88135e-20)
(0.810461 1.59184 7.20925e-20)
(0.783151 1.58646 2.57357e-20)
(0.751495 1.5488 -3.47935e-20)
(0.710745 1.51612 -1.04291e-19)
(0.668174 1.482 0)
(0.616357 1.45568 -3.12323e-19)
(0.57845 1.46624 5.00247e-20)
(0.626251 1.69999 -1.33896e-19)
(0.840585 2.63115 -5.11498e-19)
(0.983267 3.19312 2.42545e-20)
(1.00575 3.16359 7.19623e-21)
(0.801876 2.50626 1.7826e-19)
(0.315991 0.858638 6.58017e-20)
(-0.0404442 -0.275489 -1.67749e-19)
(-0.188411 -0.344492 -8.93205e-20)
(-0.119476 -0.323299 -2.29042e-20)
(-0.0503875 -0.114345 -2.38753e-19)
(0.217596 0.49408 0)
(0.589705 1.20752 4.76533e-20)
(0.735577 1.54588 -3.56483e-20)
(0.77121 1.62326 7.85103e-20)
(0.748693 1.61987 -5.53611e-21)
(0.720938 1.58071 6.39447e-21)
(0.683834 1.54541 0)
(0.647515 1.5089 0)
(0.602366 1.48246 0)
(0.571413 1.50045 -1.00163e-19)
(0.639028 1.75538 9.38944e-20)
(0.874883 2.69697 -1.085e-19)
(1.01058 3.19942 -1.88185e-19)
(1.00384 3.10744 -9.68993e-20)
(0.72514 2.37321 1.71715e-19)
(0.22773 0.467918 -1.69772e-19)
(-0.0894138 -0.181163 2.83585e-20)
(-0.139269 -0.321734 2.51495e-19)
(-0.120569 -0.285095 -2.48716e-20)
(0.0173618 -0.0294452 0)
(0.181567 0.457498 2.34751e-19)
(0.54 1.19643 -4.45619e-20)
(0.68959 1.56054 4.43858e-21)
(0.728906 1.64547 0)
(0.710643 1.64447 -6.44748e-21)
(0.68672 1.606 1.79243e-20)
(0.654843 1.57154 0)
(0.624781 1.53452 -4.48879e-20)
(0.588607 1.50614 3.54185e-20)
(0.565099 1.53111 0)
(0.656098 1.80879 0)
(0.914804 2.75885 1.88433e-19)
(1.02911 3.20761 1.27652e-19)
(0.978495 3.0974 -4.93583e-20)
(0.595931 2.16562 3.68601e-20)
(-0.0504366 0.389889 -7.88352e-20)
(-0.345293 -0.0924898 0)
(-0.352485 -0.311598 1.43076e-19)
(-0.267624 -0.320789 1.79646e-19)
(-0.0214657 -0.00555836 -4.00124e-19)
(0.142118 0.404565 1.96912e-19)
(0.482814 1.16509 -4.46065e-20)
(0.635881 1.56247 4.45516e-20)
(0.681508 1.66919 -1.16837e-19)
(0.669205 1.6723 0)
(0.649923 1.63429 0)
(0.622925 1.59614 0)
(0.599293 1.55694 -3.76328e-20)
(0.572978 1.52556 2.96793e-20)
(0.55298 1.55185 0)
(0.660204 1.83005 0)
(0.942371 2.75967 -2.00874e-19)
(1.07248 3.2229 2.05078e-20)
(0.996896 3.11728 -6.31156e-20)
(0.589461 2.17075 1.19856e-19)
(-0.0940897 0.643146 0)
(-0.451483 -0.0976339 -8.77778e-20)
(-0.555333 -0.695285 6.24824e-21)
(-0.527357 -0.840469 2.28417e-19)
(-0.240444 -0.595823 -2.35007e-19)
(0.101224 0.335189 -1.81082e-19)
(0.420201 1.11844 5.70337e-20)
(0.579315 1.55731 1.2638e-19)
(0.630506 1.68057 5.05865e-20)
(0.623344 1.6881 -4.16009e-20)
(0.609315 1.6535 -1.65932e-21)
(0.587231 1.6165 -1.60369e-20)
(0.571004 1.5753 0)
(0.554305 1.53986 0)
(0.54275 1.56283 0)
(0.660727 1.83132 1.21938e-19)
(0.983704 2.74653 1.75611e-19)
(1.14376 3.21186 1.68619e-20)
(1.12733 3.16577 1.09427e-21)
(0.754469 2.27065 6.44942e-20)
(0.184535 0.689337 0)
(-0.311237 -0.210656 2.19962e-19)
(-0.595107 -0.954303 -1.18114e-18)
(-0.594393 -1.38413 2.53462e-18)
(-0.406067 -1.17042 -1.38688e-18)
(0.0587111 0.246582 1.88592e-19)
(0.347953 1.03702 -1.54949e-19)
(0.512316 1.52635 0)
(0.573858 1.68807 3.09156e-20)
(0.573046 1.70584 1.32363e-20)
(0.565454 1.67493 2.61563e-21)
(0.548472 1.63271 1.49912e-20)
(0.537923 1.59004 0)
(0.532003 1.54934 0)
(0.528523 1.56081 1.6647e-19)
(0.643135 1.79922 6.7303e-21)
(1.00978 2.65598 -1.3462e-19)
(1.29351 3.15048 -9.78174e-20)
(1.39812 3.09063 1.63299e-19)
(1.32128 2.56738 -5.97289e-19)
(0.908811 1.44036 8.18284e-19)
(0.352144 0.365336 -6.32461e-19)
(-0.0238569 -0.593313 0)
(-0.44292 -1.58832 -4.5882e-21)
(-0.400426 -1.55864 1.07267e-18)
(0.0219061 0.160815 1.85085e-19)
(0.269179 0.931549 0)
(0.442823 1.48219 0)
(0.511875 1.67829 0)
(0.518775 1.70875 1.85906e-21)
(0.516131 1.68487 -1.24418e-20)
(0.504186 1.6441 1.42384e-20)
(0.499079 1.59807 0)
(0.502055 1.5492 0)
(0.509279 1.54873 -1.03209e-19)
(0.61562 1.72529 -5.59307e-20)
(0.977914 2.49617 6.59114e-20)
(1.31532 2.99715 -3.00329e-20)
(1.42131 2.90021 -7.71445e-20)
(1.33784 2.54646 6.24472e-20)
(1.16591 1.77525 -2.54498e-19)
(0.722636 0.766842 1.77279e-19)
(0.35204 -0.210585 0)
(0.036463 -0.864435 4.41465e-21)
(-0.181468 -1.23899 -5.03063e-19)
(0.000545585 0.0908497 -1.56822e-19)
(0.179001 0.767278 5.36091e-20)
(0.361927 1.38904 6.7892e-20)
(0.445241 1.65523 -1.89566e-20)
(0.459786 1.71063 -2.9018e-20)
(0.463306 1.69481 8.2503e-21)
(0.4549 1.6505 -4.05629e-20)
(0.453165 1.60111 -7.68843e-21)
(0.459899 1.54241 0)
(0.474802 1.52127 -2.15755e-20)
(0.550257 1.62565 4.59591e-20)
(0.816958 2.24165 -8.58188e-20)
(1.18789 2.81478 0)
(1.25296 2.77005 7.92136e-20)
(1.23273 2.54079 0)
(1.13318 2.05139 7.86137e-20)
(0.819102 1.26491 1.06562e-19)
(0.483261 0.478699 0)
(0.173131 -0.259943 0)
(-0.0309113 -0.609014 -1.29175e-18)
(-0.00430313 0.0359883 1.03935e-19)
(0.0990185 0.555397 -3.85879e-20)
(0.28795 1.268 2.6134e-20)
(0.374142 1.60189 -3.47287e-20)
(0.396768 1.69395 1.08333e-20)
(0.402323 1.69101 1.51655e-21)
(0.398736 1.65218 -6.70166e-21)
(0.396224 1.60056 1.92054e-21)
(0.403121 1.53175 8.18178e-21)
(0.418821 1.48513 3.52122e-20)
(0.448417 1.53661 6.44506e-21)
(0.585353 1.94116 0)
(0.933013 2.64616 4.85839e-20)
(0.968009 2.67309 0)
(0.960451 2.56886 0)
(0.893397 2.29245 0)
(0.713789 1.78194 9.09724e-19)
(0.469128 1.14589 -2.30203e-18)
(0.236279 0.565366 2.12577e-20)
(0.0565876 0.124976 1.61303e-18)
(0.00373187 -0.017858 1.42997e-20)
(0.0339549 0.257311 1.34261e-20)
(0.205679 1.05445 -1.09387e-20)
(0.300912 1.52095 -4.54752e-21)
(0.328187 1.67193 3.67685e-21)
(0.337205 1.68192 -1.42428e-21)
(0.336269 1.65272 -4.17199e-21)
(0.330366 1.59585 0)
(0.331011 1.52177 5.39902e-21)
(0.338643 1.45661 6.83097e-21)
(0.342692 1.47824 -3.69221e-20)
(0.363923 1.76119 0)
(0.641697 2.47766 1.12078e-20)
(0.657592 2.67475 -6.50945e-20)
(0.635247 2.65529 0)
(0.58256 2.5325 0)
(0.491374 2.23786 -5.29986e-20)
(0.324583 1.73137 0)
(0.167313 1.24308 -4.03849e-20)
(0.0514557 0.709047 0)
(0.0116912 -0.0722607 0)
(0.0118478 0.0752503 0)
(0.110247 0.746736 0)
(0.216817 1.36671 0)
(0.252219 1.61839 -3.22028e-35)
(0.263291 1.66279 -6.52709e-35)
(0.266856 1.64684 0)
(0.264585 1.59145 0)
(0.257395 1.52003 0)
(0.261007 1.44782 0)
(0.266623 1.46002 0)
(0.225587 1.67748 0)
(0.422143 2.35355 0)
(0.45908 2.69676 0)
(0.414523 2.75368 0)
(0.378023 2.71537 0)
(0.320273 2.54392 0)
(0.21513 2.16245 0)
(0.0975935 1.69989 0)
(0.0189702 1.06288 0)
(0.00730487 -0.120226 0)
(0.011717 -0.0219553 0)
(0.043573 0.522683 0)
(0.134273 1.2195 0)
(0.169396 1.55459 0)
(0.188505 1.64015 0)
(0.195488 1.63568 0)
(0.2013 1.58978 0)
(0.193319 1.52304 0)
(0.198058 1.45156 0)
(0.211721 1.46267 0)
(0.146665 1.64258 0)
(0.279077 2.28822 0)
(0.326832 2.71775 0)
(0.286947 2.83004 0)
(0.248249 2.82798 0)
(0.212167 2.72214 0)
(0.14192 2.42262 0)
(0.0570524 1.99616 0)
(0.00526931 1.26998 0)
(0.00462663 -0.153364 0)
(0.0109163 -0.0566917 0)
(0.00641407 0.430463 0)
(0.0574897 1.1282 0)
(0.0872983 1.49934 0)
(0.111259 1.61277 0)
(0.127643 1.61957 0)
(0.139909 1.58527 0)
(0.142325 1.52252 0)
(0.143981 1.45919 0)
(0.164823 1.47454 0)
(0.0961131 1.62724 0)
(0.176801 2.24949 0)
(0.223618 2.73568 0)
(0.189212 2.88961 0)
(0.155357 2.91432 0)
(0.127739 2.84767 0)
(0.0816265 2.59622 0)
(0.0207246 2.16924 0)
(-0.00674342 1.35514 0)
(0.00196904 -0.169294 0)
(-0.00212002 -0.0434118 0)
(-0.0246434 0.433669 0)
(-0.00819202 1.0756 0)
(0.0131199 1.45713 0)
(0.0419831 1.5827 0)
(0.0641037 1.59895 0)
(0.0845327 1.57302 0)
(0.0984225 1.51954 0)
(0.0955109 1.46588 0)
(0.120667 1.48721 0)
(0.0638476 1.6208 0)
(0.108703 2.22254 0)
(0.145992 2.7519 0)
(0.112813 2.93481 0)
(0.0864054 2.98062 0)
(0.0699016 2.932 0)
(0.0370726 2.71405 0)
(0.00232191 2.29026 0)
(-0.0138886 1.34697 0)
(-0.00217764 -0.149121 0)
(-0.0183436 0.0133805 0)
(-0.0477527 0.469622 0)
(-0.0491652 1.06126 0)
(-0.0372579 1.41436 0)
(-0.00954859 1.54404 0)
(0.0129311 1.57239 0)
(0.0397991 1.55379 0)
(0.0550456 1.51403 0)
(0.056117 1.46551 0)
(0.0808339 1.49231 0)
(0.0423409 1.61912 0)
(0.0635272 2.20268 0)
(0.0901252 2.76144 0)
(0.0585147 2.96847 0)
(0.0403567 3.02662 0)
(0.0276027 2.99062 0)
(0.00498102 2.78583 0)
(-0.0224432 2.34923 0)
(-0.0161104 1.30688 0)
(-0.00539467 -0.0997294 0)
(-0.0282457 0.0979861 0)
(-0.063357 0.536813 0)
(-0.0742459 1.06476 0)
(-0.0651886 1.37472 0)
(-0.0406853 1.50096 0)
(-0.0200305 1.5394 0)
(0.00654485 1.53168 0)
(0.0224092 1.50081 0)
(0.0283158 1.45636 0)
(0.0522608 1.4921 0)
(0.0231662 1.62167 0)
(0.0331278 2.18597 0)
(0.0528293 2.7645 0)
(0.0238428 2.99103 0)
(0.00796089 3.06349 0)
(-0.00609657 3.03307 0)
(-0.0220217 2.82854 0)
(-0.0364612 2.34532 0)
(-0.0198419 1.21878 0)
(-0.00659492 -0.0338141 0)
(-0.0317693 0.194959 0)
(-0.0685596 0.606098 0)
(-0.078775 1.07191 0)
(-0.0762953 1.33877 0)
(-0.0553064 1.45855 0)
(-0.0377915 1.50242 0)
(-0.0157276 1.5057 0)
(0.00563306 1.4821 0)
(0.00883283 1.44636 0)
(0.0311772 1.49473 0)
(0.00904848 1.62182 0)
(0.0128693 2.18117 0)
(0.02117 2.76784 0)
(-0.0044801 3.01021 0)
(-0.0179322 3.08939 0)
(-0.0325733 3.06284 0)
(-0.044565 2.84915 0)
(-0.0454993 2.32038 0)
(-0.0261735 1.08539 0)
(-0.00630526 0.0341706 0)
(-0.0293844 0.291441 0)
(-0.0636531 0.670077 0)
(-0.0749327 1.08122 0)
(-0.0751836 1.31626 0)
(-0.0579301 1.42652 0)
(-0.0447945 1.4706 0)
(-0.0277559 1.47894 0)
(-0.0040605 1.46541 0)
(-0.00541319 1.43807 0)
(0.0124947 1.4968 0)
(0.000707106 1.62556 0)
(-0.00458084 2.18775 0)
(-0.00667925 2.78046 0)
(-0.0274333 3.03144 0)
(-0.0361844 3.11155 0)
(-0.0469925 3.07695 0)
(-0.0561466 2.84789 0)
(-0.0503329 2.26407 0)
(-0.023278 0.941159 0)
(-0.00477604 0.0933464 0)
(-0.0233266 0.378163 0)
(-0.0526652 0.728797 0)
(-0.0642263 1.09658 0)
(-0.0662507 1.30688 0)
(-0.0543089 1.40746 0)
(-0.046525 1.44895 0)
(-0.0330106 1.45848 0)
(-0.0144535 1.45369 0)
(-0.0172464 1.4331 0)
(-0.00313056 1.4934 0)
(-0.00965715 1.63536 0)
(-0.0220286 2.19465 0)
(-0.0253358 2.79606 0)
(-0.0425055 3.04868 0)
(-0.0494797 3.12562 0)
(-0.0574399 3.09123 0)
(-0.0594207 2.83758 0)
(-0.0497895 2.19383 0)
(-0.0158429 0.811859 0)
(-0.00318936 0.138283 0)
(-0.0168381 0.449276 0)
(-0.041152 0.7796 0)
(-0.0507921 1.11171 0)
(-0.0520829 1.30572 0)
(-0.0449223 1.4001 0)
(-0.0408773 1.4393 0)
(-0.034094 1.44819 0)
(-0.0225789 1.44643 0)
(-0.0262776 1.42956 0)
(-0.0174081 1.48756 0)
(-0.0201576 1.64407 0)
(-0.0374841 2.20772 0)
(-0.0398161 2.81046 0)
(-0.0578807 3.06407 0)
(-0.06049 3.13958 0)
(-0.0665444 3.0938 0)
(-0.065147 2.81563 0)
(-0.0460335 2.10601 0)
(-0.0102343 0.702342 0)
(-0.00213497 0.170171 0)
(-0.0116953 0.504884 0)
(-0.0315922 0.82354 0)
(-0.0401285 1.12212 0)
(-0.0394327 1.3044 0)
(-0.0361399 1.39491 0)
(-0.0336602 1.4337 0)
(-0.0316502 1.44414 0)
(-0.0255188 1.44408 0)
(-0.0314315 1.43086 0)
(-0.0300239 1.48331 0)
(-0.0275458 1.64994 0)
(-0.0460614 2.22481 0)
(-0.0509085 2.82555 0)
(-0.0678682 3.0767 0)
(-0.0679067 3.14738 0)
(-0.0686147 3.08961 0)
(-0.0645585 2.78147 0)
(-0.0409802 2.01024 0)
(-0.00517097 0.611101 0)
(-0.001507 0.192243 0)
(-0.00800844 0.546347 0)
(-0.0235333 0.860088 0)
(-0.0320646 1.12938 0)
(-0.0301717 1.30459 0)
(-0.0283002 1.39436 0)
(-0.0257953 1.43327 0)
(-0.0289583 1.44437 0)
(-0.0254053 1.44417 0)
(-0.0341419 1.43478 0)
(-0.0404333 1.48204 0)
(-0.03492 1.65573 0)
(-0.0485182 2.24458 0)
(-0.0578334 2.83981 0)
(-0.0703867 3.08398 0)
(-0.0685299 3.14657 0)
(-0.0656631 3.08112 0)
(-0.0526923 2.7384 0)
(-0.0348744 1.92375 0)
(0.000261312 0.541879 0)
(-0.0011905 0.208067 0)
(-0.00577542 0.577326 0)
(-0.017329 0.891699 0)
(-0.0268703 1.13838 0)
(-0.0260365 1.30216 0)
(-0.0255297 1.39055 0)
(-0.0221245 1.43108 0)
(-0.0266698 1.44705 0)
(-0.0255364 1.44623 0)
(-0.0382212 1.44573 0)
(-0.0487036 1.48131 0)
(-0.045172 1.65622 0)
(-0.0534893 2.26407 0)
(-0.062862 2.85121 0)
(-0.0734366 3.08568 0)
(-0.0693903 3.1416 0)
(-0.065314 3.06313 0)
(-0.0529371 2.68968 0)
(-0.0274893 1.82299 0)
(0.00300305 0.493412 0)
(-0.000992067 0.219611 0)
(-0.00419906 0.599093 0)
(-0.01211 0.91689 0)
(-0.0205707 1.1502 0)
(-0.0220028 1.30409 0)
(-0.0199693 1.391 0)
(-0.0168894 1.43326 0)
(-0.0216808 1.45277 0)
(-0.023221 1.44972 0)
(-0.0404245 1.45681 0)
(-0.0570628 1.48668 0)
(-0.0646431 1.65975 0)
(-0.0668623 2.28165 0)
(-0.0771607 2.863 0)
(-0.0824482 3.08466 0)
(-0.0784931 3.13186 0)
(-0.0763437 3.03267 0)
(-0.0641264 2.62676 0)
(-0.0239587 1.69981 0)
(0.00167361 0.453789 0)
(-0.00095023 0.228903 0)
(-0.00331823 0.61463 0)
(-0.00856247 0.93654 0)
(-0.0155073 1.16291 0)
(-0.018619 1.30365 0)
(-0.0158957 1.38445 0)
(-0.0128681 1.42937 0)
(-0.0118603 1.45615 0)
(-0.0182782 1.46236 0)
(-0.035174 1.47851 0)
(-0.0568621 1.49566 0)
(-0.0784549 1.66265 0)
(-0.0787258 2.28651 0)
(-0.0831254 2.87197 0)
(-0.089067 3.08213 0)
(-0.0801311 3.12506 0)
(-0.0755423 3.01229 0)
(-0.0562362 2.55453 0)
(-0.0230374 1.60181 0)
(0.00407009 0.419238 0)
(-0.000822636 0.235839 0)
(-0.00217493 0.623499 0)
(-0.00481003 0.948079 0)
(-0.00750001 1.17151 0)
(-0.00929554 1.30513 0)
(-0.00124272 1.38241 0)
(0.00147078 1.42842 0)
(0.0162669 1.45925 0)
(0.00199115 1.46723 0)
(-0.00783822 1.48767 0)
(-0.0458208 1.5153 0)
(-0.0866322 1.6749 0)
(-0.0845928 2.28765 0)
(-0.0842133 2.8763 0)
(-0.0880413 3.07778 0)
(-0.07405 3.11273 0)
(-0.0602749 2.98449 0)
(-0.04019 2.49805 0)
(-0.0180545 1.52917 0)
(0.0108628 0.402622 0)
(-0.000657617 0.241029 0)
(-0.0011744 0.627567 0)
(-0.00186089 0.952737 0)
(-0.00227441 1.17332 0)
(-0.00259153 1.29696 0)
(0.00972406 1.36354 0)
(0.015424 1.40877 0)
(0.0420667 1.44689 0)
(0.0416336 1.48392 0)
(0.0556734 1.519 0)
(0.00314694 1.55698 0)
(-0.0771906 1.69155 0)
(-0.0860957 2.28835 0)
(-0.0843012 2.88026 0)
(-0.0926779 3.06549 0)
(-0.0817219 3.08904 0)
(-0.0673655 2.93646 0)
(-0.0515775 2.42142 0)
(-0.0114641 1.41998 0)
(0.0150136 0.408264 0)
(-0.000216556 0.242231 0)
(0.000559176 0.625286 0)
(0.00239076 0.950196 0)
(0.0074044 1.16654 0)
(0.0178418 1.28316 0)
(0.0382379 1.34685 0)
(0.0566891 1.3883 0)
(0.0982511 1.4246 0)
(0.106282 1.45741 0)
(0.13513 1.51924 0)
(0.0680548 1.62084 0)
(-0.0544706 1.73814 0)
(-0.0898924 2.29455 0)
(-0.0907126 2.88976 0)
(-0.109409 3.06258 0)
(-0.112911 3.07135 0)
(-0.110889 2.87716 0)
(-0.0833276 2.29002 0)
(-0.0203686 1.24783 0)
(0.00833354 0.409518 0)
(7.61398e-05 0.24166 0)
(0.00153871 0.619018 0)
(0.0048405 0.939897 0)
(0.0125225 1.14409 0)
(0.0264464 1.24563 0)
(0.0525314 1.29593 0)
(0.0825732 1.33133 0)
(0.128872 1.37997 0)
(0.176008 1.44375 0)
(0.216409 1.5483 0)
(0.137562 1.7061 0)
(0.00617433 1.83197 0)
(-0.0797944 2.3112 0)
(-0.0899266 2.91229 0)
(-0.118849 3.07596 0)
(-0.118669 3.07698 0)
(-0.125423 2.84993 0)
(-0.0989528 2.18188 0)
(-0.0285419 1.07321 0)
(-0.00709978 0.369027 0)
(0.00137318 0.233662 0)
(0.00512365 0.601106 0)
(0.012697 0.91441 0)
(0.0286197 1.10835 0)
(0.0538012 1.20434 0)
(0.0913657 1.25095 0)
(0.138236 1.28096 0)
(0.201561 1.3176 0)
(0.256163 1.38264 0)
(0.284794 1.55532 0)
(0.194871 1.78589 0)
(0.0618364 1.92981 0)
(-0.0633487 2.36436 0)
(-0.082449 2.96656 0)
(-0.11659 3.11401 0)
(-0.126812 3.09362 0)
(-0.105944 2.81584 0)
(-0.0900697 2.1026 0)
(-0.0108418 0.948168 0)
(-0.0128025 0.310493 0)
(0.00206377 0.221561 0)
(0.00653684 0.584275 0)
(0.0129056 0.887982 0)
(0.0288951 1.05897 0)
(0.0563948 1.132 0)
(0.100472 1.15821 0)
(0.156667 1.181 0)
(0.231875 1.237 0)
(0.297791 1.34798 0)
(0.33128 1.60367 0)
(0.216503 1.90139 0)
(0.0595337 2.06525 0)
(-0.0981895 2.46372 0)
(-0.0992725 3.01449 0)
(-0.145703 3.13387 0)
(-0.14478 3.091 0)
(-0.117591 2.75232 0)
(-0.0677103 1.95389 0)
(0.0165754 0.870048 0)
(-0.0108368 0.292071 0)
(0.00314922 0.200029 0)
(0.00947827 0.555936 0)
(0.0195823 0.849964 0)
(0.0422107 1.00336 0)
(0.0771044 1.06387 0)
(0.131545 1.08187 0)
(0.193137 1.10304 0)
(0.277621 1.15755 0)
(0.325597 1.29957 0)
(0.344905 1.63509 0)
(0.242958 1.99944 0)
(0.0528131 2.19597 0)
(-0.119495 2.54255 0)
(-0.131528 3.05722 0)
(-0.175267 3.13959 0)
(-0.188673 3.06868 0)
(-0.179546 2.60803 0)
(-0.0602699 1.5981 0)
(0.00151687 0.796587 0)
(-0.00170185 0.289076 0)
(0.00313056 0.178838 0)
(0.00740705 0.535696 0)
(0.0122775 0.815232 0)
(0.0305491 0.938692 0)
(0.0605165 0.970327 0)
(0.109821 0.967794 0)
(0.171198 0.981588 0)
(0.251168 1.05716 0)
(0.307965 1.26288 0)
(0.336252 1.6746 0)
(0.226451 2.15377 0)
(0.0102506 2.378 0)
(-0.151513 2.65296 0)
(-0.178637 3.10802 0)
(-0.207834 3.17236 0)
(-0.187774 3.03987 0)
(-0.189208 2.51023 0)
(-0.0407678 1.34912 0)
(-0.0273782 0.73298 0)
(0.000643916 0.262953 0)
(0.00357137 0.157372 0)
(0.0066244 0.521259 0)
(0.010323 0.787359 0)
(0.0283583 0.890086 0)
(0.0555551 0.911046 0)
(0.0969864 0.905365 0)
(0.146425 0.923811 0)
(0.206626 1.01639 0)
(0.250404 1.26024 0)
(0.272121 1.72681 0)
(0.15836 2.27466 0)
(-0.00895796 2.50365 0)
(-0.133865 2.75216 0)
(-0.196432 3.14879 0)
(-0.23355 3.2028 0)
(-0.204888 2.99473 0)
(-0.156467 2.32752 0)
(-0.0073745 1.20502 0)
(-0.0286007 0.667578 0)
(0.00255845 0.220337 0)
(0.000112364 0.139412 0)
(-0.00446349 0.52032 0)
(-0.0144183 0.772268 0)
(-0.0124249 0.845505 0)
(-0.00464793 0.839006 0)
(0.0194195 0.81104 0)
(0.0483125 0.811021 0)
(0.0942696 0.894217 0)
(0.141298 1.17039 0)
(0.178619 1.72765 0)
(0.115793 2.3739 0)
(0.00231783 2.63265 0)
(-0.185772 2.91755 0)
(-0.256641 3.23513 0)
(-0.299302 3.20581 0)
(-0.266972 2.91006 0)
(-0.0742074 1.95847 0)
(0.00486883 1.14322 0)
(-0.00747091 0.636688 0)
(0.0013386 0.201078 0)
(-0.00359838 0.184661 0)
(-0.0171658 0.597159 0)
(-0.0373961 0.830024 0)
(-0.051927 0.890163 0)
(-0.0780405 0.885047 0)
(-0.106 0.863514 0)
(-0.149492 0.87126 0)
(-0.185688 0.958367 0)
(-0.195514 1.2277 0)
(-0.14891 1.78084 0)
(-0.122836 2.45984 0)
(-0.197079 2.80051 0)
(-0.355358 3.07413 0)
(-0.353214 3.22626 0)
(-0.316179 3.10755 0)
(-0.246237 2.56018 0)
(-0.0577827 1.52854 0)
(-0.0244544 1.06523 0)
(-0.00863128 0.608544 0)
(-0.00238167 0.184928 0)
(-0.24996 1.60761 8.13088e-23)
(0.404104 3.2498 2.17871e-19)
(0.0942322 3.47663 -1.32473e-19)
(0.203779 3.44225 0)
(0.165482 3.39351 0)
(0.160206 3.34492 -6.1452e-19)
(0.162751 3.31884 6.27172e-19)
(0.135094 3.27201 -6.34607e-19)
(0.117857 3.17412 1.11786e-20)
(0.104968 2.56611 8.11073e-19)
(-0.105116 2.35105 -3.43993e-23)
(0.136885 3.30408 1.7114e-19)
(0.0123647 3.4441 0)
(0.101288 3.39527 0)
(0.0774002 3.34811 1.83066e-20)
(0.0830487 3.30916 1.24676e-18)
(0.078703 3.27531 -6.77106e-19)
(0.0540523 3.23873 -1.08874e-20)
(0.052719 3.0795 1.03925e-20)
(0.00121415 2.08277 0)
(-0.0279614 2.08746 3.71672e-19)
(0.0889553 3.14897 -3.89449e-19)
(0.0283917 3.35031 0)
(0.076116 3.32742 5.7906e-19)
(0.0555462 3.30389 -1.42327e-21)
(0.0566478 3.28156 -6.35865e-19)
(0.0480709 3.26657 -7.5156e-19)
(0.0327247 3.24464 -2.2528e-22)
(0.0419653 3.11742 1.07552e-20)
(-0.016424 2.20962 0)
(-0.0403345 2.02929 -1.36682e-19)
(0.0295812 3.12375 0)
(-0.0114819 3.31191 -3.01266e-19)
(0.0239593 3.30878 -2.67137e-19)
(0.018324 3.28523 2.14245e-20)
(0.0246696 3.26185 -3.90307e-19)
(0.0290719 3.24541 3.56199e-19)
(0.0226893 3.23297 -1.22689e-20)
(0.0428099 3.1242 1.63009e-20)
(0.00758193 2.24911 4.15514e-19)
(-0.0471039 2.02871 -2.41982e-19)
(0.014799 3.09318 0)
(-0.00557227 3.26863 6.33523e-19)
(0.0139533 3.26275 -3.46584e-19)
(0.0154016 3.24861 -7.16006e-22)
(0.0184592 3.23731 5.28604e-21)
(0.0218525 3.23335 -1.54104e-20)
(0.0226648 3.22355 -4.27767e-19)
(0.0434567 3.12677 1.18324e-20)
(-0.00308131 2.31143 -8.63504e-19)
(-0.0521482 2.08716 0)
(-0.00877904 3.08744 -3.32963e-19)
(-0.0275855 3.24426 1.58504e-20)
(-0.0135549 3.24757 -2.28364e-20)
(-0.00444347 3.23266 2.34376e-20)
(0.00399216 3.22002 3.87775e-19)
(0.0166981 3.21068 4.02485e-19)
(0.0214416 3.20529 8.34727e-19)
(0.0428381 3.12378 4.5761e-19)
(0.0107648 2.35382 -1.6525e-20)
(-0.0484284 2.14408 0)
(-0.0188638 3.08377 3.44671e-19)
(-0.0182574 3.21447 -3.57796e-19)
(-0.010904 3.21297 -2.41687e-20)
(0.000279975 3.20253 4.98153e-20)
(0.00810678 3.19571 3.72911e-22)
(0.0165069 3.19564 -2.65699e-20)
(0.0220912 3.19071 -4.33078e-19)
(0.0425373 3.12112 -4.45645e-19)
(0.00384144 2.4195 -1.71757e-20)
(-0.0497848 2.22786 3.80237e-19)
(-0.0284018 3.08511 -1.77398e-20)
(-0.0316916 3.1944 1.21921e-20)
(-0.0232976 3.19579 0)
(-0.0129804 3.18577 0)
(-0.00116827 3.1781 0)
(0.0137839 3.17146 0)
(0.0208073 3.16936 4.6911e-19)
(0.0411253 3.11259 -4.82747e-19)
(0.0154846 2.46379 4.80336e-19)
(-0.0447953 2.30891 2.82401e-20)
(-0.032571 3.08647 3.99558e-19)
(-0.0205 3.16987 0)
(-0.0145617 3.16549 -2.65715e-20)
(-0.00396055 3.15766 2.71781e-20)
(0.00542686 3.15308 0)
(0.0146151 3.15436 -1.45939e-20)
(0.0207862 3.15259 -4.55372e-19)
(0.0402517 3.10916 4.8421e-19)
(0.0103772 2.53296 0)
(-0.0448826 2.402 1.44643e-20)
(-0.0364646 3.08551 -6.09485e-19)
(-0.0303326 3.1498 0)
(-0.0225911 3.147 0)
(-0.0136212 3.13927 2.86425e-20)
(-0.0021654 3.13379 -2.39823e-19)
(0.0119449 3.12876 -3.01478e-20)
(0.0192433 3.1294 2.54402e-19)
(0.0384712 3.09614 0)
(0.0193232 2.58105 0)
(-0.038854 2.49261 -6.278e-19)
(-0.0380652 3.08339 2.13212e-19)
(-0.0202291 3.1244 0)
(-0.0130114 3.11619 0)
(-0.00352574 3.10947 0)
(0.00557673 3.10644 4.90497e-19)
(0.0140884 3.10898 0)
(0.0201782 3.11049 -2.71309e-19)
(0.0379301 3.09049 1.66627e-20)
(0.0148899 2.65378 2.79884e-19)
(-0.0385385 2.58754 2.21603e-19)
(-0.0405078 3.07431 -2.13425e-20)
(-0.030014 3.10103 2.53685e-19)
(-0.0213315 3.095 2.46053e-19)
(-0.0124694 3.08848 0)
(-0.000834727 3.08435 -2.50445e-19)
(0.012809 3.08108 0)
(0.0210861 3.08457 0)
(0.0384131 3.07218 0)
(0.0223711 2.70643 -2.81183e-19)
(-0.0343689 2.68003 -2.28037e-19)
(-0.0427606 3.06346 2.35229e-19)
(-0.0230873 3.0721 -2.39042e-19)
(-0.0130849 3.06203 -3.74671e-19)
(-0.00286077 3.05687 0)
(0.00719482 3.05536 3.33519e-20)
(0.0165164 3.05897 -1.70414e-20)
(0.0248083 3.06299 1.25972e-19)
(0.0417459 3.06163 1.5652e-19)
(0.0207697 2.7804 -1.60943e-19)
(-0.0351312 2.77089 2.34026e-19)
(-0.0469156 3.04352 -2.26147e-19)
(-0.0330226 3.04547 1.59701e-20)
(-0.0208875 3.04032 9.47908e-20)
(-0.011061 3.03635 -1.34492e-19)
(0.000310721 3.03394 0)
(0.0141267 3.03177 1.44401e-19)
(0.0256803 3.03564 4.95072e-21)
(0.0445789 3.03661 -3.01458e-19)
(0.0287218 2.83263 -6.55119e-21)
(-0.0290873 2.85658 -6.49706e-20)
(-0.0436334 3.02298 1.60308e-20)
(-0.0228263 3.01807 -8.30096e-20)
(-0.0109964 3.01454 3.38596e-20)
(-0.00217385 3.01411 1.63818e-19)
(0.00628823 3.01346 -6.92084e-20)
(0.0141479 3.01448 -6.9677e-20)
(0.0233497 3.0169 -7.24534e-20)
(0.0418699 3.02182 1.54093e-19)
(0.0247587 2.90029 7.61186e-20)
(-0.0178293 2.93896 5.22558e-20)
(-0.02622 2.99935 2.30765e-20)
(-0.0162772 3.00051 4.57944e-20)
(-0.00942764 3.00172 -9.36627e-20)
(-0.00413351 3.00265 3.16547e-20)
(0.000645835 3.00217 6.45021e-20)
(0.00567156 3.00061 -6.71991e-20)
(0.0107215 2.99898 -7.01694e-20)
(0.0218002 2.99716 9.40097e-21)
(0.0165553 2.94916 6.68234e-20)
)
;

boundaryField
{
    wall-4
    {
        type            noSlip;
    }
    pressure-outlet-7
    {
        type            zeroGradient;
    }
    velocity-inlet-6
    {
        type            fixedValue;
        value           uniform (0 3 0);
    }
    velocity-inlet-5
    {
        type            fixedValue;
        value           uniform (1 0 0);
    }
    frontAndBackPlanes
    {
        type            empty;
    }
}


// ************************************************************************* //
