/*--------------------------------*- C++ -*----------------------------------*\
| =========                 |                                                 |
| \\      /  F ield         | OpenFOAM: The Open Source CFD Toolbox           |
|  \\    /   O peration     | Version:  v2012                                 |
|   \\  /    A nd           | Website:  www.openfoam.com                      |
|    \\/     M anipulation  |                                                 |
\*---------------------------------------------------------------------------*/
FoamFile
{
    version     2.0;
    format      ascii;
    class       volVectorField;
    location    "26";
    object      U;
}
// * * * * * * * * * * * * * * * * * * * * * * * * * * * * * * * * * * * * * //

dimensions      [0 1 -1 0 0 0 0];


internalField   nonuniform List<vector> 
2200
(
(0.878848 -0.0304119 0)
(1.00578 -0.0512863 0)
(1.00321 -0.0353973 0)
(1.00016 -0.0244384 0)
(0.999768 -0.0166897 0)
(0.999956 -0.0107705 0)
(1.00001 -0.00686481 0)
(1.00004 -0.00422104 0)
(1.00003 -0.00226085 0)
(1.00016 -0.000686598 0)
(1.00006 0.000930498 0)
(1.00002 0.00252198 0)
(1.00006 0.0044596 0)
(1.00001 0.0070972 0)
(0.999994 0.0109401 0)
(0.999756 0.016777 0)
(1.00015 0.0245171 0)
(1.00333 0.0353365 0)
(1.00583 0.0513258 0)
(0.878901 0.030413 0)
(0.711998 -0.0327611 0)
(0.996642 -0.0630018 0)
(1.03341 -0.056147 0)
(1.02497 -0.0463596 0)
(1.01592 -0.0359663 0)
(1.00975 -0.0261655 0)
(1.00597 -0.0179463 0)
(1.00368 -0.0113603 0)
(1.00242 -0.00613359 0)
(1.00197 -0.0017662 0)
(1.00192 0.00250616 0)
(1.00241 0.00684871 0)
(1.00358 0.0119937 0)
(1.00589 0.0184386 0)
(1.00955 0.0266117 0)
(1.01578 0.0364463 0)
(1.02487 0.0467684 0)
(1.03314 0.0568125 0)
(0.996526 0.06315 0)
(0.711726 0.0328609 0)
(0.535568 -0.0238846 0)
(0.969922 -0.0569324 0)
(1.05642 -0.0547216 0)
(1.05236 -0.048859 0)
(1.03642 -0.0405233 0)
(1.02439 -0.032327 0)
(1.01571 -0.024198 0)
(1.01031 -0.0163184 0)
(1.00735 -0.00900547 0)
(1.00599 -0.00248183 0)
(1.00599 0.00374894 0)
(1.00722 0.0101741 0)
(1.01014 0.0173074 0)
(1.01536 0.0250843 0)
(1.02415 0.0330541 0)
(1.03624 0.0410988 0)
(1.05211 0.0493812 0)
(1.05628 0.054222 0)
(0.96932 0.0573783 0)
(0.534736 0.0238952 0)
(0.392362 -0.0136318 0)
(0.911702 -0.0463185 0)
(1.05744 -0.0469208 0)
(1.06944 -0.0442857 0)
(1.05494 -0.0383556 0)
(1.03942 -0.0318703 0)
(1.02748 -0.0249628 0)
(1.01888 -0.0177226 0)
(1.01341 -0.0102651 0)
(1.01086 -0.00274821 0)
(1.01072 0.00467418 0)
(1.01309 0.012032 0)
(1.01845 0.0192567 0)
(1.02714 0.0262781 0)
(1.03892 0.0330192 0)
(1.05431 0.0392759 0)
(1.06865 0.0451057 0)
(1.05618 0.047816 0)
(0.910436 0.0466188 0)
(0.390824 0.0137316 0)
(0.308104 -0.00444784 0)
(0.847093 -0.0322316 0)
(1.0493 -0.0396351 0)
(1.079 -0.0378563 0)
(1.06769 -0.0332812 0)
(1.05155 -0.0278573 0)
(1.03841 -0.0225467 0)
(1.0282 -0.0165718 0)
(1.02104 -0.00980672 0)
(1.0172 -0.0024637 0)
(1.01702 0.0049475 0)
(1.02055 0.0122085 0)
(1.02756 0.0188142 0)
(1.03749 0.0245864 0)
(1.05047 0.0294738 0)
(1.06656 0.0346911 0)
(1.07766 0.0389692 0)
(1.0477 0.0407235 0)
(0.844549 0.0325947 0)
(0.305584 0.00458142 0)
(0.264931 0.000122195 0)
(0.789507 -0.0199563 0)
(1.03354 -0.031347 0)
(1.08334 -0.0318481 0)
(1.07677 -0.028394 0)
(1.06028 -0.0234548 0)
(1.04708 -0.0192783 0)
(1.03646 -0.0143832 0)
(1.02871 -0.00857149 0)
(1.02429 -0.00182209 0)
(1.0241 0.00520152 0)
(1.02815 0.0117171 0)
(1.03549 0.017144 0)
(1.04573 0.0215428 0)
(1.05884 0.0255606 0)
(1.07524 0.0301461 0)
(1.08148 0.0332124 0)
(1.03089 0.0324821 0)
(0.785401 0.0204029 0)
(0.261468 1.22441e-07 0)
(0.241143 0.00104351 0)
(0.738992 -0.0121315 0)
(1.01385 -0.0247695 0)
(1.0841 -0.0266055 0)
(1.08279 -0.0242072 0)
(1.06734 -0.0200193 0)
(1.05376 -0.0160363 0)
(1.043 -0.0118069 0)
(1.03487 -0.00696344 0)
(1.03001 -0.00116027 0)
(1.02961 0.00529051 0)
(1.03373 0.0107716 0)
(1.04134 0.0152113 0)
(1.05208 0.0191373 0)
(1.06538 0.0226263 0)
(1.08044 0.0263535 0)
(1.08124 0.0283644 0)
(1.0097 0.0260382 0)
(0.732983 0.0126649 0)
(0.2366 -0.000915348 0)
(0.227327 0.00102176 0)
(0.697589 -0.00765431 0)
(0.993597 -0.0197835 0)
(1.08223 -0.0221882 0)
(1.08667 -0.0205605 0)
(1.07282 -0.0172134 0)
(1.05917 -0.013622 0)
(1.0484 -0.0096484 0)
(1.04042 -0.00519016 0)
(1.03559 -4.35484e-05 0)
(1.0351 0.00560761 0)
(1.03909 0.0104034 0)
(1.04648 0.0142811 0)
(1.05642 0.0176158 0)
(1.06984 0.0205266 0)
(1.08339 0.0233914 0)
(1.07823 0.0244652 0)
(0.987563 0.0213805 0)
(0.68927 0.00832885 0)
(0.221526 -0.000878504 0)
(0.218567 0.000763063 0)
(0.663879 -0.00515432 0)
(0.973782 -0.0164849 0)
(1.07867 -0.0190204 0)
(1.08894 -0.017812 0)
(1.07682 -0.0150548 0)
(1.06333 -0.0118483 0)
(1.05287 -0.00808791 0)
(1.04529 -0.00384614 0)
(1.04076 0.000907316 0)
(1.0401 0.00574787 0)
(1.04343 0.0100342 0)
(1.05008 0.0136935 0)
(1.05996 0.0165752 0)
(1.07318 0.0194498 0)
(1.08443 0.0215159 0)
(1.07281 0.0219186 0)
(0.965068 0.0184816 0)
(0.65246 0.00602518 0)
(0.211104 -0.000566398 0)
(0.212434 0.00035609 0)
(0.636796 -0.00352304 0)
(0.955574 -0.0136303 0)
(1.07526 -0.0163007 0)
(1.09111 -0.0153941 0)
(1.08027 -0.013117 0)
(1.06655 -0.0101722 0)
(1.05608 -0.00657092 0)
(1.04854 -0.00242994 0)
(1.04402 0.0020909 0)
(1.04304 0.00631101 0)
(1.0459 0.0103245 0)
(1.05213 0.0135227 0)
(1.06205 0.0164176 0)
(1.07508 0.0181458 0)
(1.08496 0.0194568 0)
(1.0675 0.0196663 0)
(0.944331 0.0159747 0)
(0.622295 0.00450205 0)
(0.203136 -0.000134503 0)
(0.208386 0.00012229 0)
(0.617635 -0.00186435 0)
(0.940661 -0.0100071 0)
(1.07261 -0.0124981 0)
(1.09352 -0.0117135 0)
(1.08375 -0.00993665 0)
(1.06983 -0.00763841 0)
(1.05888 -0.00464102 0)
(1.05084 -0.00105271 0)
(1.04583 0.00317635 0)
(1.0446 0.00719173 0)
(1.04751 0.0107498 0)
(1.05401 0.0134129 0)
(1.06354 0.0152769 0)
(1.07678 0.0164356 0)
(1.08558 0.0173882 0)
(1.06208 0.0170968 0)
(0.924756 0.0129954 0)
(0.598289 0.00317305 0)
(0.196465 0.000176493 0)
(0.20615 -1.54138e-05 0)
(0.605099 -0.000585372 0)
(0.927527 -0.00630094 0)
(1.06998 -0.00860295 0)
(1.09604 -0.00797405 0)
(1.0873 -0.00619686 0)
(1.07362 -0.00397853 0)
(1.06251 -0.00141732 0)
(1.0539 0.00144081 0)
(1.04823 0.00483828 0)
(1.04671 0.00818857 0)
(1.04969 0.0106498 0)
(1.05639 0.0122022 0)
(1.0663 0.0130754 0)
(1.07902 0.0142614 0)
(1.08574 0.014631 0)
(1.0564 0.0137438 0)
(0.907934 0.00966127 0)
(0.581652 0.00209484 0)
(0.191402 0.000297969 0)
(0.205791 -0.000130946 0)
(0.598965 0.000333081 0)
(0.918915 -0.00287408 0)
(1.0681 -0.00498428 0)
(1.09843 -0.00444993 0)
(1.09092 -0.00278458 0)
(1.07773 -0.000795094 0)
(1.0669 0.00144859 0)
(1.05839 0.00401373 0)
(1.05253 0.00668362 0)
(1.05049 0.00932347 0)
(1.05267 0.0109008 0)
(1.05843 0.0118769 0)
(1.06751 0.0126537 0)
(1.07961 0.0126282 0)
(1.0849 0.0126494 0)
(1.0499 0.0114357 0)
(0.892857 0.00726473 0)
(0.569355 0.00156275 0)
(0.187228 0.000319704 0)
(0.206623 -1.41162e-05 0)
(0.598028 0.00103904 0)
(0.912713 -0.000555644 0)
(1.06633 -0.00222262 0)
(1.10042 -0.00170759 0)
(1.09383 -9.3506e-05 0)
(1.08072 0.00186797 0)
(1.06985 0.00414008 0)
(1.06139 0.00668539 0)
(1.05545 0.00910154 0)
(1.05282 0.0113944 0)
(1.05408 0.0124834 0)
(1.059 0.0129473 0)
(1.06735 0.0129472 0)
(1.07892 0.0121919 0)
(1.08268 0.0115641 0)
(1.04276 0.00990728 0)
(0.880126 0.00582626 0)
(0.560416 0.00147921 0)
(0.18383 0.000340921 0)
(0.209102 0.000355715 0)
(0.599101 0.00143033 0)
(0.909921 0.00151423 0)
(1.06544 0.000745494 0)
(1.10181 0.00152749 0)
(1.09578 0.00285899 0)
(1.0825 0.00452205 0)
(1.07125 0.00661012 0)
(1.0624 0.00905509 0)
(1.05605 0.011436 0)
(1.05289 0.0134592 0)
(1.05371 0.014185 0)
(1.05843 0.0140898 0)
(1.06651 0.0135302 0)
(1.07753 0.0123782 0)
(1.07999 0.0113928 0)
(1.03613 0.00930401 0)
(0.869268 0.00519349 0)
(0.552433 0.00156265 0)
(0.180344 0.000360296 0)
(0.212445 0.000455685 0)
(0.602435 0.00204289 0)
(0.910621 0.00338611 0)
(1.06564 0.00320598 0)
(1.10376 0.00423681 0)
(1.09811 0.00578246 0)
(1.08479 0.00754626 0)
(1.07319 0.00980931 0)
(1.06379 0.012252 0)
(1.05665 0.0147138 0)
(1.05258 0.0164698 0)
(1.05252 0.0168785 0)
(1.05675 0.0162252 0)
(1.06452 0.0149191 0)
(1.07468 0.0133666 0)
(1.07543 0.011517 0)
(1.02801 0.00865829 0)
(0.858552 0.00474728 0)
(0.545092 0.00164818 0)
(0.176935 0.00036383 0)
(0.218147 0.000562799 0)
(0.610748 0.00277285 0)
(0.914212 0.00491903 0)
(1.06761 0.0057695 0)
(1.1062 0.00685248 0)
(1.10121 0.00837233 0)
(1.0882 0.0103896 0)
(1.07671 0.0130055 0)
(1.06697 0.015738 0)
(1.05897 0.0184816 0)
(1.05371 0.0200588 0)
(1.05233 0.0201902 0)
(1.05543 0.0190463 0)
(1.0623 0.0171927 0)
(1.0715 0.0150259 0)
(1.07079 0.0127028 0)
(1.02066 0.00946959 0)
(0.849352 0.00535981 0)
(0.537625 0.00204548 0)
(0.173051 0.000418937 0)
(0.223391 0.000635869 0)
(0.617855 0.00309095 0)
(0.918675 0.00601519 0)
(1.0701 0.00729878 0)
(1.10927 0.00871363 0)
(1.10488 0.0107084 0)
(1.09217 0.0132799 0)
(1.08072 0.0165615 0)
(1.07063 0.020054 0)
(1.06185 0.0234198 0)
(1.05522 0.0250931 0)
(1.0524 0.0251325 0)
(1.05388 0.0237083 0)
(1.05947 0.0214982 0)
(1.06706 0.0186308 0)
(1.06414 0.0150258 0)
(1.01041 0.0107305 0)
(0.837287 0.00622766 0)
(0.52814 0.00260114 0)
(0.16817 0.000521371 0)
(0.231706 0.000841997 0)
(0.631367 0.00407981 0)
(0.927769 0.00817018 0)
(1.07438 0.0104084 0)
(1.11254 0.0119275 0)
(1.10879 0.0139086 0)
(1.09642 0.0170232 0)
(1.08474 0.0210123 0)
(1.07388 0.0252614 0)
(1.06369 0.0292173 0)
(1.0553 0.0310982 0)
(1.05113 0.0309504 0)
(1.05118 0.029017 0)
(1.05549 0.0258858 0)
(1.06107 0.0223513 0)
(1.05624 0.0179155 0)
(1.00054 0.0130038 0)
(0.826737 0.00784957 0)
(0.517865 0.00332458 0)
(0.162211 0.000646424 0)
(0.240274 0.00112881 0)
(0.643856 0.00490747 0)
(0.937148 0.00992908 0)
(1.07962 0.0130996 0)
(1.11654 0.0155686 0)
(1.11344 0.0185449 0)
(1.10152 0.0225807 0)
(1.08951 0.0273696 0)
(1.0776 0.0324089 0)
(1.06577 0.0367678 0)
(1.05565 0.0385394 0)
(1.04966 0.0376999 0)
(1.04784 0.0350732 0)
(1.05032 0.0312769 0)
(1.05372 0.0268279 0)
(1.04578 0.0210938 0)
(0.98625 0.0149861 0)
(0.809982 0.00907985 0)
(0.503158 0.00397044 0)
(0.15443 0.000766544 0)
(0.253324 0.00144416 0)
(0.663727 0.00674827 0)
(0.951782 0.0133824 0)
(1.08757 0.0179272 0)
(1.12228 0.0211463 0)
(1.1198 0.0249409 0)
(1.10819 0.0297606 0)
(1.09557 0.0355469 0)
(1.08215 0.0412723 0)
(1.06796 0.0457149 0)
(1.05512 0.047161 0)
(1.04687 0.0455553 0)
(1.04333 0.0418508 0)
(1.04369 0.036673 0)
(1.04463 0.0308636 0)
(1.03409 0.0243151 0)
(0.972987 0.017589 0)
(0.796669 0.0110846 0)
(0.489024 0.00478768 0)
(0.145974 0.000872954 0)
(0.26867 0.00198631 0)
(0.687136 0.00820156 0)
(0.970279 0.0169964 0)
(1.09911 0.0232133 0)
(1.13078 0.0282758 0)
(1.12806 0.0335179 0)
(1.1161 0.0400046 0)
(1.10239 0.0467571 0)
(1.08708 0.0531019 0)
(1.07045 0.0574806 0)
(1.0552 0.0581062 0)
(1.04442 0.0548498 0)
(1.03805 0.0495895 0)
(1.03573 0.0433786 0)
(1.03393 0.0363559 0)
(1.02002 0.0287656 0)
(0.954479 0.0208197 0)
(0.773341 0.0130673 0)
(0.467104 0.00566642 0)
(0.134686 0.00103446 0)
(0.290263 0.00282902 0)
(0.718754 0.0120416 0)
(0.994725 0.022868 0)
(1.11428 0.0314012 0)
(1.14181 0.0377801 0)
(1.13845 0.0453889 0)
(1.12556 0.053052 0)
(1.10994 0.0608603 0)
(1.09192 0.067569 0)
(1.07184 0.0712807 0)
(1.0527 0.070439 0)
(1.03877 0.0656397 0)
(1.03055 0.058781 0)
(1.02595 0.0507454 0)
(1.0215 0.042234 0)
(1.00485 0.0334003 0)
(0.937091 0.0246079 0)
(0.755367 0.0159725 0)
(0.447581 0.00687632 0)
(0.123131 0.00112836 0)
(0.320596 0.00390688 0)
(0.761478 0.0149016 0)
(1.02667 0.0301546 0)
(1.13519 0.0412949 0)
(1.15783 0.050997 0)
(1.15178 0.0607793 0)
(1.1363 0.0703795 0)
(1.11763 0.0792153 0)
(1.09616 0.085769 0)
(1.07247 0.0884606 0)
(1.05027 0.0858612 0)
(1.03346 0.0787233 0)
(1.02165 0.0694785 0)
(1.01402 0.0598594 0)
(1.00699 0.0499583 0)
(0.986923 0.0401309 0)
(0.913218 0.0297946 0)
(0.722361 0.0190212 0)
(0.414594 0.00784772 0)
(0.107068 0.00127769 0)
(0.357218 0.00778519 0)
(0.814136 0.024629 0)
(1.06767 0.0426134 0)
(1.16211 0.0579003 0)
(1.17722 0.0690816 0)
(1.16746 0.0822901 0)
(1.14815 0.0932217 0)
(1.12553 0.102205 0)
(1.09971 0.108019 0)
(1.07132 0.108894 0)
(1.04421 0.103512 0)
(1.02346 0.0935453 0)
(1.01012 0.082392 0)
(1.00058 0.0706899 0)
(0.990686 0.0590613 0)
(0.966996 0.0473187 0)
(0.888614 0.0353546 0)
(0.695913 0.0228847 0)
(0.388425 0.0096111 0)
(0.0926806 0.0012026 0)
(0.440403 0.0114351 0)
(0.894867 0.0348549 0)
(1.12158 0.0623049 0)
(1.19502 0.0811859 0)
(1.20255 0.096373 1.13951e-34)
(1.18547 0.112078 -6.65477e-35)
(1.16068 0.122878 0)
(1.13282 0.131073 0)
(1.10183 0.13501 0)
(1.06871 0.132928 0)
(1.03806 0.124166 0)
(1.01461 0.111572 0)
(0.997014 0.0974793 0)
(0.984046 0.0838708 0)
(0.971695 0.0706958 0)
(0.943637 0.0578063 0)
(0.85655 0.043664 0)
(0.648696 0.0279352 0)
(0.337843 0.0100179 0)
(0.0700487 0.00093885 0)
(0.508496 0.0263997 -3.23816e-21)
(0.98725 0.0591115 1.87222e-21)
(1.17987 0.0947548 0)
(1.23086 0.117005 2.85776e-21)
(1.22867 0.135629 -2.31555e-21)
(1.20314 0.150887 7.02112e-35)
(1.17221 0.160543 0)
(1.13836 0.167104 5.64378e-21)
(1.10165 0.168582 -1.98872e-20)
(1.06282 0.16351 4.32727e-21)
(1.02645 0.15156 0)
(0.99773 0.134798 -1.36188e-20)
(0.978271 0.118469 -1.69379e-20)
(0.963251 0.102593 2.97617e-20)
(0.946173 0.0874444 -2.38771e-20)
(0.910157 0.0716197 0)
(0.809358 0.054054 -9.09275e-21)
(0.587464 0.034047 0)
(0.286963 0.0139907 -4.92394e-20)
(0.0521345 0.00159556 5.82346e-20)
(0.539281 0.054841 -3.82008e-22)
(1.04239 0.102146 -3.31522e-20)
(1.22462 0.14615 1.04454e-20)
(1.26345 0.165387 1.09984e-20)
(1.25229 0.184 -4.24411e-21)
(1.21876 0.197211 7.62239e-21)
(1.18143 0.205039 0)
(1.1413 0.209653 0)
(1.09858 0.208534 3.12519e-20)
(1.05371 0.200279 0)
(1.01172 0.184256 4.71446e-20)
(0.978939 0.165989 1.46114e-20)
(0.953165 0.147917 3.30035e-22)
(0.932077 0.130758 -3.32919e-20)
(0.911821 0.114554 0)
(0.872367 0.0986742 0)
(0.768791 0.0763726 -1.5273e-19)
(0.554463 0.0521058 3.82745e-19)
(0.273566 0.0225127 -2.27317e-19)
(0.0498867 0.00494025 -2.69257e-19)
(0.543087 0.0780576 6.74631e-20)
(1.07275 0.159701 -1.94407e-20)
(1.25786 0.207825 -4.6657e-21)
(1.2896 0.224685 -2.21088e-20)
(1.27075 0.240558 1.37909e-20)
(1.23066 0.249795 -1.51985e-20)
(1.18746 0.254264 8.93938e-21)
(1.14142 0.255771 0)
(1.09281 0.251362 -6.50391e-20)
(1.0418 0.240043 6.96447e-20)
(0.994706 0.222167 -1.28691e-19)
(0.957224 0.20173 6.24446e-20)
(0.929051 0.181662 -4.53335e-20)
(0.906477 0.163378 9.95809e-20)
(0.881817 0.146294 0)
(0.839521 0.12908 -3.88111e-20)
(0.73979 0.106462 0)
(0.541883 0.072608 2.18758e-19)
(0.277514 0.0376343 -5.19228e-19)
(0.0602971 0.00795829 3.25697e-19)
(0.532477 0.110296 -3.30215e-19)
(1.08763 0.217924 1.31436e-19)
(1.27772 0.274109 2.10439e-20)
(1.30717 0.289189 0)
(1.28314 0.301855 1.01905e-20)
(1.23813 0.306306 -9.99517e-21)
(1.18996 0.306734 -9.48867e-21)
(1.1387 0.304467 0)
(1.08477 0.296392 4.59653e-20)
(1.02852 0.281341 -4.80062e-20)
(0.975818 0.259693 1.13146e-19)
(0.932747 0.235446 0)
(0.89951 0.214685 -9.56736e-20)
(0.872339 0.196583 5.27844e-20)
(0.848514 0.180208 1.42445e-19)
(0.810113 0.163664 -1.25381e-19)
(0.718546 0.138505 2.06122e-19)
(0.53698 0.0996023 -4.57346e-19)
(0.291299 0.0546518 2.89926e-19)
(0.0725261 0.0139485 -3.63253e-19)
(0.517271 0.134487 2.07692e-19)
(1.0919 0.272988 -1.53162e-19)
(1.28786 0.341191 6.56039e-20)
(1.3163 0.354691 -8.76404e-20)
(1.28863 0.364363 5.68424e-20)
(1.24036 0.36434 -8.03514e-21)
(1.18835 0.360854 3.65035e-21)
(1.13275 0.354631 -3.42909e-20)
(1.07412 0.342626 -4.64225e-20)
(1.0131 0.323982 -1.03445e-19)
(0.956428 0.299192 -2.44198e-19)
(0.912335 0.274984 -8.13521e-20)
(0.879379 0.253793 2.59276e-21)
(0.85345 0.234957 -1.89656e-19)
(0.825172 0.216849 -6.34624e-21)
(0.78427 0.19705 1.84239e-19)
(0.698016 0.169437 -5.7147e-20)
(0.532143 0.12649 -3.32607e-20)
(0.301954 0.0729471 0)
(0.0815555 0.0202099 7.8007e-19)
(0.49819 0.155504 0)
(1.08318 0.322897 4.82914e-20)
(1.28958 0.404886 0)
(1.31909 0.41851 -1.22969e-20)
(1.28895 0.426203 -7.09463e-20)
(1.23825 0.422169 1.06623e-20)
(1.18324 0.415058 6.95674e-21)
(1.12437 0.404904 6.02082e-20)
(1.06238 0.388921 -2.75845e-20)
(0.997784 0.366257 4.60848e-20)
(0.937431 0.337669 1.3175e-19)
(0.888131 0.309617 1.79937e-19)
(0.849607 0.284758 -1.1211e-19)
(0.818711 0.263856 2.06053e-19)
(0.79606 0.246368 -1.65307e-19)
(0.763121 0.229853 0)
(0.686734 0.201597 -4.37443e-19)
(0.532417 0.154219 5.8814e-19)
(0.310114 0.0910471 4.43919e-20)
(0.0876205 0.026182 -8.2824e-19)
(0.483361 0.176309 -5.37515e-21)
(1.07455 0.372085 -1.29036e-19)
(1.2867 0.46632 -3.79698e-19)
(1.31696 0.480136 2.0603e-19)
(1.28471 0.486146 -4.03326e-20)
(1.23228 0.47864 1.92495e-20)
(1.17507 0.468249 2.11842e-21)
(1.11367 0.454453 -8.22558e-21)
(1.04853 0.434867 -9.93089e-20)
(0.979999 0.408546 5.22683e-22)
(0.916398 0.377258 -1.44054e-19)
(0.867139 0.34676 -1.92397e-19)
(0.832324 0.32196 1.26006e-19)
(0.806986 0.302391 -7.41782e-20)
(0.77824 0.284034 1.80144e-19)
(0.740239 0.261276 0)
(0.66589 0.231382 -2.71678e-19)
(0.522037 0.179786 4.01763e-19)
(0.311295 0.107133 7.67677e-19)
(0.0898824 0.0314206 -9.01073e-19)
(0.468262 0.19392 -6.35282e-19)
(1.06029 0.416639 3.20515e-19)
(1.27969 0.523939 2.45443e-19)
(1.31121 0.538763 -2.24014e-19)
(1.27728 0.543756 1.12457e-20)
(1.22359 0.533172 5.60093e-20)
(1.16467 0.51983 -7.78072e-21)
(1.10116 0.5027 -2.26724e-20)
(1.03348 0.4797 -6.07073e-20)
(0.962484 0.449645 1.04177e-19)
(0.896688 0.413928 1.37291e-19)
(0.845381 0.38018 3.02134e-19)
(0.805813 0.352669 0)
(0.772742 0.328376 5.64833e-21)
(0.750571 0.30772 -5.00658e-19)
(0.721146 0.291111 1.15249e-19)
(0.654839 0.259542 5.84735e-19)
(0.514857 0.203708 -1.71927e-19)
(0.304706 0.121732 3.63968e-19)
(0.0884228 0.0342536 -3.03966e-20)
(0.459113 0.212976 6.13249e-21)
(1.04879 0.460607 2.98686e-19)
(1.27057 0.579141 1.87719e-19)
(1.30267 0.594692 -4.04961e-19)
(1.26717 0.598472 2.50852e-19)
(1.21261 0.585181 -7.19187e-20)
(1.15237 0.569338 4.87801e-21)
(1.0872 0.5493 5.32225e-20)
(1.01748 0.523245 1.09317e-19)
(0.944272 0.490027 -1.3213e-19)
(0.876404 0.451267 0)
(0.823377 0.415318 -1.18712e-19)
(0.785572 0.384858 1.36292e-19)
(0.760933 0.361321 1.82305e-19)
(0.733359 0.341902 -1.04652e-19)
(0.698288 0.316881 -2.63632e-19)
(0.631834 0.284229 -7.99392e-20)
(0.49943 0.221699 -1.21938e-21)
(0.294542 0.131351 0)
(0.0842653 0.036668 0)
(0.450561 0.228493 -3.1775e-19)
(1.03541 0.500814 0)
(1.25937 0.630639 2.16491e-19)
(1.2921 0.647605 -1.00646e-19)
(1.25533 0.650397 -2.59707e-19)
(1.20018 0.634595 7.19612e-20)
(1.13892 0.616547 -7.18594e-22)
(1.07243 0.593939 -2.80616e-20)
(1.00101 0.56506 7.12075e-20)
(0.925694 0.528389 -5.29248e-20)
(0.855418 0.485716 7.73515e-20)
(0.800581 0.445632 3.71401e-19)
(0.761302 0.413394 1.35124e-20)
(0.726312 0.386118 -1.86463e-19)
(0.704973 0.362875 3.58892e-19)
(0.678955 0.342538 4.50637e-21)
(0.618483 0.305108 8.55255e-20)
(0.486184 0.23925 -4.13962e-19)
(0.283111 0.138526 4.2002e-19)
(0.0788698 0.0382839 -5.01376e-19)
(0.444196 0.247496 3.55665e-23)
(1.02382 0.540152 0)
(1.24751 0.679763 0)
(1.28023 0.697911 9.29849e-20)
(1.24238 0.699461 1.03112e-19)
(1.18676 0.681275 -5.72763e-20)
(1.12459 0.661323 2.66898e-20)
(1.05697 0.636496 0)
(0.983938 0.605298 -1.13868e-19)
(0.906069 0.566334 1.92939e-19)
(0.833053 0.52128 2.34049e-19)
(0.777185 0.477684 -1.39669e-19)
(0.736949 0.441629 -1.74548e-19)
(0.713465 0.414024 4.12415e-19)
(0.68656 0.389987 -1.27e-19)
(0.654107 0.36145 -1.53992e-19)
(0.592698 0.324268 -9.39841e-20)
(0.466145 0.250646 -4.48629e-19)
(0.269552 0.143556 6.35888e-20)
(0.0727614 0.0386901 5.44285e-19)
(0.440446 0.266193 -1.27644e-19)
(1.01217 0.576522 -2.01239e-19)
(1.23459 0.725354 2.3575e-20)
(1.26743 0.745202 2.08428e-23)
(1.22881 0.745832 3.08987e-20)
(1.17285 0.725487 -1.58745e-19)
(1.10989 0.703753 0)
(1.04127 0.676965 2.07966e-20)
(0.966865 0.643697 -1.63984e-20)
(0.887625 0.601944 3.07213e-19)
(0.81354 0.551829 -5.77927e-20)
(0.755012 0.505387 6.4588e-20)
(0.713133 0.467631 0)
(0.678301 0.433838 -2.24963e-19)
(0.658008 0.405937 2.79543e-19)
(0.634059 0.383488 0)
(0.576501 0.337579 -2.05193e-19)
(0.448075 0.261994 6.00644e-19)
(0.255041 0.146589 7.12703e-20)
(0.0662595 0.0381781 -6.73636e-19)
(0.43848 0.283167 -2.8442e-19)
(1.00231 0.611864 3.6513e-19)
(1.22188 0.768718 0)
(1.25434 0.789986 2.33036e-19)
(1.21499 0.789566 0)
(1.15872 0.767196 1.45536e-19)
(1.09503 0.743878 0)
(1.02549 0.715284 0)
(0.949514 0.680198 -3.87586e-20)
(0.8672 0.636319 -2.98347e-19)
(0.787757 0.585978 -4.35241e-19)
(0.727394 0.536495 8.09977e-20)
(0.687269 0.492048 3.01694e-19)
(0.663609 0.459251 2.52517e-19)
(0.638493 0.431236 -8.97008e-19)
(0.607167 0.396094 -3.69602e-19)
(0.547963 0.352868 2.15057e-19)
(0.424684 0.267639 0)
(0.239067 0.147628 6.16686e-19)
(0.059353 0.0367363 -7.3015e-19)
(0.437074 0.29893 3.14447e-19)
(0.992126 0.644204 -4.02053e-19)
(1.20881 0.80854 0)
(1.24101 0.831677 -1.03361e-20)
(1.20113 0.830704 -9.53687e-20)
(1.14461 0.806692 0)
(1.08027 0.781897 -8.73425e-21)
(1.00979 0.751707 2.43952e-20)
(0.932341 0.715269 -5.33391e-20)
(0.848671 0.670144 3.09684e-20)
(0.769803 0.616217 0)
(0.707876 0.56147 3.25228e-19)
(0.662557 0.517697 4.1988e-21)
(0.62631 0.476502 1.37071e-19)
(0.606796 0.441427 1.64961e-19)
(0.58524 0.413722 0)
(0.52957 0.359231 -3.61259e-19)
(0.404512 0.272914 7.08312e-19)
(0.222487 0.146604 -7.52842e-19)
(0.052665 0.0344691 1.58269e-18)
(0.435967 0.313919 0)
(0.983404 0.676011 0)
(1.19642 0.846568 -2.20732e-19)
(1.22783 0.871098 0)
(1.18735 0.869386 0)
(1.13068 0.843861 2.16116e-19)
(1.06581 0.817818 -1.21006e-20)
(0.994674 0.786289 1.71067e-20)
(0.916322 0.748392 -5.91306e-21)
(0.830898 0.701419 0)
(0.747091 0.644862 -6.95409e-20)
(0.680293 0.5904 -2.68997e-19)
(0.634282 0.539018 -3.36043e-19)
(0.610097 0.497956 -1.39102e-19)
(0.586007 0.462622 1.81226e-19)
(0.556522 0.419645 -4.30041e-19)
(0.499298 0.369807 7.8123e-19)
(0.378422 0.272878 5.88966e-21)
(0.205484 0.143484 -7.27463e-19)
(0.0461816 0.031784 -1.07821e-19)
(0.43475 0.32855 0)
(0.97426 0.705108 -3.14262e-19)
(1.1839 0.881296 2.46722e-19)
(1.21472 0.907517 0)
(1.17384 0.905493 0)
(1.11707 0.878891 -4.79843e-19)
(1.05186 0.851806 0)
(0.980068 0.818959 0)
(0.900145 0.780007 -9.7716e-20)
(0.811791 0.732263 5.6788e-20)
(0.725398 0.675805 -5.62689e-19)
(0.657692 0.616836 0)
(0.610693 0.563676 -3.65522e-19)
(0.570321 0.514043 1.14053e-20)
(0.550705 0.46766 -5.80106e-19)
(0.531635 0.432907 2.32868e-19)
(0.479636 0.366318 3.30583e-21)
(0.359829 0.271099 -8.31568e-19)
(0.19034 0.139127 3.94525e-19)
(0.0411187 0.0292121 1.15354e-19)
(0.433644 0.34272 0)
(0.966548 0.733967 -3.72382e-19)
(1.17214 0.914795 2.62834e-19)
(1.20194 0.942058 5.46962e-19)
(1.16057 0.939357 1.08219e-19)
(1.10382 0.91166 -7.3947e-20)
(1.03832 0.883726 4.43871e-20)
(0.96598 0.84994 -5.28575e-20)
(0.885341 0.810392 1.04528e-19)
(0.796628 0.761829 3.60019e-19)
(0.709302 0.70376 4.66795e-19)
(0.635492 0.64363 8.87057e-20)
(0.578044 0.585915 5.29994e-19)
(0.551194 0.533171 3.42245e-19)
(0.526946 0.487779 4.18618e-19)
(0.499557 0.428936 -2.60183e-19)
(0.447024 0.369441 -3.06761e-19)
(0.333645 0.262574 3.59956e-19)
(0.174425 0.13063 -2.12828e-19)
(0.038182 0.0294501 3.76181e-19)
(0.432426 0.356443 4.90646e-19)
(0.958344 0.760006 5.91261e-19)
(1.16034 0.945227 1.44718e-19)
(1.18944 0.973843 1.61928e-20)
(1.14778 0.970818 -3.78663e-19)
(1.09103 0.942383 1.39227e-19)
(1.02539 0.913801 -5.12677e-20)
(0.952867 0.879286 -2.15034e-20)
(0.871232 0.838684 -1.01536e-19)
(0.779827 0.789713 -4.00199e-19)
(0.686651 0.731022 2.85777e-20)
(0.608092 0.668442 0)
(0.556904 0.608411 0)
(0.507624 0.55073 -1.74531e-19)
(0.484363 0.48821 -6.89477e-19)
(0.467992 0.436475 5.64254e-19)
(0.426698 0.346546 3.43011e-19)
(0.329665 0.242067 0)
(0.180476 0.109364 6.79362e-19)
(0.0325399 0.00866797 -4.05857e-19)
(0.431387 0.369429 -2.6211e-19)
(0.95142 0.785861 2.27106e-19)
(1.1493 0.974775 -3.23216e-19)
(1.17737 1.00412 -3.45903e-19)
(1.13535 1.00037 -1.50712e-19)
(1.07876 0.971048 3.29561e-20)
(1.01311 0.941903 0)
(0.940184 0.906709 8.42896e-20)
(0.857841 0.866115 1.59183e-20)
(0.765173 0.817071 0)
(0.670993 0.759057 0)
(0.591695 0.696905 6.13383e-20)
(0.52188 0.634444 9.25017e-20)
(0.486245 0.570191 -1.88548e-19)
(0.455261 0.510348 4.98075e-19)
(0.425892 0.424398 -6.20921e-19)
(0.3829 0.335532 -7.35555e-19)
(0.313113 0.217534 6.50965e-19)
(0.212952 0.130591 -2.4449e-19)
(0.119698 0.089809 1.40534e-19)
(0.430061 0.38166 3.03477e-19)
(0.943875 0.808819 0)
(1.13826 1.00138 0)
(1.16571 1.03185 -1.16055e-19)
(1.12352 1.02775 9.39425e-20)
(1.06701 0.99783 -2.08275e-20)
(1.00124 0.968226 -1.93306e-19)
(0.928205 0.93264 -1.56201e-19)
(0.845083 0.891429 1.36723e-19)
(0.750531 0.841652 -3.20329e-20)
(0.652897 0.783132 7.51724e-20)
(0.565348 0.721034 -5.11264e-19)
(0.502103 0.659092 -5.55599e-19)
(0.439041 0.593592 -1.00758e-19)
(0.399881 0.510526 0)
(0.374891 0.435685 -1.20983e-20)
(0.343714 0.281798 4.06576e-19)
(0.299199 0.119159 -6.81541e-19)
(0.259036 -0.0345019 5.07426e-19)
(0.0801064 -0.0900381 4.07218e-19)
(0.428888 0.393265 -6.61773e-19)
(0.937423 0.83177 -2.86715e-19)
(1.12792 1.02746 6.541e-21)
(1.15441 1.05854 1.49522e-19)
(1.11194 1.05381 0)
(1.0556 1.0232 4.25881e-19)
(0.989913 0.99327 2.38306e-19)
(0.916664 0.957349 -4.20516e-20)
(0.832888 0.916359 -5.84119e-20)
(0.737362 0.868256 -3.03732e-20)
(0.637425 0.812367 2.82109e-20)
(0.548373 0.751975 4.51596e-19)
(0.465923 0.687711 5.42887e-19)
(0.415657 0.615463 9.73169e-20)
(0.367666 0.546032 5.33372e-19)
(0.307045 0.424452 0)
(0.206622 0.276653 0)
(0.0397138 0.270334 4.99943e-19)
(-0.0686532 0.62933 -3.33689e-20)
(0.00130513 1.50745 -6.39358e-19)
(0.427263 0.404289 3.60522e-19)
(0.930363 0.852093 8.58318e-19)
(1.11752 1.05099 -1.288e-18)
(1.14343 1.08321 7.72251e-19)
(1.10082 1.0784 -8.82533e-20)
(1.04454 1.04751 5.61336e-19)
(0.978668 1.01747 0)
(0.905166 0.981569 1.71815e-19)
(0.82085 0.940824 0)
(0.723979 0.891924 3.1407e-19)
(0.621272 0.834745 -4.25582e-20)
(0.525743 0.776532 4.77185e-20)
(0.450308 0.719243 6.05428e-19)
(0.363465 0.656332 -2.20146e-19)
(0.278742 0.561792 -2.78089e-19)
(0.209267 0.487184 0)
(0.106932 0.575771 0)
(0.0366181 1.26005 0)
(0.0779661 2.43179 -2.81336e-19)
(0.108315 2.89543 -1.74549e-19)
(0.425782 0.414837 0)
(0.924356 0.872525 0)
(1.10783 1.07424 4.61282e-19)
(1.13283 1.10713 -6.43262e-19)
(1.08996 1.10196 4.37282e-19)
(1.0338 1.07076 -5.13693e-19)
(0.968026 1.04076 -2.72854e-20)
(0.894515 1.00504 2.12444e-20)
(0.809794 0.965014 1.17182e-20)
(0.711446 0.918918 -3.57928e-19)
(0.605399 0.867794 6.67409e-20)
(0.5075 0.813682 4.28884e-19)
(0.411127 0.754357 -5.97419e-19)
(0.340808 0.682929 -6.95319e-19)
(0.273956 0.626731 2.41797e-19)
(0.206737 0.746279 0)
(0.142653 1.49867 3.47882e-19)
(0.140611 2.67193 3.86106e-19)
(0.146997 3.08063 -4.32085e-19)
(0.137611 3.21892 4.7301e-19)
(0.423862 0.424595 0)
(0.917741 0.890307 7.00188e-19)
(1.09811 1.09497 -1.1945e-19)
(1.12261 1.12906 8.12596e-19)
(1.07961 1.12407 -4.58995e-19)
(1.02358 1.09291 0)
(0.957677 1.06312 0)
(0.883959 1.0278 0)
(0.79877 0.988577 -3.68961e-20)
(0.699952 0.942666 6.81569e-21)
(0.594342 0.88882 0)
(0.491594 0.837464 -4.19706e-19)
(0.406801 0.791327 0)
(0.295537 0.739982 4.95032e-19)
(0.215234 0.817337 -3.24081e-19)
(0.170996 1.44463 -2.70626e-19)
(0.17647 2.66216 -6.61251e-19)
(0.195906 3.12583 -3.3293e-19)
(0.186044 3.2714 -3.93275e-19)
(0.170827 3.3124 3.31089e-19)
(0.422178 0.433787 -2.3683e-19)
(0.912148 0.90833 1.51846e-20)
(1.08913 1.11563 -1.28881e-19)
(1.11281 1.15043 -6.49625e-19)
(1.06957 1.14531 0)
(1.01365 1.11415 0)
(0.94789 1.08473 0)
(0.874303 1.04996 -1.18032e-20)
(0.789037 1.01198 3.76704e-20)
(0.688907 0.96888 0)
(0.577759 0.924227 0)
(0.473965 0.87873 0)
(0.364408 0.832305 0)
(0.307413 0.826005 3.30546e-19)
(0.285477 1.18216 8.5665e-19)
(0.272922 2.33908 2.65659e-19)
(0.283691 3.08089 4.92004e-19)
(0.276281 3.2907 -3.25201e-19)
(0.225509 3.35881 1.19961e-19)
(0.191402 3.37144 0)
(0.420098 0.442418 2.40185e-19)
(0.905712 0.924175 -1.51251e-18)
(1.07985 1.13439 -4.28066e-19)
(1.10315 1.17045 -1.04122e-19)
(1.05981 1.16572 1.16953e-19)
(1.0041 1.13484 -8.1801e-19)
(0.938319 1.10586 5.47302e-20)
(0.864666 1.07178 3.47309e-19)
(0.779081 1.03485 0)
(0.678922 0.993369 -2.05374e-20)
(0.571103 0.945782 1.86826e-20)
(0.465335 0.902241 0)
(0.382353 0.874504 0)
(0.328208 0.999107 -4.10538e-19)
(0.294087 1.83433 8.29207e-21)
(0.290318 2.92931 -1.51262e-19)
(0.309082 3.29521 2.63619e-19)
(0.28203 3.39793 1.21088e-19)
(0.214149 3.42371 -1.75785e-21)
(0.188071 3.43231 -1.27851e-21)
(0.417984 0.451111 4.62978e-19)
(0.899751 0.941984 1.44825e-18)
(1.07053 1.15496 5.25823e-19)
(1.09312 1.19167 0)
(1.04965 1.18681 0)
(0.994115 1.15596 6.26804e-19)
(0.928585 1.12743 -3.78709e-19)
(0.855245 1.09394 -3.20194e-19)
(0.769943 1.05854 -1.20444e-20)
(0.669444 1.01972 1.10925e-19)
(0.556843 0.981313 -3.43001e-19)
(0.44725 0.945391 0)
(0.365333 0.949383 0)
(0.345884 1.34408 -2.3588e-19)
(0.357257 2.44408 -3.04812e-19)
(0.399103 3.19929 0)
(0.424983 3.3832 -2.66573e-20)
(0.355084 3.44827 1.91744e-19)
(0.280301 3.49262 -3.63678e-19)
(0.255606 3.51878 2.22737e-19)
(0.414953 0.460252 -8.76869e-19)
(0.892012 0.958691 -6.89369e-19)
(1.05989 1.17496 0)
(1.08225 1.21293 0)
(1.03882 1.20843 0)
(0.983704 1.17772 0)
(0.918377 1.14947 4.0387e-19)
(0.84532 1.11663 -4.25231e-19)
(0.760181 1.08218 0)
(0.660019 1.04524 -9.55887e-20)
(0.551322 1.00548 5.76916e-19)
(0.451222 0.974794 2.83037e-20)
(0.402245 1.06666 4.59868e-20)
(0.406936 1.72402 3.54738e-19)
(0.426656 2.87997 -1.25764e-19)
(0.462656 3.32932 0)
(0.445043 3.45988 -3.71059e-20)
(0.355123 3.54906 9.8916e-20)
(0.271321 3.61833 3.22383e-19)
(0.195231 3.59839 -2.69663e-19)
(0.411939 0.469443 4.1558e-19)
(0.884602 0.978503 -6.79138e-19)
(1.04884 1.19774 0)
(1.0706 1.23606 -1.66805e-19)
(1.02719 1.23117 6.3145e-19)
(0.972376 1.20022 0)
(0.907568 1.17223 0)
(0.835157 1.13973 7.98786e-19)
(0.750722 1.10656 9.25997e-21)
(0.651219 1.07239 -7.73499e-21)
(0.537957 1.04075 -2.52204e-19)
(0.447655 1.0325 1.83872e-19)
(0.408638 1.23374 0)
(0.44284 2.1419 -1.70766e-19)
(0.49222 3.13718 1.36943e-19)
(0.553829 3.4367 -1.44773e-20)
(0.547539 3.54045 0)
(0.478501 3.63379 -1.76034e-19)
(0.402799 3.6788 -7.17472e-19)
(0.318961 3.64957 -1.81669e-19)
(0.407354 0.479055 -8.06968e-19)
(0.874827 0.996645 9.66686e-19)
(1.03613 1.21964 7.18142e-19)
(1.05788 1.25909 -1.85759e-19)
(1.01465 1.25443 -9.63548e-19)
(0.960542 1.2234 0)
(0.89624 1.19537 3.57673e-19)
(0.824552 1.16336 -3.28872e-19)
(0.740948 1.13127 -3.2569e-20)
(0.642924 1.09869 5.495e-21)
(0.535597 1.0688 -4.573e-21)
(0.458683 1.07867 -2.05085e-19)
(0.466052 1.44975 1.92453e-19)
(0.525784 2.5108 3.87504e-21)
(0.590936 3.30561 7.44229e-20)
(0.644806 3.49615 -2.84896e-19)
(0.604237 3.55727 0)
(0.540098 3.56799 0)
(0.43768 3.53773 -8.58446e-19)
(0.195524 3.33387 1.69455e-18)
(0.402949 0.488757 3.83506e-19)
(0.865424 1.01858 9.34381e-19)
(1.02296 1.2448 -7.08227e-19)
(1.04433 1.28421 6.92877e-19)
(1.00134 1.27875 9.54791e-19)
(0.947772 1.24713 0)
(0.884408 1.21913 -3.88086e-19)
(0.81387 1.18724 -4.68549e-19)
(0.731666 1.15564 0)
(0.634931 1.12518 0)
(0.528818 1.10414 0)
(0.46618 1.16268 0)
(0.496082 1.67245 -2.06303e-19)
(0.58035 2.80457 2.72925e-20)
(0.661802 3.40584 0)
(0.708884 3.51628 1.8233e-19)
(0.705697 3.52538 0)
(0.777813 3.3762 3.12402e-19)
(0.873736 3.01546 -2.43634e-18)
(0.461672 2.6519 2.41614e-18)
(0.396421 0.497561 -7.53013e-19)
(0.852968 1.03806 -5.92578e-19)
(1.00769 1.2687 -4.57123e-19)
(1.02942 1.30917 -6.48044e-19)
(0.986801 1.30376 -4.53882e-19)
(0.934368 1.27181 0)
(0.871897 1.24339 -8.64345e-20)
(0.802577 1.21153 3.10992e-20)
(0.721649 1.18126 2.39214e-19)
(0.627671 1.15255 0)
(0.530039 1.13702 5.90853e-21)
(0.48901 1.24112 -6.7168e-21)
(0.56339 1.90844 0)
(0.671335 3.04885 -1.47058e-20)
(0.760694 3.45485 0)
(0.79486 3.501 -3.19851e-19)
(0.79868 3.42088 8.17831e-19)
(0.791192 3.05135 -3.07081e-19)
(0.544028 2.05614 4.83867e-19)
(-0.355517 0.538537 -1.18264e-18)
(0.389535 0.507483 -1.29635e-20)
(0.840604 1.06191 -2.92119e-19)
(0.991621 1.29655 6.35357e-19)
(1.01333 1.33678 -1.8953e-20)
(0.971186 1.33027 -1.21225e-19)
(0.919616 1.2975 0)
(0.858586 1.26902 4.01697e-19)
(0.790939 1.2374 3.95508e-19)
(0.712424 1.20713 -4.65447e-19)
(0.618297 1.17951 2.33613e-19)
(0.530447 1.17551 6.18575e-20)
(0.512122 1.35746 0)
(0.609576 2.17874 -4.71604e-20)
(0.728308 3.19627 8.02579e-20)
(0.81028 3.43734 1.89925e-19)
(0.823715 3.44235 0)
(0.755844 3.23314 -4.03109e-19)
(0.579145 2.44044 4.76825e-19)
(0.139222 0.760809 -5.68063e-19)
(-0.259499 -0.437482 -5.15408e-19)
(0.380181 0.51523 6.83452e-19)
(0.824353 1.08232 -2.81051e-19)
(0.972852 1.32269 4.24723e-19)
(0.995436 1.36429 3.34897e-19)
(0.9539 1.35789 2.34857e-19)
(0.903942 1.32477 6.08768e-19)
(0.844248 1.29573 -7.74333e-19)
(0.778518 1.26373 -4.90113e-19)
(0.701792 1.23496 5.14855e-19)
(0.610714 1.2111 7.18705e-20)
(0.536963 1.21926 5.67423e-20)
(0.546397 1.47513 5.32624e-20)
(0.683517 2.45015 -1.06367e-19)
(0.809908 3.28381 1.53241e-19)
(0.87777 3.41812 -2.73027e-19)
(0.849392 3.35166 2.84245e-19)
(0.721065 2.90617 -6.97737e-19)
(0.471664 1.78784 4.26321e-19)
(0.07683 0.086989 0)
(-0.0755785 -0.189233 -8.10035e-19)
(0.370092 0.523851 0)
(0.807724 1.10704 -1.05947e-18)
(0.953064 1.35307 2.3647e-20)
(0.976123 1.3945 -5.84907e-19)
(0.935296 1.38675 0)
(0.886732 1.35265 -4.3543e-19)
(0.82911 1.32351 6.60797e-19)
(0.765541 1.29201 4.58489e-19)
(0.692167 1.26334 -5.47064e-19)
(0.605284 1.24082 -2.46821e-19)
(0.542922 1.26516 -1.16529e-19)
(0.584832 1.62966 4.60596e-20)
(0.73428 2.67444 9.74621e-20)
(0.852299 3.32218 1.35019e-19)
(0.895364 3.37103 -2.90474e-19)
(0.828283 3.17631 4.55685e-19)
(0.598249 2.46416 3.17202e-19)
(0.137513 0.530276 -3.75913e-19)
(-0.125175 -0.243101 0)
(-0.105739 -0.205405 0)
(0.356361 0.529187 -6.34004e-19)
(0.786024 1.12657 1.02812e-18)
(0.930128 1.38074 0)
(0.954599 1.42433 0)
(0.914664 1.41675 0)
(0.868378 1.38224 0)
(0.812659 1.35237 -2.8317e-19)
(0.752088 1.32023 -1.50198e-20)
(0.682019 1.2924 -7.59525e-20)
(0.601005 1.2744 -3.34539e-20)
(0.552297 1.32508 2.88726e-19)
(0.624762 1.77556 -1.06606e-19)
(0.804752 2.88417 0)
(0.916815 3.32535 3.7781e-20)
(0.945378 3.31965 4.85448e-19)
(0.803315 2.97234 -1.944e-19)
(0.44947 1.81622 3.22876e-19)
(0.0199764 0.0189921 1.87513e-19)
(-0.175116 -0.210419 -8.48877e-19)
(-0.0540068 -0.132744 -1.00945e-18)
(0.34079 0.534446 3.11493e-19)
(0.762872 1.14912 4.7993e-19)
(0.906043 1.4127 -9.35861e-21)
(0.931095 1.45658 2.83633e-19)
(0.892111 1.44734 0)
(0.848154 1.41168 7.02342e-19)
(0.795202 1.3816 -1.90564e-19)
(0.737366 1.34953 6.87783e-20)
(0.670304 1.32225 -3.26662e-20)
(0.597085 1.30699 -3.8833e-20)
(0.564195 1.37939 -1.81851e-19)
(0.671682 1.94915 1.59876e-19)
(0.858131 3.01486 1.48348e-19)
(0.947285 3.31473 1.09178e-19)
(0.931998 3.23017 -3.03902e-19)
(0.718227 2.62268 6.71384e-19)
(0.276413 1.06411 -3.91122e-19)
(-0.0781262 -0.240717 4.93514e-19)
(-0.191005 -0.241136 -1.45748e-18)
(-0.061396 -0.152355 1.03115e-18)
(0.321298 0.535076 -2.91369e-19)
(0.735083 1.16594 0)
(0.878201 1.44009 -3.57297e-19)
(0.904754 1.48795 -5.39746e-19)
(0.867355 1.47904 0)
(0.826575 1.44281 -5.35273e-19)
(0.776148 1.41162 0)
(0.722392 1.37904 -3.9703e-19)
(0.659055 1.35158 2.08108e-19)
(0.595376 1.34237 -4.13887e-19)
(0.580707 1.45174 2.77571e-19)
(0.721213 2.13591 -6.11915e-20)
(0.910274 3.10049 -3.98955e-19)
(0.995945 3.29399 2.22314e-19)
(0.958399 3.11441 -2.87119e-19)
(0.641095 2.29683 -2.12976e-19)
(0.1213 0.306158 5.1511e-19)
(-0.146833 -0.305761 -5.99057e-19)
(-0.136316 -0.251069 2.93138e-22)
(-0.0627282 -0.12032 -1.07431e-19)
(0.299851 0.533922 5.66449e-19)
(0.705458 1.18467 -4.44119e-19)
(0.848276 1.47095 3.62123e-19)
(0.875404 1.52086 2.56605e-19)
(0.839797 1.51028 2.65913e-20)
(0.802518 1.47272 2.87307e-19)
(0.755407 1.4413 0)
(0.7055 1.40758 -3.26667e-20)
(0.645941 1.38131 0)
(0.593375 1.37638 3.87117e-19)
(0.597452 1.51252 -2.52317e-19)
(0.769066 2.28703 5.76054e-20)
(0.960364 3.14946 4.05612e-19)
(1.02139 3.26378 2.38215e-19)
(0.922415 2.97083 -1.29267e-19)
(0.520942 1.83126 2.18595e-19)
(0.0129622 -0.0388634 -7.34629e-19)
(-0.208146 -0.283409 -4.26478e-19)
(-0.124174 -0.268265 -1.67243e-19)
(-0.0604783 -0.0920248 7.99573e-19)
(0.27423 0.525347 4.17994e-21)
(0.670121 1.19461 2.20696e-19)
(0.813527 1.49493 0)
(0.842866 1.55177 4.79737e-19)
(0.810399 1.54249 -7.22385e-19)
(0.77692 1.50414 2.79062e-19)
(0.733079 1.47093 -2.01549e-19)
(0.688256 1.43656 3.41454e-19)
(0.634058 1.40911 -3.39808e-19)
(0.58939 1.4117 5.02101e-20)
(0.618238 1.58388 -3.2023e-19)
(0.822742 2.43564 -4.42224e-19)
(0.994723 3.17869 3.84888e-20)
(1.04389 3.22559 -4.36351e-19)
(0.907278 2.75738 -2.93759e-19)
(0.438483 1.44239 5.31561e-19)
(-0.0569072 -0.214011 -4.46653e-19)
(-0.219873 -0.300056 2.76725e-19)
(-0.130331 -0.304318 2.24401e-21)
(-0.0509279 -0.0970797 -7.37519e-19)
(0.246037 0.51175 1.03083e-18)
(0.631441 1.20381 -2.15064e-19)
(0.775543 1.52121 -6.21754e-19)
(0.806437 1.58247 5.04684e-19)
(0.777261 1.57265 -3.24851e-19)
(0.747651 1.53276 5.27968e-19)
(0.707544 1.49933 3.46787e-19)
(0.668239 1.46324 0)
(0.621036 1.43611 3.95667e-19)
(0.58601 1.44395 -6.09864e-20)
(0.636198 1.64035 7.44115e-20)
(0.864871 2.52619 4.51241e-19)
(1.04112 3.1877 3.80236e-20)
(1.06021 3.19961 6.17385e-21)
(0.850134 2.64496 -3.72558e-19)
(0.392976 1.0161 -1.43871e-19)
(-0.0945234 -0.151508 4.42182e-19)
(-0.189165 -0.288074 2.30717e-19)
(-0.163379 -0.289718 7.22881e-20)
(0.00332843 -0.0428836 6.70335e-19)
(0.213418 0.486672 0)
(0.585695 1.19955 2.00442e-19)
(0.731834 1.53773 -2.845e-19)
(0.76687 1.61008 4.82207e-19)
(0.742509 1.6032 -6.582e-19)
(0.71635 1.56264 2.68159e-19)
(0.680909 1.52693 0)
(0.647386 1.48863 0)
(0.607216 1.4591 0)
(0.579853 1.47271 1.0756e-19)
(0.654193 1.69071 -1.00843e-19)
(0.917812 2.60302 9.83837e-20)
(1.07138 3.19667 3.49372e-19)
(1.0629 3.18287 2.45079e-19)
(0.73336 2.48284 -4.512e-19)
(0.0814756 0.697459 2.14329e-19)
(-0.320182 -0.0437529 2.10655e-20)
(-0.367765 -0.32488 -5.43168e-19)
(-0.334229 -0.371557 8.84829e-20)
(-0.0452462 -0.0825344 0)
(0.178232 0.45227 9.30274e-19)
(0.535684 1.18996 -1.87441e-19)
(0.684131 1.55384 4.21254e-21)
(0.722653 1.63508 0)
(0.702592 1.6292 -3.1016e-19)
(0.680368 1.58763 1.76922e-20)
(0.649293 1.55113 0)
(0.622351 1.51226 1.09979e-19)
(0.593603 1.47809 -8.67769e-20)
(0.569656 1.49558 0)
(0.663 1.72593 0)
(0.950362 2.61489 -2.21829e-19)
(1.13517 3.19432 -3.81807e-19)
(1.10157 3.1893 -5.72154e-21)
(0.743892 2.47631 -2.10846e-19)
(0.0573546 0.856638 1.94062e-19)
(-0.428952 0.0126041 0)
(-0.575409 -0.650493 -4.37715e-19)
(-0.565832 -0.818386 -7.12433e-19)
(-0.291417 -0.65311 1.89429e-18)
(0.139783 0.402104 7.65821e-19)
(0.477833 1.1596 -1.78095e-19)
(0.62979 1.55581 2.61236e-19)
(0.674187 1.65581 -6.43694e-19)
(0.659917 1.65447 0)
(0.641523 1.61326 0)
(0.616355 1.57435 0)
(0.595428 1.5312 1.06197e-19)
(0.574818 1.49555 -8.3726e-20)
(0.561791 1.50669 0)
(0.666123 1.73073 0)
(1.00091 2.60653 3.61916e-19)
(1.2093 3.18378 -2.38053e-19)
(1.22324 3.19825 1.65623e-19)
(0.894721 2.5048 8.37097e-19)
(0.295579 0.892182 0)
(-0.262702 -0.0361138 -2.64763e-19)
(-0.620381 -0.898201 -2.29738e-19)
(-0.650244 -1.33838 2.53914e-18)
(-0.457628 -1.17464 -3.08952e-18)
(0.100554 0.3387 -7.12905e-19)
(0.415133 1.11684 1.82439e-19)
(0.570599 1.55145 5.3296e-19)
(0.620227 1.66957 3.77465e-19)
(0.611254 1.67179 -3.05103e-19)
(0.598336 1.6327 -2.12861e-19)
(0.577429 1.59183 1.525e-19)
(0.563732 1.548 0)
(0.552784 1.50413 0)
(0.547714 1.50703 0)
(0.649917 1.71715 -1.80941e-19)
(1.02204 2.51988 -3.3628e-19)
(1.34545 3.11845 2.32843e-19)
(1.48213 3.13112 -1.44963e-19)
(1.39031 2.67139 -8.08746e-20)
(0.967874 1.49755 0)
(0.351054 0.382617 4.12334e-19)
(-0.0703983 -0.568306 -2.09143e-18)
(-0.526837 -1.5439 4.53262e-18)
(-0.471267 -1.53668 -2.55815e-18)
(0.0615747 0.259716 7.56831e-19)
(0.343655 1.04228 -6.21851e-19)
(0.503199 1.5262 0)
(0.560312 1.67735 1.84492e-19)
(0.558147 1.68738 1.36004e-19)
(0.550152 1.65106 2.98081e-19)
(0.534773 1.60646 -1.4256e-19)
(0.525127 1.55929 0)
(0.525622 1.50794 0)
(0.530261 1.49825 -2.77712e-19)
(0.625894 1.66392 1.95128e-20)
(1.01207 2.3903 1.64212e-19)
(1.36623 2.99271 9.91489e-20)
(1.55241 2.9146 2.20254e-19)
(1.45707 2.59609 -5.92734e-19)
(1.27395 1.84551 5.47871e-19)
(0.761084 0.763805 -4.63324e-19)
(0.327418 -0.240145 0)
(-0.0463263 -0.950501 1.0466e-20)
(-0.263678 -1.31414 4.62592e-19)
(0.0260689 0.17536 7.83526e-19)
(0.267245 0.947018 0)
(0.430607 1.48377 0)
(0.49511 1.66943 0)
(0.498615 1.6917 1.15521e-19)
(0.496747 1.66161 -2.87976e-19)
(0.485958 1.61576 -1.31362e-19)
(0.481862 1.56391 0)
(0.482458 1.50718 0)
(0.502985 1.47415 1.71901e-19)
(0.569154 1.58553 7.25755e-20)
(0.885118 2.13393 -6.90445e-20)
(1.26173 2.8287 -7.23264e-20)
(1.40028 2.76606 -1.08804e-19)
(1.35959 2.55603 5.19369e-20)
(1.25066 2.0633 -3.49569e-19)
(0.905645 1.24826 3.00401e-19)
(0.502233 0.397569 0)
(0.139246 -0.373888 -9.77799e-21)
(-0.0833513 -0.7319 -7.28598e-19)
(0.00388981 0.108505 -7.48944e-19)
(0.182275 0.804001 2.586e-19)
(0.350167 1.40909 3.99225e-19)
(0.423269 1.65264 -2.11309e-20)
(0.434601 1.6937 -2.43337e-19)
(0.436633 1.66997 -1.61435e-19)
(0.429849 1.61844 3.67144e-19)
(0.427399 1.56664 -8.23697e-21)
(0.428943 1.5001 0)
(0.45545 1.4436 4.3017e-20)
(0.47766 1.51012 -8.20596e-21)
(0.684264 1.86961 4.27658e-20)
(1.02744 2.64488 0)
(1.12613 2.65779 3.57611e-20)
(1.1123 2.55262 0)
(1.03609 2.26222 8.0667e-20)
(0.837963 1.7225 8.27301e-20)
(0.538675 1.03304 0)
(0.248066 0.372542 0)
(0.0401413 -0.0629322 -1.18306e-18)
(-0.00348569 0.0516591 6.13798e-19)
(0.10584 0.625952 -2.30229e-19)
(0.272248 1.29784 1.80898e-19)
(0.34693 1.60497 -2.84814e-19)
(0.363537 1.67773 1.10695e-19)
(0.36956 1.66798 -3.79422e-20)
(0.367451 1.61957 2.46321e-20)
(0.365114 1.56275 -4.84074e-20)
(0.364737 1.49505 -3.1015e-20)
(0.382878 1.41614 -2.4875e-20)
(0.379427 1.44504 5.45963e-21)
(0.458652 1.71054 0)
(0.744154 2.47271 8.49659e-21)
(0.81113 2.64317 0)
(0.789979 2.61758 0)
(0.737145 2.47924 0)
(0.637031 2.16192 6.25299e-19)
(0.438719 1.62885 -1.63356e-18)
(0.239365 1.09102 5.74884e-21)
(0.0818564 0.5609 1.16298e-18)
(0.00390722 -0.00189562 1.08992e-19)
(0.0410394 0.351787 1.02439e-19)
(0.196545 1.13652 -8.34639e-20)
(0.269399 1.54323 -6.24137e-20)
(0.289686 1.65998 5.00675e-20)
(0.296429 1.65888 3.53429e-20)
(0.296764 1.61933 2.52553e-20)
(0.299978 1.5556 0)
(0.283875 1.49465 -1.29807e-20)
(0.292733 1.40463 -7.68121e-21)
(0.291931 1.41244 1.67005e-20)
(0.269108 1.61749 0)
(0.47039 2.34518 6.81991e-21)
(0.543881 2.67626 -1.72608e-20)
(0.492011 2.72685 0)
(0.453973 2.68382 0)
(0.392623 2.50361 -3.32852e-20)
(0.276516 2.10579 0)
(0.14502 1.60655 -2.69385e-20)
(0.0477428 0.957212 0)
(0.0133822 -0.0722553 0)
(0.0120002 0.149318 0)
(0.106235 0.883568 0)
(0.179474 1.4163 0)
(0.207821 1.61293 -1.23852e-33)
(0.219983 1.63932 9.29344e-34)
(0.223359 1.61531 0)
(0.231946 1.55222 0)
(0.212866 1.4968 0)
(0.219867 1.41302 0)
(0.223829 1.41848 0)
(0.16395 1.57689 0)
(0.283418 2.24042 0)
(0.363051 2.68653 0)
(0.316871 2.81143 0)
(0.273894 2.81267 0)
(0.237494 2.71737 0)
(0.165564 2.43594 0)
(0.0714311 1.99873 0)
(0.0118426 1.24072 0)
(0.0111221 -0.113422 0)
(-0.00142225 0.0955211 0)
(0.0310453 0.747869 0)
(0.0903401 1.31747 0)
(0.12113 1.56207 0)
(0.143473 1.61495 0)
(0.152933 1.60439 0)
(0.167999 1.55232 0)
(0.164777 1.49866 0)
(0.164386 1.42582 0)
(0.170259 1.43559 0)
(0.111394 1.56426 0)
(0.171204 2.18872 0)
(0.249127 2.70356 0)
(0.201776 2.86828 0)
(0.164345 2.9035 0)
(0.136964 2.84779 0)
(0.0890247 2.61194 0)
(0.0256873 2.17491 0)
(-0.00626993 1.35867 0)
(0.00205083 -0.11968 0)
(-0.0110786 0.105934 0)
(-0.0155557 0.675923 0)
(0.0219565 1.24596 0)
(0.0457351 1.51378 0)
(0.0740221 1.58453 0)
(0.0915694 1.58632 0)
(0.112407 1.54561 0)
(0.125133 1.49796 0)
(0.110008 1.4383 0)
(0.120467 1.44869 0)
(0.070589 1.56175 0)
(0.0984373 2.15428 0)
(0.1557 2.71591 0)
(0.110875 2.92183 0)
(0.0838161 2.98108 0)
(0.0674498 2.94167 0)
(0.0351945 2.73611 0)
(0.00234371 2.32109 0)
(-0.0141706 1.357 0)
(-0.00359014 -0.0877008 0)
(-0.0231545 0.155158 0)
(-0.0445734 0.675283 0)
(-0.0244187 1.19521 0)
(-0.00689364 1.46337 0)
(0.02438 1.54676 0)
(0.0427195 1.55958 0)
(0.0659252 1.53018 0)
(0.0805561 1.49441 0)
(0.0612172 1.44865 0)
(0.0724609 1.45766 0)
(0.0361755 1.56068 0)
(0.0533994 2.13047 0)
(0.0883549 2.72254 0)
(0.0493725 2.96034 0)
(0.0317739 3.0315 0)
(0.0192976 3.00385 0)
(-0.00296079 2.80874 0)
(-0.0286556 2.36834 0)
(-0.0163821 1.3164 0)
(-0.00574111 -0.0311565 0)
(-0.0301601 0.237603 0)
(-0.0586933 0.699692 0)
(-0.0491724 1.15822 0)
(-0.0335015 1.41064 0)
(-0.0050767 1.50405 0)
(0.0119197 1.52809 0)
(0.0329233 1.51372 0)
(0.0412477 1.48901 0)
(0.0316572 1.45684 0)
(0.0285292 1.46625 0)
(0.00907793 1.55695 0)
(0.01999 2.12183 0)
(0.0428538 2.73564 0)
(0.0109793 2.98472 0)
(-0.00264481 3.06806 0)
(-0.0194968 3.04841 0)
(-0.0354952 2.85365 0)
(-0.041796 2.35717 0)
(-0.0235743 1.20952 0)
(-0.0062961 0.0339498 0)
(-0.0296524 0.324366 0)
(-0.0604991 0.734621 0)
(-0.058173 1.13224 0)
(-0.0428235 1.3623 0)
(-0.0192892 1.46231 0)
(-0.000195453 1.49592 0)
(0.0158568 1.50085 0)
(0.0232973 1.48178 0)
(0.0202222 1.46562 0)
(-0.00135747 1.47783 0)
(-0.0202873 1.56014 0)
(-0.01895 2.10898 0)
(0.00603651 2.74799 0)
(-0.0226734 3.01211 0)
(-0.0316931 3.10414 0)
(-0.0451423 3.0833 0)
(-0.0608524 2.85919 0)
(-0.0530387 2.3161 0)
(-0.0278331 1.04976 0)
(-0.0051862 0.0949452 0)
(-0.0244523 0.407933 0)
(-0.053449 0.780129 0)
(-0.0572888 1.11817 0)
(-0.0437358 1.32474 0)
(-0.0237577 1.42654 0)
(-0.00267689 1.4667 0)
(0.0122152 1.48729 0)
(0.02263 1.47631 0)
(0.0197266 1.47866 0)
(-0.0118027 1.49758 0)
(-0.0451626 1.57166 0)
(-0.0564443 2.09472 0)
(-0.0259097 2.75458 0)
(-0.0564117 3.03139 0)
(-0.0596575 3.12336 0)
(-0.0681293 3.09601 0)
(-0.0668707 2.84673 0)
(-0.0563748 2.23937 0)
(-0.0224575 0.893062 0)
(-0.0036064 0.143296 0)
(-0.0176874 0.477708 0)
(-0.0415267 0.827628 0)
(-0.0488646 1.11388 0)
(-0.0387645 1.29696 0)
(-0.0197399 1.3958 0)
(0.000948659 1.44021 0)
(0.0213157 1.47112 0)
(0.0305772 1.47147 0)
(0.0319527 1.4937 0)
(-0.000186161 1.52338 0)
(-0.0529717 1.59409 0)
(-0.0738363 2.08478 0)
(-0.0456546 2.76344 0)
(-0.0761167 3.04286 0)
(-0.0721613 3.13062 0)
(-0.0762702 3.08688 0)
(-0.0720794 2.81503 0)
(-0.0529628 2.13738 0)
(-0.0147861 0.759007 0)
(-0.00210417 0.176825 0)
(-0.0113804 0.529167 0)
(-0.0280259 0.867656 0)
(-0.0350269 1.11585 0)
(-0.0282608 1.27366 0)
(-0.00701621 1.36411 0)
(0.0146039 1.41091 0)
(0.0469453 1.44927 0)
(0.0577254 1.46397 0)
(0.0670311 1.50415 0)
(0.0461802 1.56024 0)
(-0.0370954 1.62909 0)
(-0.0745508 2.08175 0)
(-0.0487634 2.77214 0)
(-0.0773683 3.04871 0)
(-0.0711114 3.13127 0)
(-0.0726682 3.0816 0)
(-0.0739554 2.77609 0)
(-0.0445786 2.02408 0)
(-0.00937793 0.648417 0)
(-0.000883849 0.196204 0)
(-0.00560067 0.560831 0)
(-0.0147454 0.893186 0)
(-0.0178999 1.1171 0)
(-0.0109341 1.24928 0)
(0.0154172 1.32588 0)
(0.0421093 1.37186 0)
(0.0917857 1.41313 0)
(0.114572 1.44264 0)
(0.15316 1.50691 0)
(0.123125 1.60752 0)
(0.020811 1.69648 0)
(-0.0659694 2.08592 0)
(-0.0387698 2.77752 0)
(-0.0688057 3.05456 0)
(-0.0636956 3.13372 0)
(-0.0669636 3.07303 0)
(-0.0571176 2.74498 0)
(-0.0380932 1.94282 0)
(-0.00123623 0.564553 0)
(0.000279457 0.202178 0)
(-0.000422589 0.573135 0)
(-0.00357177 0.901816 0)
(-0.000985681 1.10935 0)
(0.0112 1.21687 0)
(0.0440285 1.27619 0)
(0.0788862 1.31746 0)
(0.145521 1.35699 0)
(0.181749 1.40222 0)
(0.256217 1.49796 0)
(0.210079 1.66803 0)
(0.102178 1.79722 0)
(-0.0515541 2.11452 0)
(-0.0242368 2.80013 0)
(-0.0639921 3.07399 0)
(-0.0631504 3.14265 0)
(-0.0725539 3.06698 0)
(-0.0467092 2.69762 0)
(-0.0360577 1.86599 0)
(0.0122095 0.514494 0)
(0.00191645 0.197422 0)
(0.00357016 0.573027 0)
(0.00446181 0.897019 0)
(0.0144937 1.08508 0)
(0.0345566 1.17113 0)
(0.0736966 1.21346 0)
(0.119754 1.24604 0)
(0.197592 1.28096 0)
(0.256196 1.34126 0)
(0.341957 1.47783 0)
(0.283917 1.74787 0)
(0.160344 1.93245 0)
(-0.0619789 2.19268 0)
(-0.0385786 2.82588 0)
(-0.0869691 3.0975 0)
(-0.0837097 3.15495 0)
(-0.0983764 3.05097 0)
(-0.0781696 2.61093 0)
(-0.0370066 1.70531 0)
(0.0178496 0.485808 0)
(0.00298157 0.18247 0)
(0.00689559 0.561922 0)
(0.0113303 0.876962 0)
(0.026436 1.04399 0)
(0.0531767 1.1102 0)
(0.0967989 1.13707 0)
(0.153396 1.15788 0)
(0.237015 1.18785 0)
(0.317489 1.26747 0)
(0.391874 1.46581 0)
(0.329006 1.8469 0)
(0.181173 2.10388 0)
(-0.0759171 2.308 0)
(-0.074012 2.86337 0)
(-0.123155 3.12707 0)
(-0.124936 3.16454 0)
(-0.123994 3.02371 0)
(-0.124378 2.5227 0)
(-0.0358671 1.45528 0)
(0.00562011 0.454325 0)
(0.00357637 0.161128 0)
(0.00883143 0.542779 0)
(0.0147469 0.847913 0)
(0.0327053 0.992927 0)
(0.0626034 1.0414 0)
(0.108364 1.05298 0)
(0.17035 1.0602 0)
(0.255558 1.08607 0)
(0.34318 1.18986 0)
(0.403714 1.46397 0)
(0.346855 1.9533 0)
(0.197028 2.28878 0)
(-0.0359298 2.43048 0)
(-0.0912395 2.91077 0)
(-0.139458 3.15911 0)
(-0.151537 3.17756 0)
(-0.151173 2.99744 0)
(-0.139868 2.41363 0)
(-0.0233598 1.2281 0)
(-0.00566515 0.408961 0)
(0.00374719 0.137071 0)
(0.00848493 0.525403 0)
(0.0128616 0.818952 0)
(0.0298024 0.940129 0)
(0.0571254 0.97059 0)
(0.0990602 0.967267 0)
(0.156749 0.962193 0)
(0.235344 0.987531 0)
(0.310279 1.11534 0)
(0.382347 1.46232 0)
(0.326998 2.0554 0)
(0.215712 2.4421 0)
(0.0175467 2.58884 0)
(-0.120729 3.00515 0)
(-0.172361 3.21228 0)
(-0.210695 3.21755 0)
(-0.212505 2.93582 0)
(-0.127991 2.15218 0)
(-0.0153632 1.05551 0)
(-0.0082833 0.354812 0)
(0.00325067 0.115585 0)
(0.00581228 0.515685 0)
(0.00610171 0.797776 0)
(0.0185019 0.897715 0)
(0.0368598 0.914968 0)
(0.0677312 0.898374 0)
(0.109382 0.883757 0)
(0.16546 0.906895 0)
(0.214151 1.05264 0)
(0.269552 1.46297 0)
(0.22245 2.13527 0)
(0.162821 2.5685 0)
(-0.0569682 2.80977 0)
(-0.217444 3.18314 0)
(-0.269995 3.30474 0)
(-0.290641 3.22412 0)
(-0.260607 2.806 0)
(-0.0976876 1.77468 0)
(-0.0262257 0.919857 0)
(-0.00812685 0.291817 0)
(0.00195928 0.103543 0)
(0.000758091 0.519936 0)
(-0.0055676 0.793031 0)
(-0.00350888 0.876695 0)
(-0.000323011 0.882086 0)
(0.0107041 0.856972 0)
(0.0236049 0.839634 0)
(0.0391609 0.865923 0)
(0.0460975 1.03384 0)
(0.0299867 1.48192 0)
(-0.0064591 2.19153 0)
(-0.0388697 2.72048 0)
(-0.282446 3.03248 0)
(-0.354792 3.29981 0)
(-0.383346 3.34791 0)
(-0.350867 3.14696 0)
(-0.228844 2.51585 0)
(-0.0561156 1.51203 0)
(-0.027847 0.812317 0)
(-0.00698583 0.225681 0)
(0.000286939 0.104765 0)
(-0.00563566 0.545659 0)
(-0.0190528 0.811874 0)
(-0.0269394 0.887297 0)
(-0.0439681 0.89159 0)
(-0.054388 0.863653 0)
(-0.0742522 0.846529 0)
(-0.105015 0.879119 0)
(-0.153661 1.0612 0)
(-0.228912 1.52321 0)
(-0.303865 2.24791 0)
(-0.325753 2.85662 0)
(-0.504292 3.14689 0)
(-0.501034 3.30885 0)
(-0.453857 3.29548 0)
(-0.374314 2.94995 0)
(-0.131243 2.04169 0)
(-0.0321887 1.34626 0)
(-0.0156002 0.739255 0)
(-0.00430534 0.175053 0)
(-0.00162003 0.121178 0)
(-0.0118456 0.590558 0)
(-0.0338477 0.859723 0)
(-0.0555181 0.931624 0)
(-0.0909011 0.932909 0)
(-0.125913 0.908549 0)
(-0.179102 0.898322 0)
(-0.253328 0.941035 0)
(-0.350685 1.13566 0)
(-0.463481 1.60489 0)
(-0.568207 2.31642 0)
(-0.572276 2.90691 0)
(-0.628202 3.14863 0)
(-0.57662 3.23734 0)
(-0.481161 3.14748 0)
(-0.261409 2.48373 0)
(-0.0558776 1.73198 0)
(-0.016003 1.25008 0)
(-0.00635594 0.703815 0)
(-0.00247654 0.147261 0)
(-0.00295731 0.150666 0)
(-0.0160294 0.651682 0)
(-0.0431886 0.936542 0)
(-0.0742584 1.01593 0)
(-0.122382 1.02055 0)
(-0.175263 1.00261 0)
(-0.251453 1.00026 0)
(-0.354531 1.04791 0)
(-0.482387 1.23802 0)
(-0.617397 1.69149 0)
(-0.716588 2.37284 0)
(-0.701752 2.87824 0)
(-0.678816 3.06743 0)
(-0.553784 3.11956 0)
(-0.391842 2.81818 0)
(-0.104656 2.05285 0)
(-0.0179165 1.56823 0)
(0.00398645 1.20638 0)
(0.00114773 0.697707 0)
(-0.000231789 0.13942 0)
(-0.00366279 0.188202 0)
(-0.0179248 0.719736 0)
(-0.0482279 1.02166 0)
(-0.0867523 1.1084 0)
(-0.145014 1.11898 0)
(-0.211772 1.1108 0)
(-0.303456 1.12083 0)
(-0.422989 1.17791 0)
(-0.562647 1.36216 0)
(-0.695468 1.78317 0)
(-0.747129 2.40147 0)
(-0.725656 2.81298 0)
(-0.631455 2.96389 0)
(-0.433783 2.85914 0)
(-0.193738 2.39887 0)
(0.00114446 1.81472 0)
(0.0131598 1.50451 0)
(0.0204601 1.20125 0)
(0.00899358 0.717202 0)
(0.00167544 0.149546 0)
(-0.00366408 0.228116 0)
(-0.0167725 0.790614 0)
(-0.046002 1.12555 0)
(-0.084894 1.23063 0)
(-0.142905 1.2515 0)
(-0.210497 1.25099 0)
(-0.301173 1.2682 0)
(-0.418244 1.32529 0)
(-0.553406 1.48798 0)
(-0.67933 1.84855 0)
(-0.731823 2.40246 0)
(-0.669747 2.71051 0)
(-0.470142 2.74088 0)
(-0.24925 2.52414 0)
(-0.0373694 2.09702 0)
(0.0529303 1.71794 0)
(0.0403714 1.50023 0)
(0.0303314 1.2239 0)
(0.0132387 0.760635 0)
(0.00272916 0.173384 0)
(-0.00335538 0.264816 0)
(-0.014491 0.851105 0)
(-0.041141 1.21071 0)
(-0.0799074 1.32647 0)
(-0.137747 1.35474 0)
(-0.205856 1.36221 0)
(-0.293593 1.38918 0)
(-0.40215 1.45278 0)
(-0.523392 1.60541 0)
(-0.612352 1.92343 0)
(-0.654241 2.36956 0)
(-0.486773 2.56502 0)
(-0.274339 2.49892 0)
(-0.0847175 2.27874 0)
(0.0502908 1.93628 0)
(0.0727868 1.70167 0)
(0.0541873 1.52675 0)
(0.0329233 1.28249 0)
(0.0129092 0.807322 0)
(0.00307282 0.20256 0)
(-0.00260087 0.295817 0)
(-0.0107226 0.905184 0)
(-0.0313141 1.30456 0)
(-0.0631459 1.44801 0)
(-0.109988 1.4878 0)
(-0.165655 1.49934 0)
(-0.235596 1.52563 0)
(-0.319879 1.58045 0)
(-0.412336 1.7012 0)
(-0.466292 1.94761 0)
(-0.456787 2.2626 0)
(-0.298876 2.37124 0)
(-0.127069 2.27802 0)
(0.00594768 2.09703 0)
(0.0728936 1.86646 0)
(0.0736308 1.70858 0)
(0.0496173 1.58261 0)
(0.0268737 1.34004 0)
(0.0107597 0.848411 0)
(0.00268193 0.230627 0)
(-0.00197168 0.318005 0)
(-0.00802702 0.939626 0)
(-0.0248789 1.35579 0)
(-0.0544379 1.50703 0)
(-0.0977934 1.55002 0)
(-0.149959 1.56488 0)
(-0.212911 1.59432 0)
(-0.28468 1.64998 0)
(-0.35794 1.75792 0)
(-0.388715 1.96414 0)
(-0.332008 2.21335 0)
(-0.175883 2.27412 0)
(-0.0358595 2.16543 0)
(0.0550137 2.01906 0)
(0.0742773 1.85343 0)
(0.0694058 1.73894 0)
(0.0395515 1.63337 0)
(0.0201316 1.38624 0)
(0.00803209 0.882052 0)
(0.00193091 0.253893 0)
(-0.00103765 0.335352 0)
(-0.00421291 0.97521 0)
(-0.013688 1.42977 0)
(-0.033357 1.61614 0)
(-0.0617627 1.669 0)
(-0.0970516 1.68542 0)
(-0.137885 1.7071 0)
(-0.182911 1.74619 0)
(-0.226539 1.81501 0)
(-0.244093 1.9383 0)
(-0.197228 2.08295 0)
(-0.0921346 2.1067 0)
(-0.00939648 2.02934 0)
(0.0347896 1.94501 0)
(0.0537168 1.85459 0)
(0.0360376 1.79112 0)
(0.0206939 1.69044 0)
(0.00995171 1.42502 0)
(0.00404963 0.906199 0)
(0.00096959 0.269368 0)
(-0.25901 1.63254 1.75099e-22)
(0.410078 3.25914 -1.61986e-19)
(0.0965175 3.48381 2.55901e-19)
(0.207747 3.44742 0)
(0.17091 3.39662 0)
(0.165714 3.34689 -2.00376e-19)
(0.168249 3.32083 2.49116e-19)
(0.140416 3.27186 -2.6279e-19)
(0.121174 3.17084 5.25907e-21)
(0.110504 2.5658 4.10664e-19)
(-0.104421 2.3694 5.28224e-23)
(0.141156 3.31319 1.73711e-19)
(0.0142426 3.44799 0)
(0.10445 3.39814 0)
(0.0805487 3.35028 5.94357e-21)
(0.0865265 3.31026 4.4426e-19)
(0.0819037 3.27483 -2.65922e-19)
(0.0566202 3.23737 -4.99851e-21)
(0.0544128 3.07695 4.77074e-21)
(0.00174159 2.08007 0)
(-0.0274774 2.0968 2.20715e-20)
(0.0914124 3.15429 -2.40463e-20)
(0.031587 3.3536 0)
(0.0790657 3.32924 2.00008e-19)
(0.0579855 3.3047 -1.46402e-21)
(0.0593063 3.28179 -2.42933e-19)
(0.0497665 3.2667 -3.3512e-19)
(0.0342289 3.24399 -2.3448e-22)
(0.0428015 3.11622 4.94833e-21)
(-0.0162345 2.20834 0)
(-0.0396732 2.0364 3.76437e-20)
(0.030751 3.12783 0)
(-0.0101376 3.31404 -1.07876e-19)
(0.0260511 3.30985 -7.23978e-20)
(0.019615 3.28614 9.05697e-21)
(0.0262189 3.26216 -1.75277e-19)
(0.0304282 3.24493 1.50906e-19)
(0.0235233 3.23257 -5.77276e-21)
(0.0433701 3.12339 7.7374e-21)
(0.00782062 2.24827 2.03971e-19)
(-0.0463424 2.03326 -6.2128e-20)
(0.0162925 3.09521 0)
(-0.00456694 3.26983 2.47538e-19)
(0.0157932 3.26321 -1.40939e-19)
(0.0162007 3.24887 -7.25032e-22)
(0.0194747 3.23719 -7.46404e-21)
(0.0223004 3.23337 -1.5368e-20)
(0.0230776 3.22318 -2.11635e-19)
(0.043785 3.12619 5.76847e-21)
(-0.00308111 2.31095 -4.31618e-19)
(-0.0522228 2.0882 0)
(-0.00809125 3.08854 -1.50885e-19)
(-0.0271597 3.24522 2.21831e-20)
(-0.0126408 3.24802 -1.07263e-20)
(-0.00376263 3.23293 1.10198e-20)
(0.0044345 3.22018 1.84747e-19)
(0.0173134 3.21033 1.9603e-19)
(0.0217659 3.20515 4.21004e-19)
(0.0429063 3.12362 2.36945e-19)
(0.0108907 2.35355 -1.64396e-20)
(-0.0481781 2.14617 0)
(-0.0184377 3.08451 1.56076e-19)
(-0.0178831 3.21486 -1.65953e-19)
(-0.01053 3.2131 -1.20201e-20)
(0.000640305 3.20256 2.49977e-20)
(0.00844775 3.19557 3.7732e-22)
(0.0165371 3.19575 -1.36419e-20)
(0.022195 3.19052 -2.22373e-19)
(0.0426641 3.12083 -2.30906e-19)
(0.00381778 2.4193 -1.71183e-20)
(-0.0499317 2.22758 1.92801e-19)
(-0.0281647 3.08535 -8.94689e-21)
(-0.0315476 3.19466 6.19058e-21)
(-0.0230556 3.19601 0)
(-0.0127311 3.18588 0)
(-0.00107935 3.17824 0)
(0.0141047 3.17122 0)
(0.0209615 3.16932 2.57803e-19)
(0.0410995 3.11261 -2.67124e-19)
(0.0155718 2.46371 2.60888e-19)
(-0.0446318 2.31005 2.54829e-20)
(-0.0324989 3.08682 2.16673e-19)
(-0.0203448 3.16996 0)
(-0.0145059 3.16552 -1.44162e-20)
(-0.00389535 3.15765 1.47462e-20)
(0.00556037 3.15296 0)
(0.0144998 3.15451 -8.11115e-21)
(0.0207787 3.15248 -2.5016e-19)
(0.0403198 3.109 2.68076e-19)
(0.0103348 2.53288 0)
(-0.0450118 2.40139 1.74669e-20)
(-0.0363961 3.08547 -3.34841e-19)
(-0.030317 3.14989 0)
(-0.0225145 3.14709 0)
(-0.0135362 3.13934 1.62085e-20)
(-0.00217084 3.13393 -1.38186e-19)
(0.0121574 3.12858 -1.71629e-20)
(0.0193322 3.1294 1.48205e-19)
(0.0384188 3.09615 0)
(0.0193797 2.58104 0)
(-0.0387259 2.49341 -3.5543e-19)
(-0.038103 3.08361 1.20168e-19)
(-0.0201669 3.12442 0)
(-0.0130281 3.11617 0)
(-0.0035456 3.10943 0)
(0.00563655 3.10633 2.87165e-19)
(0.0139377 3.10913 0)
(0.0201397 3.11042 -1.58195e-19)
(0.0379838 3.09043 9.85082e-21)
(0.0148384 2.65374 1.68593e-19)
(-0.0386374 2.58691 1.28589e-19)
(-0.0404816 3.07413 -1.26571e-20)
(-0.0300433 3.10105 1.53241e-19)
(-0.0213181 3.09504 1.49308e-19)
(-0.0124321 3.08854 0)
(-0.000863383 3.08447 -1.4875e-19)
(0.012979 3.08093 0)
(0.0211551 3.08458 0)
(0.0383661 3.07221 0)
(0.0224188 2.70643 -1.69376e-19)
(-0.0342662 2.68066 -1.41041e-19)
(-0.0428155 3.06369 1.45854e-19)
(-0.023052 3.07211 -1.44541e-19)
(-0.0131138 3.06199 -2.29441e-19)
(-0.00289231 3.05683 0)
(0.00723203 3.05526 2.06365e-20)
(0.0163668 3.05911 -1.05218e-20)
(0.0247616 3.06293 7.9202e-20)
(0.0417798 3.06157 9.82511e-20)
(0.0207224 2.78036 -1.01269e-19)
(-0.0352016 2.77032 1.44682e-19)
(-0.0468912 3.04327 -1.40007e-19)
(-0.0330453 3.04546 1.00819e-20)
(-0.0208762 3.04036 5.88286e-20)
(-0.011021 3.0364 -8.56345e-20)
(0.000290305 3.03405 0)
(0.0142582 3.03163 9.2175e-20)
(0.0257375 3.03564 4.95076e-21)
(0.0445445 3.03665 -1.91425e-19)
(0.0287556 2.83262 -6.55036e-21)
(-0.0290014 2.85711 -4.26615e-20)
(-0.0436816 3.02322 1.03264e-20)
(-0.0227973 3.01808 -5.37346e-20)
(-0.0110129 3.01452 2.2016e-20)
(-0.00219054 3.01409 1.04523e-19)
(0.00628717 3.01347 -4.46587e-20)
(0.0139881 3.0146 -4.38349e-20)
(0.0232922 3.01684 -4.56755e-20)
(0.0419017 3.02176 9.88717e-20)
(0.0247126 2.90026 4.77741e-20)
(-0.0178744 2.93848 3.42769e-20)
(-0.0261859 2.99909 1.51697e-20)
(-0.016274 3.00047 2.9578e-20)
(-0.00940225 3.0017 -6.06364e-20)
(-0.00411437 3.00264 2.05551e-20)
(0.000636243 3.00218 4.16356e-20)
(0.00577969 3.0006 -4.34346e-20)
(0.0107582 2.99896 -4.55704e-20)
(0.0217914 2.99721 6.23559e-21)
(0.0165856 2.94917 4.4127e-20)
)
;

boundaryField
{
    wall-4
    {
        type            noSlip;
    }
    pressure-outlet-7
    {
        type            zeroGradient;
    }
    velocity-inlet-6
    {
        type            fixedValue;
        value           uniform (0 3 0);
    }
    velocity-inlet-5
    {
        type            fixedValue;
        value           uniform (1 0 0);
    }
    frontAndBackPlanes
    {
        type            empty;
    }
}


// ************************************************************************* //
