/*--------------------------------*- C++ -*----------------------------------*\
| =========                 |                                                 |
| \\      /  F ield         | OpenFOAM: The Open Source CFD Toolbox           |
|  \\    /   O peration     | Version:  v2012                                 |
|   \\  /    A nd           | Website:  www.openfoam.com                      |
|    \\/     M anipulation  |                                                 |
\*---------------------------------------------------------------------------*/
FoamFile
{
    version     2.0;
    format      ascii;
    class       volVectorField;
    location    "41";
    object      U;
}
// * * * * * * * * * * * * * * * * * * * * * * * * * * * * * * * * * * * * * //

dimensions      [0 1 -1 0 0 0 0];


internalField   nonuniform List<vector> 
2200
(
(0.878858 -0.0304147 0)
(1.0058 -0.0512844 0)
(1.00332 -0.0353931 0)
(1.00031 -0.0244459 0)
(0.999867 -0.0166684 0)
(1.00001 -0.0107348 0)
(1.00005 -0.0068826 0)
(1.00004 -0.00425809 0)
(1.00005 -0.00229525 0)
(1.00017 -0.000707536 0)
(1.00006 0.000899249 0)
(1.00006 0.00254408 0)
(1.00006 0.00453158 0)
(1.00002 0.0071133 0)
(1.00004 0.0108738 0)
(0.999879 0.0167036 0)
(1.00025 0.0244342 0)
(1.00349 0.03502 0)
(1.00594 0.0513631 0)
(0.878994 0.0303329 0)
(0.71196 -0.0327695 0)
(0.996621 -0.0630348 0)
(1.03326 -0.05621 0)
(1.02484 -0.0464813 0)
(1.01588 -0.0361891 0)
(1.00962 -0.0264418 0)
(1.00583 -0.0181658 0)
(1.00369 -0.0114284 0)
(1.00251 -0.0060551 0)
(1.00197 -0.00155971 0)
(1.00197 0.00263381 0)
(1.00248 0.00700067 0)
(1.0036 0.0121538 0)
(1.00569 0.0187685 0)
(1.00941 0.0271081 0)
(1.01564 0.0368352 0)
(1.02469 0.0472615 0)
(1.03305 0.0575922 0)
(0.996641 0.0631531 0)
(0.71177 0.0329835 0)
(0.535502 -0.0238948 0)
(0.969855 -0.0569408 0)
(1.0564 -0.0547289 0)
(1.05224 -0.0487619 0)
(1.03626 -0.040459 0)
(1.0245 -0.0323251 0)
(1.01593 -0.0240705 0)
(1.01043 -0.016219 0)
(1.00725 -0.00898244 0)
(1.00577 -0.00243693 0)
(1.0057 0.00391506 0)
(1.00706 0.0103852 0)
(1.01017 0.0175036 0)
(1.01578 0.0252479 0)
(1.02428 0.0332666 0)
(1.03605 0.0412431 0)
(1.05204 0.0493152 0)
(1.05633 0.0536754 0)
(0.969226 0.0575485 0)
(0.534457 0.0239302 0)
(0.39218 -0.013661 0)
(0.911675 -0.0464358 0)
(1.05738 -0.0469772 0)
(1.06943 -0.0444104 0)
(1.05476 -0.0382732 0)
(1.03928 -0.0316507 0)
(1.02757 -0.0248344 0)
(1.01904 -0.0175864 0)
(1.01363 -0.0100832 0)
(1.01094 -0.00251024 0)
(1.01083 0.00510979 0)
(1.01332 0.0125413 0)
(1.01863 0.0198011 0)
(1.02686 0.0266882 0)
(1.03846 0.0330141 0)
(1.05405 0.0394456 0)
(1.06848 0.0454895 0)
(1.05575 0.0480935 0)
(0.910117 0.0469171 0)
(0.390192 0.0137502 0)
(0.307457 -0.00452819 0)
(0.846467 -0.0324301 0)
(1.04925 -0.0400295 0)
(1.07934 -0.0382672 0)
(1.06806 -0.0336175 0)
(1.05155 -0.0280038 0)
(1.03825 -0.0227065 0)
(1.02805 -0.0167181 0)
(1.021 -0.00987287 0)
(1.0172 -0.00235603 0)
(1.01698 0.00543245 0)
(1.02044 0.0127435 0)
(1.02718 0.0192903 0)
(1.03723 0.0249269 0)
(1.05039 0.0300537 0)
(1.06674 0.0353929 0)
(1.07776 0.0398193 0)
(1.04729 0.0414671 0)
(0.84327 0.0328934 0)
(0.304212 0.00470097 0)
(0.263976 9.9811e-05 0)
(0.788684 -0.0200909 0)
(1.03324 -0.0315052 0)
(1.08349 -0.0321035 0)
(1.07727 -0.0288461 0)
(1.06077 -0.0239355 0)
(1.04714 -0.0194594 0)
(1.03628 -0.0144546 0)
(1.02847 -0.00845645 0)
(1.02406 -0.00147817 0)
(1.02378 0.00584778 0)
(1.02766 0.0125393 0)
(1.03498 0.0180658 0)
(1.04547 0.0227044 0)
(1.05877 0.0265381 0)
(1.07511 0.0310702 0)
(1.0808 0.0338595 0)
(1.02981 0.0330408 0)
(0.783544 0.0206446 0)
(0.259514 8.51623e-05 0)
(0.239971 0.001061 0)
(0.73787 -0.0123213 0)
(1.0133 -0.0251 0)
(1.08377 -0.0269345 0)
(1.08281 -0.0247113 0)
(1.06766 -0.0205973 0)
(1.05404 -0.0166302 0)
(1.04325 -0.0121706 0)
(1.03519 -0.006895 0)
(1.03036 -0.000656761 0)
(1.02987 0.00597396 0)
(1.03386 0.0118858 0)
(1.0414 0.0167044 0)
(1.05168 0.0206052 0)
(1.06523 0.0242166 0)
(1.08001 0.027736 0)
(1.08045 0.0294241 0)
(1.0082 0.0269744 0)
(0.729998 0.0130449 0)
(0.234003 -0.000862999 0)
(0.225526 0.000941643 0)
(0.694768 -0.00811619 0)
(0.992551 -0.0209064 0)
(1.08187 -0.0233442 0)
(1.0866 -0.0215792 0)
(1.07311 -0.0181437 0)
(1.05962 -0.0143726 0)
(1.04901 -0.0100824 0)
(1.04107 -0.00512466 0)
(1.03624 0.00052228 0)
(1.03571 0.00640083 0)
(1.03946 0.0115629 0)
(1.04647 0.0158841 0)
(1.0565 0.0195045 0)
(1.06956 0.0225497 0)
(1.08236 0.0252646 0)
(1.07634 0.0262654 0)
(0.984456 0.0230669 0)
(0.683643 0.00898486 0)
(0.217884 -0.000737049 0)
(0.215799 0.000606854 0)
(0.659106 -0.00572857 0)
(0.971848 -0.0178025 0)
(1.07894 -0.0205338 0)
(1.08966 -0.0190309 0)
(1.07778 -0.0159955 0)
(1.06449 -0.012478 0)
(1.0541 -0.00834188 0)
(1.0463 -0.00363116 0)
(1.04129 0.00161156 0)
(1.04031 0.00687529 0)
(1.04382 0.0117179 0)
(1.05061 0.015585 0)
(1.06024 0.0188225 0)
(1.07306 0.0215442 0)
(1.08412 0.0237692 0)
(1.07193 0.0243571 0)
(0.960956 0.0204976 0)
(0.644163 0.00685526 0)
(0.206068 -0.000375494 0)
(0.208518 0.000296055 0)
(0.630307 -0.00423473 0)
(0.952391 -0.0150385 0)
(1.07551 -0.0180135 0)
(1.0927 -0.0168132 0)
(1.08221 -0.0140387 0)
(1.06886 -0.0105656 0)
(1.05853 -0.00661249 0)
(1.05085 -0.00205383 0)
(1.04604 0.0029332 0)
(1.04514 0.00780961 0)
(1.0481 0.0121176 0)
(1.05415 0.0157057 0)
(1.06334 0.0186421 0)
(1.07598 0.0210618 0)
(1.08497 0.0227819 0)
(1.06505 0.0228714 0)
(0.936776 0.0184214 0)
(0.610301 0.00563856 0)
(0.196158 -7.81952e-06 0)
(0.202693 8.36963e-05 0)
(0.607136 -0.00316374 0)
(0.934963 -0.0126561 0)
(1.07235 -0.015799 0)
(1.09557 -0.0146905 0)
(1.08661 -0.0120439 0)
(1.07322 -0.00873252 0)
(1.0626 -0.00498201 0)
(1.05463 -0.000668198 0)
(1.04933 0.00409187 0)
(1.0477 0.00889005 0)
(1.05038 0.0129441 0)
(1.05668 0.0161123 0)
(1.06601 0.0185715 0)
(1.07838 0.0207006 0)
(1.08584 0.0221484 0)
(1.05921 0.0217795 0)
(0.914376 0.0166721 0)
(0.58139 0.00486368 0)
(0.187177 0.000259155 0)
(0.197931 1.59209e-06 0)
(0.588335 -0.00231193 0)
(0.918244 -0.0103808 0)
(1.06894 -0.0136694 0)
(1.09903 -0.0127304 0)
(1.09132 -0.0100655 0)
(1.07751 -0.00659183 0)
(1.06648 -0.00290226 0)
(1.05816 0.00124489 0)
(1.0528 0.00585434 0)
(1.0512 0.0104971 0)
(1.05352 0.0141329 0)
(1.05908 0.0167825 0)
(1.06834 0.0189634 0)
(1.08096 0.0207894 0)
(1.0859 0.0217555 0)
(1.05035 0.0208316 0)
(0.890749 0.0151622 0)
(0.555383 0.00438808 0)
(0.178571 0.000433166 0)
(0.194497 1.22654e-05 0)
(0.57423 -0.00146329 0)
(0.904903 -0.00787233 0)
(1.06628 -0.0109486 0)
(1.10211 -0.01007 0)
(1.09601 -0.00764421 0)
(1.08219 -0.00435394 0)
(1.07075 -0.000788681 0)
(1.06203 0.00340108 0)
(1.05608 0.00788339 0)
(1.05354 0.0121813 0)
(1.05537 0.0154929 0)
(1.06151 0.017906 0)
(1.07083 0.0195769 0)
(1.08284 0.0211518 0)
(1.08546 0.0215517 0)
(1.04314 0.0201145 0)
(0.869587 0.0139569 0)
(0.532925 0.00404939 0)
(0.170522 0.000516491 0)
(0.192414 5.10942e-05 0)
(0.563995 -0.00068923 0)
(0.892419 -0.00577699 0)
(1.06318 -0.00855711 0)
(1.10548 -0.00760558 0)
(1.10091 -0.00502177 0)
(1.08699 -0.00177114 0)
(1.07515 0.00184306 0)
(1.06593 0.00585721 0)
(1.05952 0.0102115 0)
(1.05676 0.0142306 0)
(1.05806 0.0173264 0)
(1.06303 0.0192882 0)
(1.07237 0.0205907 0)
(1.08374 0.0212822 0)
(1.084 0.0214752 0)
(1.03162 0.0194994 0)
(0.846041 0.012864 0)
(0.511421 0.00381575 0)
(0.162563 0.000547789 0)
(0.191716 6.54823e-05 0)
(0.556687 -9.00514e-05 0)
(0.883246 -0.00342851 0)
(1.06145 -0.00571967 0)
(1.10856 -0.00451472 0)
(1.10541 -0.00198775 0)
(1.09176 0.00146628 0)
(1.07964 0.00509864 0)
(1.06976 0.00929264 0)
(1.06232 0.013536 0)
(1.05865 0.0170428 0)
(1.05974 0.0193618 0)
(1.06529 0.0207636 0)
(1.07413 0.0216107 0)
(1.08408 0.0220615 0)
(1.08199 0.0217314 0)
(1.0225 0.0192535 0)
(0.825877 0.0122586 0)
(0.492734 0.00376178 0)
(0.155154 0.000575299 0)
(0.192379 -5.26889e-05 0)
(0.553734 0.00095336 0)
(0.876665 -0.00135808 0)
(1.0603 -0.00302146 0)
(1.11248 -0.00140995 0)
(1.11059 0.00161875 0)
(1.09692 0.00511505 0)
(1.08458 0.0091296 0)
(1.07433 0.0131216 0)
(1.0662 0.0168977 0)
(1.06172 0.019755 0)
(1.06182 0.0217708 0)
(1.06586 0.0227029 0)
(1.07431 0.0230727 0)
(1.08355 0.023264 0)
(1.0778 0.0225811 0)
(1.00867 0.0193193 0)
(0.802088 0.0119666 0)
(0.473043 0.00383644 0)
(0.147203 0.000632072 0)
(0.194581 0.000305491 0)
(0.554499 0.0015845 0)
(0.873048 0.00132626 0)
(1.06132 0.000566173 0)
(1.11706 0.00252027 0)
(1.11598 0.00547371 0)
(1.10229 0.00943654 0)
(1.08956 0.0133826 0)
(1.0786 0.0176389 0)
(1.06957 0.0216666 0)
(1.06427 0.0244797 0)
(1.06349 0.0255941 0)
(1.06735 0.0258481 0)
(1.07503 0.0256794 0)
(1.08261 0.0248974 0)
(1.07424 0.0233139 0)
(0.997758 0.0196359 0)
(0.782409 0.0119079 0)
(0.455929 0.00393903 0)
(0.139629 0.000671798 0)
(0.198772 0.000676311 0)
(0.557888 0.00246322 0)
(0.874039 0.003892 0)
(1.06309 0.00386213 0)
(1.12198 0.00640934 0)
(1.12199 0.0100443 0)
(1.10779 0.0140233 0)
(1.09423 0.0184227 0)
(1.08242 0.0227976 0)
(1.07227 0.0266053 0)
(1.06506 0.0289509 0)
(1.06263 0.0297753 0)
(1.06517 0.0294013 0)
(1.07293 0.0284733 0)
(1.07984 0.0274181 0)
(1.06741 0.0250982 0)
(0.980926 0.0204548 0)
(0.757353 0.0119864 0)
(0.436111 0.00411535 0)
(0.131011 0.000715397 0)
(0.205824 0.000851957 0)
(0.566236 0.00381042 0)
(0.878644 0.00662822 0)
(1.06759 0.00843592 0)
(1.12785 0.011641 0)
(1.12831 0.0152885 0)
(1.11345 0.0200116 0)
(1.09861 0.0246251 0)
(1.08517 0.029299 0)
(1.07325 0.0334949 0)
(1.06535 0.0359391 0)
(1.0628 0.036004 0)
(1.06535 0.034534 0)
(1.07202 0.0325136 0)
(1.0766 0.0300188 0)
(1.06045 0.0268767 0)
(0.96659 0.0214105 0)
(0.736715 0.0124163 0)
(0.41881 0.00444537 0)
(0.122792 0.000761196 0)
(0.214617 0.00102737 0)
(0.578865 0.00515456 0)
(0.888037 0.0101025 0)
(1.07435 0.0133801 0)
(1.13466 0.0171816 0)
(1.13577 0.0219654 0)
(1.11999 0.0271622 0)
(1.10413 0.0324843 0)
(1.08937 0.0374658 0)
(1.07565 0.0412275 0)
(1.06495 0.0423613 0)
(1.0595 0.0411975 0)
(1.0601 0.0390574 0)
(1.0667 0.0364515 0)
(1.07096 0.0339183 0)
(1.05018 0.0296592 0)
(0.946146 0.0228247 0)
(0.709504 0.0131936 0)
(0.397178 0.00487918 0)
(0.112914 0.000794652 0)
(0.22788 0.00143184 0)
(0.599723 0.00715056 0)
(0.904774 0.014706 0)
(1.08509 0.0199786 0)
(1.1434 0.0248395 0)
(1.14442 0.0297466 0)
(1.12793 0.0357619 0)
(1.11079 0.0417399 0)
(1.09425 0.0472236 0)
(1.07829 0.0512452 0)
(1.06579 0.0522934 0)
(1.06033 0.0509879 0)
(1.06025 0.0475764 0)
(1.06471 0.0431668 0)
(1.06471 0.0384361 0)
(1.03872 0.0328797 0)
(0.927502 0.0250591 0)
(0.686553 0.0146835 0)
(0.377316 0.00557097 0)
(0.103185 0.000837082 0)
(0.244161 0.00200636 0)
(0.625214 0.00879353 0)
(0.926623 0.0188642 0)
(1.09928 0.0262361 0)
(1.15396 0.0322979 0)
(1.1547 0.0391948 0)
(1.1366 0.0462356 0)
(1.1178 0.0531454 0)
(1.0992 0.0591797 0)
(1.08077 0.0630146 0)
(1.06512 0.0626725 0)
(1.0552 0.0592019 0)
(1.05191 0.0544428 0)
(1.05539 0.0494815 0)
(1.05623 0.0446998 0)
(1.02463 0.0378173 0)
(0.902352 0.0282662 0)
(0.654738 0.0167982 0)
(0.350401 0.00632886 0)
(0.0909278 0.000869995 0)
(0.266788 0.00285085 0)
(0.659855 0.0125824 0)
(0.955624 0.0253519 0)
(1.11802 0.0353984 0)
(1.1673 0.0433483 0)
(1.16633 0.0514081 0)
(1.14618 0.0597589 0)
(1.12465 0.0676173 0)
(1.10274 0.0740644 0)
(1.08063 0.0775386 0)
(1.06241 0.0767076 0)
(1.05254 0.0726367 0)
(1.05009 0.0667727 0)
(1.05163 0.0597325 0)
(1.04543 0.0524954 0)
(1.00684 0.0436681 0)
(0.876987 0.0327152 0)
(0.625258 0.0196255 0)
(0.323894 0.00732166 0)
(0.0785595 0.000917067 0)
(0.298527 0.00374122 0)
(0.706225 0.015671 0)
(0.994317 0.0332712 0)
(1.14276 0.0465936 0)
(1.18393 0.0565113 0)
(1.18044 0.0675386 0)
(1.15664 0.0775437 0)
(1.13183 0.0861637 0)
(1.10644 0.0923635 0)
(1.08102 0.0946236 0)
(1.05929 0.091486 0)
(1.04477 0.0847212 0)
(1.03736 0.0763846 0)
(1.03676 0.0682221 0)
(1.0324 0.0608294 0)
(0.987373 0.0509083 0)
(0.844201 0.0377468 0)
(0.583595 0.0226934 0)
(0.287632 0.00809364 0)
(0.0630328 0.000908526 0)
(0.335134 0.00722609 0)
(0.764677 0.0248148 0)
(1.04194 0.0462262 0)
(1.17325 0.0634691 0)
(1.20537 0.0763175 0)
(1.19675 0.0896362 0)
(1.16862 0.100649 0)
(1.13955 0.109402 0)
(1.10966 0.114909 0)
(1.0793 0.11548 0)
(1.05364 0.110472 0)
(1.03821 0.101666 0)
(1.03252 0.0923275 0)
(1.03135 0.0823849 0)
(1.01713 0.0717648 0)
(0.961932 0.0590221 0)
(0.808881 0.0438201 0)
(0.542857 0.0259086 0)
(0.252716 0.00895813 0)
(0.0483182 0.000788807 0)
(0.416147 0.0108748 0)
(0.851247 0.0358478 0)
(1.10561 0.06654 0)
(1.2116 0.0885939 0)
(1.23059 0.10332 6.88467e-34)
(1.21503 0.119535 -3.0792e-34)
(1.18057 0.13051 0)
(1.1465 0.138135 0)
(1.1119 0.141525 0)
(1.07773 0.139325 0)
(1.04868 0.13088 0)
(1.02909 0.119058 0)
(1.01763 0.106611 0)
(1.01121 0.0941437 0)
(0.99833 0.0832068 0)
(0.934558 0.0691508 0)
(0.763544 0.0503642 0)
(0.485755 0.0291031 0)
(0.204174 0.00890645 0)
(0.0299666 0.000708291 0)
(0.487201 0.0261223 5.22437e-20)
(0.951815 0.0594153 -3.94867e-20)
(1.17341 0.100263 0)
(1.25084 0.125648 3.0145e-20)
(1.25826 0.141731 -2.44373e-20)
(1.23241 0.159111 3.24879e-34)
(1.19115 0.168253 0)
(1.15149 0.174019 1.70493e-20)
(1.1113 0.175243 -5.5851e-20)
(1.0712 0.170431 1.13614e-20)
(1.03676 0.158886 0)
(1.01498 0.144258 -2.85693e-20)
(1.00548 0.13004 -3.41388e-20)
(1.00105 0.117271 5.96754e-20)
(0.972795 0.1023 -4.7126e-20)
(0.888199 0.0824146 0)
(0.697665 0.0585916 -1.70403e-20)
(0.412082 0.0312417 0)
(0.150641 0.00955097 -9.38257e-20)
(0.0122271 0.000817382 1.10624e-19)
(0.522142 0.0538552 -6.81421e-21)
(1.01385 0.102656 1.2148e-19)
(1.22229 0.150391 -7.72813e-21)
(1.2842 0.173308 -7.66097e-20)
(1.28237 0.190799 -5.17824e-20)
(1.24727 0.206116 8.41457e-20)
(1.1997 0.2127 0)
(1.15427 0.216048 0)
(1.10836 0.214446 8.90577e-20)
(1.06311 0.2062 0)
(1.02478 0.192111 1.03635e-19)
(0.998206 0.175442 3.06531e-20)
(0.981184 0.160026 3.61047e-22)
(0.964085 0.142559 -6.52466e-20)
(0.935444 0.125809 0)
(0.843724 0.10393 0)
(0.642536 0.0722653 -2.79068e-19)
(0.364094 0.0390743 6.99519e-19)
(0.130043 0.0117689 -4.14973e-19)
(0.00497173 0.00103286 -4.89146e-19)
(0.529152 0.076412 -7.43996e-20)
(1.0499 0.159438 2.78259e-20)
(1.25809 0.210847 1.45532e-20)
(1.31065 0.232134 1.34137e-19)
(1.30125 0.247789 1.42789e-20)
(1.25852 0.258742 -2.20004e-19)
(1.20517 0.261523 7.45311e-20)
(1.15395 0.26181 0)
(1.10205 0.25727 -1.88708e-19)
(1.05097 0.24724 1.66374e-19)
(1.00651 0.230296 -2.79737e-19)
(0.97585 0.211249 1.30976e-19)
(0.957692 0.193077 -8.46347e-20)
(0.944772 0.176333 1.90674e-19)
(0.90437 0.156299 0)
(0.805179 0.127078 -6.97988e-20)
(0.611064 0.0893704 0)
(0.354209 0.0475074 3.86066e-19)
(0.130601 0.0175084 -9.16023e-19)
(0.00783401 0.000692348 5.73786e-19)
(0.522567 0.10824 2.2228e-19)
(1.06819 0.216158 -9.61274e-20)
(1.27953 0.276077 -1.98888e-20)
(1.3281 0.296691 0)
(1.31342 0.309776 -9.84919e-20)
(1.26538 0.315332 1.21181e-19)
(1.20759 0.31346 -7.97425e-20)
(1.15166 0.309979 0)
(1.09565 0.30177 1.34169e-19)
(1.04023 0.286979 -1.17012e-19)
(0.99149 0.266209 2.42539e-19)
(0.956927 0.246733 0)
(0.931817 0.226897 -1.79929e-19)
(0.905251 0.205652 1.01463e-19)
(0.869867 0.184208 2.55886e-19)
(0.777874 0.155584 -2.25131e-19)
(0.596194 0.112966 3.5977e-19)
(0.356012 0.0645438 -7.96178e-19)
(0.144544 0.0259321 5.02816e-19)
(0.016565 0.00285539 -6.29065e-19)
(0.510042 0.132457 -8.66074e-20)
(1.07443 0.270187 6.2444e-20)
(1.28993 0.341719 -6.5711e-20)
(1.33737 0.361671 1.26282e-19)
(1.3192 0.372481 -1.16459e-19)
(1.26753 0.373254 3.87788e-20)
(1.20607 0.367033 3.659e-21)
(1.14588 0.359623 -1.53927e-19)
(1.08458 0.347586 -1.40884e-19)
(1.02305 0.329746 -2.51366e-19)
(0.970154 0.308536 -5.21387e-19)
(0.931155 0.28356 -1.60181e-19)
(0.904304 0.261496 2.41097e-21)
(0.885986 0.24168 -3.47006e-19)
(0.841793 0.218839 -6.27319e-21)
(0.748025 0.182496 3.27402e-19)
(0.579 0.135236 -9.89707e-20)
(0.357808 0.081654 -5.75189e-20)
(0.157688 0.0360364 0)
(0.0250905 0.00587216 1.33657e-18)
(0.492663 0.153105 0)
(1.06818 0.320074 -9.07865e-21)
(1.29228 0.40539 0)
(1.33984 0.425902 -1.27215e-20)
(1.31907 0.43506 1.14282e-19)
(1.26498 0.431202 -8.95854e-20)
(1.20101 0.420825 8.73719e-20)
(1.1379 0.40954 2.52275e-19)
(1.07417 0.393404 -7.81718e-20)
(1.01167 0.371692 1.24882e-19)
(0.955259 0.343295 2.80202e-19)
(0.911643 0.317508 3.48895e-19)
(0.880018 0.294017 -2.09671e-19)
(0.846911 0.270462 3.75251e-19)
(0.809461 0.245353 -2.97121e-19)
(0.727882 0.213077 0)
(0.573711 0.161129 -7.50657e-19)
(0.366167 0.102048 1.01039e-18)
(0.172041 0.0483273 7.54117e-20)
(0.033595 0.00971657 -1.41026e-18)
(0.478009 0.17333 -5.13586e-21)
(1.05925 0.367969 -5.84643e-21)
(1.28902 0.465834 1.19627e-19)
(1.33733 0.487218 -1.18741e-19)
(1.31458 0.495188 9.24572e-20)
(1.25888 0.487635 -8.77258e-20)
(1.19308 0.473772 1.74164e-19)
(1.12754 0.458701 -7.66688e-20)
(1.06036 0.438888 -3.16315e-19)
(0.991138 0.413375 5.87838e-23)
(0.92899 0.38335 -3.03956e-19)
(0.884163 0.353909 -3.74539e-19)
(0.853428 0.327541 2.30963e-19)
(0.830148 0.30425 -1.3489e-19)
(0.785722 0.278828 3.22169e-19)
(0.703211 0.238531 0)
(0.558982 0.185676 -4.64703e-19)
(0.36742 0.121005 6.86273e-19)
(0.181058 0.0603348 1.30093e-18)
(0.0395339 0.0134633 -1.5305e-18)
(0.463512 0.190769 6.2832e-22)
(1.04636 0.412553 -7.17287e-21)
(1.28192 0.523586 -7.46094e-20)
(1.33081 0.546479 1.237e-19)
(1.30646 0.553558 1.1776e-20)
(1.24966 0.542351 -1.73359e-19)
(1.18247 0.525178 -1.00117e-19)
(1.11498 0.506869 -9.64133e-20)
(1.0455 0.48368 -1.77445e-19)
(0.975441 0.454075 2.86065e-19)
(0.914309 0.419941 3.08076e-19)
(0.866218 0.387051 5.9445e-19)
(0.828128 0.360376 0)
(0.79348 0.330892 6.03821e-21)
(0.757645 0.303477 -8.8239e-19)
(0.686242 0.268821 2.05488e-19)
(0.552645 0.210598 1.00187e-18)
(0.370304 0.141351 -2.95498e-19)
(0.187785 0.0720064 6.16525e-19)
(0.043702 0.0169941 -5.14435e-20)
(0.453854 0.209205 5.86983e-21)
(1.03428 0.4553 1.86452e-20)
(1.2723 0.578191 -4.02602e-20)
(1.32162 0.602427 1.52081e-19)
(1.29595 0.608637 -2.0223e-19)
(1.23836 0.594575 1.7346e-19)
(1.1702 0.574871 1.0377e-19)
(1.10135 0.553437 2.89576e-19)
(1.03021 0.526973 3.58193e-19)
(0.957497 0.494299 -3.28026e-19)
(0.889811 0.457174 0)
(0.838985 0.420357 -2.23766e-19)
(0.805113 0.38745 2.56905e-19)
(0.777915 0.36231 3.22829e-19)
(0.735942 0.334055 -1.86619e-19)
(0.661804 0.290685 -4.55396e-19)
(0.53505 0.233217 -1.3609e-19)
(0.363777 0.157511 -1.47675e-21)
(0.186895 0.0814713 0)
(0.0449288 0.0191968 0)
(0.445443 0.224692 -4.54704e-20)
(1.02155 0.49535 0)
(1.26083 0.629877 -2.70974e-20)
(1.31017 0.655954 -1.88387e-21)
(1.28345 0.661458 2.26035e-19)
(1.22538 0.644559 -5.81474e-20)
(1.15658 0.622245 1.05419e-19)
(1.08674 0.598152 -1.9661e-19)
(1.01358 0.56871 2.71714e-19)
(0.937617 0.532662 -1.06227e-19)
(0.868648 0.48962 1.75921e-19)
(0.818706 0.449403 7.09043e-19)
(0.779728 0.41825 1.39718e-20)
(0.743729 0.386354 -3.36686e-19)
(0.708099 0.354452 6.22433e-19)
(0.643473 0.31815 4.26122e-21)
(0.523839 0.253524 1.45597e-19)
(0.356686 0.172901 -6.94997e-19)
(0.181567 0.0884961 7.12682e-19)
(0.0437975 0.0205905 -8.42763e-19)
(0.438825 0.243275 2.58607e-23)
(1.00967 0.533681 0)
(1.24855 0.678567 0)
(1.29753 0.706368 -1.30098e-20)
(1.26989 0.710933 -6.97923e-20)
(1.21145 0.691723 8.31241e-20)
(1.14215 0.667482 -1.9945e-19)
(1.07119 0.641039 0)
(0.996567 0.609226 -3.99978e-19)
(0.919678 0.570146 4.74095e-19)
(0.850603 0.524892 4.98966e-19)
(0.794317 0.482977 -2.60088e-19)
(0.754916 0.444522 -3.1344e-19)
(0.728133 0.413759 7.34339e-19)
(0.687175 0.382994 -2.2101e-19)
(0.619489 0.334185 -2.64002e-19)
(0.504186 0.271213 -1.5818e-19)
(0.345585 0.184339 -7.48975e-19)
(0.174762 0.0927783 1.08567e-19)
(0.0411311 0.0214202 9.09491e-19)
(0.434936 0.2617 -2.60361e-20)
(0.99851 0.569832 -3.06391e-20)
(1.23532 0.724153 2.35542e-20)
(1.28376 0.754057 -1.38275e-22)
(1.25543 0.758077 -6.28469e-20)
(1.19675 0.73666 1.4089e-19)
(1.12705 0.710379 0)
(1.05538 0.681779 1.17784e-19)
(0.979504 0.647471 -9.28738e-20)
(0.89964 0.605233 7.89813e-19)
(0.823968 0.556155 -1.13804e-19)
(0.767717 0.508385 1.29071e-19)
(0.730804 0.470428 0)
(0.692931 0.434623 -3.97293e-19)
(0.66018 0.397726 4.80334e-19)
(0.600348 0.357874 0)
(0.489902 0.285061 -3.41344e-19)
(0.331558 0.19389 1.00326e-18)
(0.16507 0.0950182 1.1822e-19)
(0.0372655 0.0213275 -1.11914e-18)
(0.432781 0.278531 -7.05763e-20)
(0.988625 0.604493 9.09746e-20)
(1.22214 0.767308 0)
(1.26971 0.798858 -9.63185e-21)
(1.2407 0.802069 0)
(1.18183 0.778829 -1.75967e-19)
(1.11197 0.751077 0)
(1.03977 0.720719 0)
(0.962732 0.684778 -1.21055e-19)
(0.881188 0.641013 -7.50262e-19)
(0.80655 0.589434 -9.2117e-19)
(0.750004 0.539308 1.50216e-19)
(0.703745 0.494547 5.40726e-19)
(0.677657 0.457505 4.36742e-19)
(0.639286 0.422906 -1.54107e-18)
(0.575942 0.36775 -6.19309e-19)
(0.466965 0.297397 3.62387e-19)
(0.315396 0.198521 0)
(0.154564 0.0954235 1.01678e-18)
(0.0331031 0.0203305 -1.2055e-18)
(0.431334 0.294171 8.79989e-20)
(0.978733 0.63671 -1.0881e-19)
(1.20867 0.807271 0)
(1.25531 0.840846 -1.08534e-20)
(1.22578 0.843765 1.01039e-20)
(1.16685 0.818897 0)
(1.09684 0.78952 6.08309e-20)
(1.02394 0.757451 8.03532e-20)
(0.94532 0.719453 -2.29223e-19)
(0.861248 0.67268 9.99995e-20)
(0.780761 0.617235 0)
(0.718051 0.56298 6.22424e-19)
(0.67991 0.517409 4.71318e-21)
(0.641983 0.475837 2.35537e-19)
(0.610357 0.431692 2.79652e-19)
(0.554773 0.38646 0)
(0.450332 0.30445 -5.93824e-19)
(0.298571 0.202024 1.16588e-18)
(0.143414 0.094185 -1.2334e-18)
(0.0289742 0.0189603 2.59609e-18)
(0.430246 0.309135 0)
(0.969985 0.668072 0)
(1.19582 0.845241 -5.05355e-20)
(1.24117 0.880289 0)
(1.21106 0.882568 0)
(1.15205 0.856312 -1.52651e-19)
(1.08198 0.82586 6.24027e-20)
(1.00857 0.792455 1.75236e-20)
(0.928841 0.753347 -5.28877e-20)
(0.842949 0.706031 0)
(0.762338 0.649994 -1.39547e-19)
(0.700903 0.592142 -5.0748e-19)
(0.651272 0.540217 -6.09853e-19)
(0.624613 0.49424 -2.44762e-19)
(0.588561 0.453091 3.03243e-19)
(0.529725 0.38882 -7.15204e-19)
(0.425634 0.310558 1.27783e-18)
(0.280468 0.200673 3.23612e-21)
(0.132279 0.0915966 -1.18412e-18)
(0.025358 0.0173556 -1.75153e-19)
(0.429215 0.323797 0)
(0.961249 0.697313 -9.09039e-20)
(1.18306 0.880278 6.44894e-20)
(1.22714 0.917096 0)
(1.19655 0.919236 0)
(1.13753 0.891804 3.09429e-19)
(1.06734 0.860099 0)
(0.99329 0.825422 0)
(0.912324 0.784856 -5.02383e-19)
(0.824644 0.735227 1.36625e-19)
(0.73896 0.675009 -1.23967e-18)
(0.669317 0.61499 0)
(0.626694 0.56159 -6.60355e-19)
(0.586816 0.51061 1.07878e-20)
(0.556931 0.454518 -9.73353e-19)
(0.506311 0.401336 3.85002e-19)
(0.409189 0.308886 2.05748e-21)
(0.265694 0.198364 -1.34674e-18)
(0.123221 0.0880271 6.38772e-19)
(0.0219374 0.015652 1.87419e-19)
(0.428349 0.338086 0)
(0.953689 0.725913 -1.33267e-19)
(1.17104 0.913772 6.81545e-20)
(1.21361 0.951741 6.9263e-20)
(1.18248 0.953317 -2.23024e-20)
(1.12339 0.924848 3.23411e-20)
(1.05324 0.892399 -4.03652e-20)
(0.978966 0.856748 4.93056e-19)
(0.897224 0.815503 5.37408e-19)
(0.807287 0.765917 1.04486e-18)
(0.719437 0.706375 1.03016e-18)
(0.65093 0.644219 1.8034e-19)
(0.596116 0.582885 9.49996e-19)
(0.566817 0.525496 5.85391e-19)
(0.532364 0.472402 6.98788e-19)
(0.47971 0.393403 -4.21845e-19)
(0.384165 0.305263 -4.92412e-19)
(0.250979 0.187116 5.76723e-19)
(0.116991 0.0856507 -3.42241e-19)
(0.0234192 0.0200363 6.06629e-19)
(0.427503 0.351957 1.91894e-19)
(0.946098 0.752343 2.07887e-19)
(1.15915 0.944603 4.07517e-20)
(1.20035 0.983968 1.62327e-20)
(1.1688 0.985448 3.88234e-20)
(1.1098 0.956146 -8.64405e-20)
(1.03971 0.922799 3.94393e-20)
(0.964974 0.886263 -2.0611e-20)
(0.881894 0.843916 -6.25131e-19)
(0.790037 0.792527 -1.13309e-18)
(0.699258 0.730153 7.1689e-20)
(0.622223 0.665512 0)
(0.571358 0.604684 0)
(0.525182 0.54225 -3.05043e-19)
(0.494494 0.467112 -1.14173e-18)
(0.450953 0.396922 9.08638e-19)
(0.371734 0.283594 5.39427e-19)
(0.256163 0.16934 0)
(0.128881 0.0613675 1.0913e-18)
(0.0170012 -0.00481969 -6.48827e-19)
(0.4268 0.36519 -1.01585e-19)
(0.939411 0.77803 9.03552e-20)
(1.14797 0.974144 -1.00631e-19)
(1.18769 1.01434 -7.35551e-20)
(1.15571 1.01526 -2.14409e-21)
(1.09672 0.985176 -2.70869e-20)
(1.02679 0.951371 0)
(0.951869 0.914177 -6.19742e-19)
(0.868085 0.871399 7.70114e-20)
(0.774571 0.820567 0)
(0.681128 0.76043 0)
(0.602933 0.695263 1.14253e-19)
(0.538106 0.626695 1.52975e-19)
(0.501459 0.555742 -3.28963e-19)
(0.463379 0.484842 8.19726e-19)
(0.414419 0.375591 -9.89767e-19)
(0.337409 0.263395 -1.1537e-18)
(0.254881 0.146384 1.02081e-18)
(0.178239 0.0974754 -3.89369e-19)
(0.113459 0.0815137 2.26789e-19)
(0.425933 0.377673 1.30462e-19)
(0.932552 0.801556 0)
(1.13692 1.00119 0)
(1.17537 1.04247 -1.85946e-20)
(1.14308 1.04331 1.50534e-20)
(1.08428 1.01262 -2.09247e-20)
(1.01449 0.978196 1.71073e-19)
(0.939227 0.940441 6.37831e-19)
(0.854482 0.897036 1.13495e-18)
(0.75965 0.845147 -8.47776e-20)
(0.66323 0.782655 1.74436e-19)
(0.577173 0.715797 -1.02224e-18)
(0.515709 0.650206 -1.01406e-18)
(0.45511 0.576998 -1.76228e-19)
(0.411607 0.476021 0)
(0.370115 0.38064 -8.95186e-21)
(0.308412 0.199443 6.33565e-19)
(0.272341 0.0454049 -1.06971e-18)
(0.233108 -0.0778462 8.13701e-19)
(0.0821928 -0.096493 6.7628e-19)
(0.425103 0.389658 -2.89355e-19)
(0.926338 0.824397 -1.31645e-19)
(1.12649 1.02726 6.90171e-21)
(1.16359 1.06921 4.7853e-20)
(1.13094 1.06958 0)
(1.07214 1.03835 -1.08008e-19)
(1.00253 1.00376 -2.43172e-19)
(0.927211 0.96576 3.18172e-22)
(0.842081 0.922371 -5.95201e-19)
(0.745372 0.871275 -8.31532e-20)
(0.64534 0.811571 7.72342e-20)
(0.558845 0.747676 8.97691e-19)
(0.478732 0.676161 9.89901e-19)
(0.427548 0.593025 1.71238e-19)
(0.374229 0.505267 8.75415e-19)
(0.299028 0.352645 0)
(0.183238 0.186116 0)
(0.0120341 0.220154 7.38865e-19)
(-0.0765925 0.629248 -3.10894e-20)
(0.00546358 1.53099 -9.03642e-19)
(0.424033 0.401033 1.604e-19)
(0.920001 0.845449 3.63963e-19)
(1.11614 1.05127 -4.89053e-19)
(1.15203 1.09426 2.3436e-19)
(1.11904 1.09478 -8.36151e-22)
(1.06041 1.06332 -6.70748e-20)
(0.990924 1.02856 0)
(0.915362 0.990533 -5.33601e-19)
(0.829283 0.947222 0)
(0.731309 0.89603 1.17758e-18)
(0.629412 0.835546 -9.31059e-20)
(0.533559 0.770677 1.04397e-19)
(0.459484 0.705637 1.12899e-18)
(0.37403 0.630868 -3.70464e-19)
(0.282582 0.506814 -4.46107e-19)
(0.202778 0.410537 0)
(0.093567 0.523467 0)
(0.0278817 1.31288 0)
(0.0734873 2.45551 -4.20095e-19)
(0.101739 2.90703 -2.57831e-19)
(0.422896 0.411819 0)
(0.914208 0.865802 0)
(1.10642 1.07454 1.7929e-19)
(1.14104 1.11823 -1.88988e-19)
(1.10769 1.11849 7.19803e-20)
(1.04902 1.08684 7.08339e-20)
(0.979698 1.05233 3.09475e-20)
(0.904101 1.01462 -2.40952e-20)
(0.817731 0.971936 8.3372e-20)
(0.717981 0.92221 -1.35147e-18)
(0.611692 0.865065 1.69377e-19)
(0.516289 0.805917 8.93563e-19)
(0.419123 0.740718 -1.12539e-18)
(0.345344 0.651102 -1.22884e-18)
(0.269291 0.569778 4.14144e-19)
(0.196038 0.698521 0)
(0.127283 1.54115 5.77486e-19)
(0.127223 2.68803 6.39262e-19)
(0.135233 3.08612 -7.15025e-19)
(0.126469 3.22132 7.71974e-19)
(0.421512 0.422181 0)
(0.908328 0.884434 3.28126e-19)
(1.09678 1.0958 -4.4711e-20)
(1.13032 1.14053 2.74077e-19)
(1.09662 1.14116 -7.5555e-20)
(1.03814 1.10962 0)
(0.968943 1.07529 0)
(0.893157 1.03794 0)
(0.805933 0.995936 4.75889e-19)
(0.70535 0.947177 6.29403e-20)
(0.598448 0.890987 0)
(0.493295 0.832545 -8.89374e-19)
(0.409799 0.774269 0)
(0.295672 0.702978 8.80063e-19)
(0.208447 0.77327 -5.91235e-19)
(0.159591 1.45843 -4.76322e-19)
(0.161601 2.67635 -1.12248e-18)
(0.182781 3.12661 -5.93334e-19)
(0.173498 3.26827 -8.12984e-19)
(0.159148 3.30869 6.27791e-19)
(0.420158 0.431716 -1.15509e-19)
(0.902926 0.902381 1.53586e-20)
(1.08778 1.1165 -5.02066e-20)
(1.12021 1.16198 -2.10022e-19)
(1.08616 1.16254 0)
(1.02763 1.13106 0)
(0.958566 1.09728 0)
(0.882764 1.06064 3.7056e-20)
(0.795448 1.01976 -6.00978e-19)
(0.693369 0.973089 0)
(0.581922 0.920364 0)
(0.480559 0.868947 0)
(0.366191 0.812417 0)
(0.30643 0.793833 6.41912e-19)
(0.274656 1.17354 1.57816e-18)
(0.254979 2.37311 4.68826e-19)
(0.267091 3.08299 9.50012e-19)
(0.261374 3.28509 -7.30031e-19)
(0.212101 3.35127 2.71152e-19)
(0.179168 3.36388 0)
(0.418601 0.440944 1.19303e-19)
(0.897263 0.919199 -7.33478e-19)
(1.0786 1.13582 -1.95062e-19)
(1.11011 1.18239 -4.20659e-20)
(1.07573 1.18353 1.70992e-20)
(1.01742 1.15239 -2.99326e-20)
(0.948498 1.11901 -6.90995e-21)
(0.872604 1.08298 -4.27245e-19)
(0.784687 1.04323 0)
(0.6824 0.998332 -7.86462e-20)
(0.57241 0.948381 7.15437e-20)
(0.461414 0.89838 0)
(0.377025 0.856909 0)
(0.320325 0.977847 -8.02622e-19)
(0.278752 1.85286 9.94699e-20)
(0.274558 2.94076 -3.52926e-19)
(0.295722 3.28963 7.38007e-19)
(0.268622 3.38872 5.40305e-19)
(0.202329 3.41335 -7.40767e-19)
(0.177277 3.42261 3.68384e-19)
(0.416776 0.450322 2.36037e-19)
(0.891465 0.936855 7.17972e-19)
(1.06929 1.15643 2.33252e-19)
(1.09983 1.20373 0)
(1.06518 1.20478 0)
(1.00688 1.1737 2.42734e-20)
(0.938177 1.14093 9.78557e-20)
(0.86247 1.10576 3.81695e-19)
(0.77481 1.06732 2.41976e-20)
(0.671478 1.0248 1.01521e-18)
(0.557115 0.978027 -1.18265e-18)
(0.447453 0.932176 0)
(0.368385 0.930929 0)
(0.337961 1.34186 -5.47844e-19)
(0.340225 2.47944 -6.58343e-19)
(0.382584 3.1988 0)
(0.407284 3.37277 -7.51662e-19)
(0.33744 3.43591 4.52331e-20)
(0.266883 3.48036 3.66441e-19)
(0.243925 3.50576 -1.24331e-19)
(0.414474 0.460127 -4.50187e-19)
(0.884716 0.954883 -3.4548e-19)
(1.05879 1.17711 0)
(1.0885 1.22543 0)
(1.05365 1.22708 0)
(0.995764 1.19625 0)
(0.927422 1.16375 -1.12427e-19)
(0.851903 1.12904 3.4391e-19)
(0.764041 1.0917 0)
(0.661433 1.05128 -9.24879e-19)
(0.551351 1.00868 2.12307e-18)
(0.4438 0.974153 8.62213e-20)
(0.389927 1.05934 1.134e-19)
(0.389972 1.74597 8.94683e-19)
(0.405985 2.89674 -4.81966e-19)
(0.443424 3.32277 0)
(0.426286 3.44764 2.10956e-19)
(0.340228 3.53563 9.30766e-20)
(0.262917 3.60016 1.47923e-19)
(0.187615 3.57971 -4.77261e-21)
(0.411727 0.470294 2.14756e-19)
(0.877424 0.974374 -3.55842e-19)
(1.04778 1.19995 0)
(1.07663 1.24878 -6.07969e-20)
(1.04162 1.25005 2.04714e-19)
(0.983891 1.219 0)
(0.916035 1.18693 0)
(0.841093 1.15298 -6.00423e-19)
(0.754034 1.11683 -6.02418e-20)
(0.651249 1.07872 9.11046e-19)
(0.534402 1.03852 -1.00936e-18)
(0.444044 1.01935 5.84939e-19)
(0.405502 1.23196 0)
(0.428476 2.18073 -4.74793e-19)
(0.471066 3.14556 3.10616e-19)
(0.533293 3.42739 1.9627e-19)
(0.526003 3.5246 0)
(0.462209 3.60782 -3.59916e-20)
(0.39085 3.64981 -4.11848e-19)
(0.309508 3.62094 -9.53629e-20)
(0.408268 0.480808 -4.30959e-19)
(0.868937 0.994354 5.10321e-19)
(1.0353 1.22266 3.48825e-19)
(1.06346 1.27228 -8.59531e-20)
(1.02837 1.27409 -3.13561e-19)
(0.971329 1.24314 0)
(0.904163 1.2111 -1.15309e-20)
(0.829757 1.17733 2.19937e-19)
(0.743024 1.14207 3.39376e-20)
(0.641818 1.10585 -7.87067e-19)
(0.530141 1.07177 -5.40742e-20)
(0.453269 1.08381 -6.60395e-19)
(0.448128 1.46973 7.16821e-19)
(0.5001 2.54588 1.56941e-19)
(0.564966 3.30761 -2.7672e-19)
(0.618003 3.47973 1.44435e-19)
(0.578504 3.53298 0)
(0.519444 3.5376 0)
(0.42408 3.5033 -6.86602e-19)
(0.192839 3.29508 1.26649e-18)
(0.404212 0.491201 2.07187e-19)
(0.859566 1.01577 5.05187e-19)
(1.02224 1.24794 -3.58715e-19)
(1.04975 1.29779 3.1288e-19)
(1.01466 1.29877 3.33162e-19)
(0.958032 1.26722 0)
(0.891712 1.23536 2.22766e-20)
(0.818404 1.20216 1.91573e-19)
(0.733127 1.16782 0)
(0.632744 1.13354 0)
(0.522767 1.10512 0)
(0.458388 1.15834 0)
(0.486021 1.69465 -8.08926e-19)
(0.559182 2.8492 -2.08471e-19)
(0.634658 3.39943 0)
(0.678186 3.495 -2.50855e-20)
(0.676171 3.50043 0)
(0.752962 3.34255 1.44468e-19)
(0.848689 2.97507 -1.81015e-18)
(0.450963 2.59817 1.89445e-18)
(0.398988 0.501563 -4.24121e-19)
(0.848729 1.0378 -3.24687e-19)
(1.00732 1.27282 -2.39744e-19)
(1.03438 1.32319 -2.92628e-19)
(0.999421 1.32461 -1.63572e-19)
(0.943881 1.29298 0)
(0.878694 1.26088 9.66485e-21)
(0.806339 1.22752 -4.66246e-20)
(0.721967 1.19375 -2.53646e-19)
(0.623934 1.16095 0)
(0.522511 1.14167 5.29186e-20)
(0.480762 1.25572 -6.01872e-20)
(0.539114 1.95513 0)
(0.634866 3.07847 2.72501e-19)
(0.724697 3.44187 0)
(0.757152 3.47864 -1.02918e-19)
(0.762007 3.39117 2.83599e-19)
(0.754523 3.01208 -1.42585e-19)
(0.509919 2.00396 2.81505e-19)
(-0.34588 0.504654 -6.87977e-19)
(0.392619 0.511967 -1.33865e-20)
(0.836317 1.06099 -1.6713e-19)
(0.991474 1.30091 3.29972e-19)
(1.0182 1.35148 -1.94096e-20)
(0.983439 1.35167 -5.37827e-20)
(0.928608 1.31915 0)
(0.864655 1.28711 4.54312e-20)
(0.793988 1.25434 -1.07568e-19)
(0.71185 1.22149 4.56454e-19)
(0.612589 1.19024 -5.41093e-19)
(0.522901 1.1818 -6.32532e-19)
(0.50073 1.36795 0)
(0.590834 2.24051 4.14435e-19)
(0.698923 3.21402 -5.67782e-20)
(0.773374 3.42273 2.93233e-20)
(0.781628 3.41819 0)
(0.710519 3.18575 -1.49396e-19)
(0.541581 2.41153 1.60626e-19)
(0.107379 0.651214 -1.90675e-19)
(-0.252396 -0.404436 -1.76657e-19)
(0.38444 0.521878 3.98842e-19)
(0.822175 1.08494 -1.64318e-19)
(0.973163 1.32824 2.34976e-19)
(0.999853 1.37934 1.80808e-19)
(0.965445 1.38017 1.08922e-19)
(0.912188 1.34769 1.9787e-19)
(0.84989 1.31537 -1.08759e-19)
(0.780636 1.28234 4.48072e-20)
(0.699922 1.25004 -3.44079e-19)
(0.603798 1.22138 3.11056e-20)
(0.528491 1.22795 9.85178e-20)
(0.535577 1.51475 -4.14337e-19)
(0.649207 2.51599 1.13659e-19)
(0.761796 3.29294 -2.19541e-19)
(0.823899 3.39891 3.49583e-20)
(0.801864 3.31933 8.19782e-20)
(0.677092 2.87876 -2.15633e-19)
(0.416728 1.65954 1.40154e-19)
(0.0626141 0.0554622 0)
(-0.0796838 -0.165589 -3.03248e-19)
(0.374732 0.531076 0)
(0.805516 1.1088 -6.24155e-19)
(0.95362 1.35901 2.38052e-20)
(0.980574 1.4107 -2.95101e-19)
(0.946617 1.40995 0)
(0.894511 1.37632 -1.47363e-19)
(0.833941 1.34401 1.17625e-19)
(0.767097 1.3117 -4.19162e-20)
(0.689718 1.28046 2.53086e-19)
(0.596409 1.25493 3.91733e-19)
(0.532116 1.28074 4.91658e-19)
(0.565977 1.66674 4.74254e-20)
(0.703095 2.74824 -3.05744e-19)
(0.812958 3.31956 1.28869e-20)
(0.849715 3.35398 5.62471e-21)
(0.775836 3.14912 8.09415e-20)
(0.536955 2.34547 9.19214e-20)
(0.119656 0.458002 -1.08944e-19)
(-0.135688 -0.245751 0)
(-0.115032 -0.20788 0)
(0.36285 0.538921 -3.86582e-19)
(0.786724 1.1333 6.21337e-19)
(0.931087 1.38815 0)
(0.958606 1.44061 0)
(0.925308 1.44077 0)
(0.875502 1.40738 0)
(0.817273 1.37481 -6.62675e-20)
(0.752514 1.34202 -1.57983e-20)
(0.67739 1.31131 -3.20941e-20)
(0.591172 1.28909 4.12326e-20)
(0.540905 1.34262 -4.16276e-19)
(0.607163 1.84592 2.97759e-19)
(0.760341 2.94473 0)
(0.855102 3.32601 3.66533e-20)
(0.873692 3.29646 6.16597e-20)
(0.734775 2.88207 -2.34774e-20)
(0.405495 1.71263 1.08102e-19)
(0.0144733 -0.030813 6.0769e-20)
(-0.160215 -0.204179 -2.54198e-19)
(-0.0589724 -0.138276 -2.97649e-19)
(0.347975 0.544618 1.96485e-19)
(0.763636 1.15492 2.90519e-19)
(0.907155 1.42058 -9.2355e-21)
(0.935516 1.47465 1.58064e-19)
(0.902927 1.4728 0)
(0.855006 1.43799 2.87308e-19)
(0.79908 1.40524 -5.63259e-20)
(0.737538 1.37325 1.5163e-20)
(0.665498 1.3433 -3.53785e-20)
(0.586059 1.32625 3.05223e-20)
(0.551377 1.41147 2.80194e-19)
(0.646822 2.04292 -1.41655e-19)
(0.80841 3.0637 -1.1832e-19)
(0.890201 3.3105 1.2316e-21)
(0.874929 3.19192 -3.21714e-20)
(0.646332 2.54112 1.49465e-19)
(0.20065 0.785693 -8.45051e-20)
(-0.080448 -0.276494 1.24536e-19)
(-0.134318 -0.226862 -3.77983e-19)
(-0.060637 -0.130632 2.63823e-19)
(0.329929 0.547743 -1.83791e-19)
(0.73799 1.17656 0)
(0.879826 1.44998 -2.12884e-19)
(0.908983 1.50565 -3.05375e-19)
(0.877512 1.50508 0)
(0.832989 1.4708 -2.25171e-19)
(0.780121 1.43787 0)
(0.721487 1.40495 -9.95843e-20)
(0.651182 1.37559 -3.35394e-20)
(0.583327 1.36379 9.44741e-20)
(0.565809 1.49144 -1.45878e-19)
(0.692095 2.24481 7.7869e-20)
(0.852707 3.13988 1.8886e-19)
(0.919608 3.28977 1.10955e-20)
(0.859238 3.05609 -3.28945e-20)
(0.543914 2.11298 -5.0347e-20)
(0.084173 0.142634 1.27422e-19)
(-0.176453 -0.279028 -1.43425e-19)
(-0.105171 -0.212869 5.52855e-22)
(-0.0420088 -0.0742817 -2.75871e-20)
(0.308271 0.54667 3.66559e-19)
(0.707941 1.19344 -2.79677e-19)
(0.850649 1.48147 2.28045e-19)
(0.880826 1.54133 1.47325e-19)
(0.850751 1.53843 2.77495e-20)
(0.809207 1.50242 1.44489e-19)
(0.759145 1.46895 0)
(0.704697 1.4368 -3.71798e-20)
(0.638329 1.40848 0)
(0.579131 1.40422 -8.8359e-20)
(0.580886 1.57397 1.43698e-19)
(0.734076 2.41484 -6.2746e-21)
(0.892275 3.18273 -7.2282e-20)
(0.94245 3.24972 4.01437e-20)
(0.827704 2.86743 -1.24157e-20)
(0.407407 1.586 6.21316e-20)
(-0.049959 -0.12048 -1.93349e-19)
(-0.226631 -0.266116 -1.11657e-19)
(-0.124812 -0.24285 -4.51162e-20)
(-0.0594741 -0.0735008 2.08581e-19)
(0.283501 0.54075 4.29255e-21)
(0.675281 1.20952 1.44078e-19)
(0.816942 1.50754 0)
(0.848264 1.5713 2.77057e-19)
(0.820672 1.5708 -3.9256e-19)
(0.783663 1.53561 1.46593e-19)
(0.737301 1.50221 -9.66974e-20)
(0.686894 1.46847 8.25611e-20)
(0.623772 1.44138 -7.05189e-20)
(0.575705 1.44425 -4.77323e-21)
(0.598356 1.66242 4.43272e-20)
(0.777337 2.5757 6.52909e-20)
(0.922186 3.19373 3.71087e-20)
(0.950261 3.20025 -5.96748e-20)
(0.768908 2.64462 -6.45027e-20)
(0.294987 1.09353 1.25165e-19)
(-0.0748497 -0.238643 -1.24369e-19)
(-0.239936 -0.301486 8.09196e-20)
(-0.132459 -0.283489 9.68616e-22)
(-0.073872 -0.0981006 -1.88115e-19)
(0.254609 0.526239 6.83738e-19)
(0.636291 1.21517 -1.43959e-19)
(0.780616 1.53419 -3.89957e-19)
(0.813852 1.60579 3.16573e-19)
(0.789289 1.6039 -1.71054e-19)
(0.75584 1.56668 2.83394e-19)
(0.712795 1.53228 1.48682e-19)
(0.667944 1.49931 0)
(0.610949 1.47332 8.0775e-20)
(0.570643 1.48574 -1.14938e-20)
(0.613714 1.74458 -1.80146e-20)
(0.815943 2.68545 -2.03505e-20)
(0.948486 3.19679 2.174e-20)
(0.958203 3.14035 1.00175e-20)
(0.716396 2.44026 -1.04786e-19)
(0.182197 0.543549 -4.73943e-20)
(-0.0729024 -0.273734 1.37789e-19)
(-0.168365 -0.333455 5.83055e-20)
(-0.126799 -0.298837 1.85208e-20)
(-0.065137 -0.117989 1.63475e-19)
(0.222149 0.502481 0)
(0.593933 1.21787 1.34032e-19)
(0.738397 1.55218 -1.76785e-19)
(0.774604 1.63099 3.07451e-19)
(0.75465 1.63407 -3.75769e-19)
(0.725716 1.59819 1.56467e-19)
(0.687382 1.56429 0)
(0.647389 1.52901 0)
(0.597683 1.50321 0)
(0.563761 1.5247 1.53981e-20)
(0.630278 1.82025 -1.44324e-20)
(0.847772 2.78206 1.57394e-20)
(0.964748 3.19577 5.14662e-20)
(0.953814 3.07187 5.10061e-20)
(0.653899 2.22615 -8.66082e-20)
(0.148032 0.284643 7.97289e-20)
(-0.0827374 -0.255689 6.60135e-22)
(-0.120575 -0.337958 -1.29897e-19)
(-0.0953528 -0.271747 1.5165e-20)
(-0.0348138 -0.104374 0)
(0.185305 0.463775 6.28225e-19)
(0.543162 1.20068 -1.25335e-19)
(0.693432 1.568 4.62736e-21)
(0.733908 1.6609 0)
(0.718055 1.66355 -1.80398e-19)
(0.692821 1.62668 1.8223e-20)
(0.658649 1.59109 0)
(0.625641 1.55662 4.45579e-20)
(0.583216 1.53111 -3.51597e-20)
(0.557607 1.56087 0)
(0.639297 1.87933 0)
(0.874831 2.83223 -3.01134e-20)
(0.978024 3.19755 -7.80712e-20)
(0.944372 3.01202 -1.3011e-20)
(0.616356 2.05448 -1.73055e-20)
(0.0621642 0.0966377 2.90062e-20)
(-0.125613 -0.241168 0)
(-0.11859 -0.339697 -7.17299e-20)
(-0.0868763 -0.25251 -1.16861e-19)
(0.00259734 -0.0459469 2.6917e-19)
(0.145227 0.409466 5.1879e-19)
(0.489107 1.1767 -1.20219e-19)
(0.641224 1.56913 1.68738e-19)
(0.687567 1.67667 -4.19374e-19)
(0.677691 1.68733 0)
(0.657712 1.65415 0)
(0.629167 1.61927 0)
(0.601643 1.58228 4.70807e-20)
(0.568148 1.55445 -3.71424e-20)
(0.547004 1.58935 0)
(0.650372 1.92427 0)
(0.892708 2.87458 1.06983e-19)
(0.983314 3.20773 -5.00972e-20)
(0.906981 2.98622 6.825e-20)
(0.517497 1.86067 7.93358e-20)
(-0.0906483 0.152301 0)
(-0.310214 -0.155759 -3.33129e-20)
(-0.294538 -0.301066 -2.02909e-20)
(-0.165055 -0.239259 2.18723e-19)
(-0.00580109 0.0342268 -2.58748e-19)
(0.102783 0.333514 -4.8227e-19)
(0.424224 1.11669 1.27161e-19)
(0.586508 1.56303 3.57315e-19)
(0.640013 1.6961 2.39937e-19)
(0.633878 1.70851 -1.94306e-19)
(0.619726 1.67734 -1.26341e-19)
(0.59542 1.64002 8.47634e-20)
(0.575964 1.60394 0)
(0.550968 1.57498 0)
(0.535912 1.60873 0)
(0.647453 1.93765 -6.22808e-20)
(0.919418 2.87337 -1.12758e-19)
(1.00445 3.22436 5.63028e-20)
(0.890594 3.01558 -1.9867e-20)
(0.475226 1.88239 8.3889e-20)
(-0.155745 0.492091 0)
(-0.420157 -0.222679 1.33676e-19)
(-0.489771 -0.689707 -4.44595e-19)
(-0.434854 -0.790298 1.0245e-18)
(-0.137882 -0.367978 -5.64445e-19)
(0.0562746 0.236337 5.10346e-19)
(0.355426 1.04382 -4.19281e-19)
(0.521067 1.52948 0)
(0.58505 1.69384 1.19377e-19)
(0.58775 1.72179 8.53458e-20)
(0.579488 1.69748 1.7776e-19)
(0.561129 1.66124 -7.92342e-20)
(0.546815 1.6219 0)
(0.531821 1.58905 0)
(0.520136 1.6192 -1.23682e-19)
(0.642216 1.92523 -2.9375e-21)
(0.926475 2.84884 7.43131e-20)
(1.05681 3.22195 3.71924e-20)
(0.997868 3.09829 3.09089e-19)
(0.617744 2.01328 -6.85107e-19)
(0.104996 0.539878 1.05459e-18)
(-0.319583 -0.317536 -7.50028e-19)
(-0.526656 -0.961173 0)
(-0.510896 -1.32824 -4.11068e-20)
(-0.313556 -1.03312 1.51224e-18)
(0.0180083 0.147544 5.22654e-19)
(0.269363 0.909309 0)
(0.454584 1.48021 0)
(0.528877 1.69115 0)
(0.537166 1.72938 7.03578e-20)
(0.535368 1.71127 -1.76622e-19)
(0.521053 1.67309 -7.61323e-20)
(0.514181 1.63468 0)
(0.507989 1.59724 0)
(0.504217 1.61828 7.77589e-20)
(0.621379 1.88247 2.57515e-20)
(0.956425 2.765 -3.47087e-20)
(1.17509 3.17893 4.0965e-20)
(1.24688 3.05942 1.40559e-19)
(1.15295 2.46605 -3.54998e-19)
(0.770365 1.32453 3.8842e-19)
(0.274454 0.332838 -4.56703e-19)
(-0.0232689 -0.642316 0)
(-0.365412 -1.53268 3.93274e-20)
(-0.300364 -1.4514 6.67362e-19)
(-0.00167598 0.0803485 -4.8736e-19)
(0.182109 0.753575 1.67921e-19)
(0.373659 1.37428 2.57663e-19)
(0.465685 1.65361 -1.64671e-20)
(0.486515 1.72691 -1.54512e-19)
(0.48948 1.72028 -9.60028e-20)
(0.480549 1.68522 2.13151e-19)
(0.476329 1.642 -6.46071e-21)
(0.478079 1.59713 0)
(0.481017 1.60349 2.07951e-20)
(0.58188 1.79902 -5.48177e-21)
(0.909635 2.58809 2.23051e-20)
(1.20053 3.03728 0)
(1.25734 2.94021 -4.54895e-20)
(1.19273 2.55892 0)
(1.01294 1.74663 -5.53154e-20)
(0.627394 0.772264 3.49445e-20)
(0.314785 -0.191064 0)
(0.0733249 -0.80759 0)
(-0.127067 -1.18614 -1.93401e-19)
(-0.0027968 0.0200592 3.89351e-19)
(0.0899315 0.462836 -1.45911e-19)
(0.307552 1.23888 1.14922e-19)
(0.402649 1.60132 -1.80174e-19)
(0.429209 1.71115 7.02444e-20)
(0.43711 1.71661 -2.30873e-20)
(0.432556 1.68962 1.35986e-20)
(0.43006 1.64509 -2.90306e-20)
(0.438364 1.58954 -1.75286e-20)
(0.449701 1.57632 -9.50445e-21)
(0.511085 1.68977 6.27573e-21)
(0.749272 2.33541 0)
(1.06618 2.85158 1.79722e-20)
(1.12588 2.81601 0)
(1.09568 2.58532 0)
(1.00143 2.09413 0)
(0.716816 1.311 5.43261e-19)
(0.429873 0.522826 -1.30844e-18)
(0.166814 -0.213072 9.39726e-21)
(0.0149655 -0.518543 9.42775e-19)
(0.00594497 -0.0370941 6.86564e-20)
(0.0257082 0.187014 6.44186e-20)
(0.208351 0.964729 -5.24858e-20)
(0.334161 1.49107 -3.91015e-20)
(0.37429 1.68408 3.16107e-20)
(0.384522 1.70984 2.15518e-20)
(0.382562 1.69281 1.4621e-20)
(0.376128 1.64415 0)
(0.379396 1.57831 -6.87937e-21)
(0.389741 1.5413 -2.98161e-21)
(0.410425 1.59292 2.4435e-21)
(0.508569 2.00878 0)
(0.806799 2.6951 1.61215e-20)
(0.825905 2.73177 -3.78148e-20)
(0.818992 2.63151 0)
(0.754673 2.36168 0)
(0.597238 1.84474 -3.56922e-20)
(0.390647 1.21793 0)
(0.196137 0.610241 -2.77322e-20)
(0.0474279 0.161475 0)
(0.00617404 -0.0755105 0)
(0.00427415 0.030096 0)
(0.100379 0.61558 0)
(0.246402 1.29914 0)
(0.303317 1.61236 -7.74327e-34)
(0.32055 1.69041 5.63118e-34)
(0.32213 1.6857 0)
(0.317818 1.64373 0)
(0.314318 1.57137 0)
(0.320378 1.51623 0)
(0.324572 1.54128 0)
(0.33919 1.83681 0)
(0.580864 2.53078 0)
(0.595447 2.72534 0)
(0.576282 2.7079 0)
(0.535272 2.58258 0)
(0.451945 2.27324 0)
(0.296975 1.74913 0)
(0.147216 1.24043 0)
(0.033332 0.708636 0)
(-0.0021695 -0.0814824 0)
(0.00701298 -0.0542811 0)
(0.0369629 0.274715 0)
(0.177978 1.09502 0)
(0.23426 1.5304 0)
(0.254557 1.6648 0)
(0.258656 1.67364 0)
(0.256912 1.64309 0)
(0.250987 1.56729 0)
(0.255335 1.50377 0)
(0.262127 1.52236 0)
(0.230343 1.76875 0)
(0.420467 2.44453 0)
(0.442742 2.74383 0)
(0.410885 2.77996 0)
(0.376099 2.72451 0)
(0.320932 2.51899 0)
(0.209969 2.09293 0)
(0.0955626 1.60897 0)
(0.0172137 0.997941 0)
(-0.000709186 -0.101698 0)
(0.0267218 -0.113958 0)
(0.0242284 0.111745 0)
(0.109481 0.885531 0)
(0.166269 1.43504 0)
(0.185496 1.63382 0)
(0.192314 1.66107 0)
(0.195096 1.63898 0)
(0.191733 1.56641 0)
(0.194454 1.50573 0)
(0.210654 1.5217 0)
(0.152333 1.73409 0)
(0.292832 2.38461 0)
(0.321138 2.76169 0)
(0.281887 2.84833 0)
(0.251594 2.83299 0)
(0.210969 2.69404 0)
(0.136937 2.34179 0)
(0.0551553 1.88342 0)
(0.00582885 1.18803 0)
(0.00353822 -0.161857 0)
(0.0313832 -0.182726 0)
(0.0201661 0.0745648 0)
(0.0452936 0.794566 0)
(0.0903737 1.37603 0)
(0.11066 1.60484 0)
(0.12352 1.64799 0)
(0.133747 1.63228 0)
(0.135999 1.567 0)
(0.13833 1.5128 0)
(0.164575 1.5287 0)
(0.0979322 1.71523 0)
(0.194575 2.34805 0)
(0.222656 2.77885 0)
(0.188974 2.90488 0)
(0.160573 2.91358 0)
(0.133835 2.8194 0)
(0.0812196 2.51972 0)
(0.0243951 2.07295 0)
(-0.00609791 1.27982 0)
(0.00529182 -0.21569 0)
(0.0203469 -0.219657 0)
(0.00340132 0.101915 0)
(-0.0135995 0.764703 0)
(0.0139884 1.33727 0)
(0.0335381 1.57863 0)
(0.0566541 1.62982 0)
(0.0760233 1.62148 0)
(0.0870732 1.56434 0)
(0.0906329 1.51567 0)
(0.123112 1.53462 0)
(0.061162 1.70095 0)
(0.125024 2.32351 0)
(0.14535 2.79555 0)
(0.116504 2.94772 0)
(0.0920587 2.97238 0)
(0.072353 2.89983 0)
(0.0375997 2.62826 0)
(0.000595154 2.17433 0)
(-0.0110248 1.27457 0)
(0.00348847 -0.239619 0)
(-0.00215618 -0.19683 0)
(-0.032663 0.185863 0)
(-0.0635817 0.803153 0)
(-0.0525923 1.31641 0)
(-0.0334694 1.54664 0)
(-0.00288794 1.60538 0)
(0.0242311 1.60453 0)
(0.0475094 1.55336 0)
(0.0501968 1.51231 0)
(0.0860083 1.53988 0)
(0.0344579 1.69516 0)
(0.0785271 2.30248 0)
(0.089428 2.80401 0)
(0.0643362 2.97977 0)
(0.0446777 3.01905 0)
(0.0328103 2.95877 0)
(0.00837372 2.7045 0)
(-0.0134248 2.24378 0)
(-0.0162087 1.24281 0)
(-0.00298206 -0.214136 0)
(-0.0244442 -0.115608 0)
(-0.065061 0.286788 0)
(-0.0985305 0.85822 0)
(-0.0963589 1.29534 0)
(-0.078562 1.5011 0)
(-0.047072 1.56612 0)
(-0.017626 1.57699 0)
(0.0134965 1.53494 0)
(0.0162383 1.50367 0)
(0.0539828 1.54031 0)
(0.0148865 1.69222 0)
(0.0440232 2.29218 0)
(0.0476799 2.81275 0)
(0.0260054 3.0029 0)
(0.0111518 3.05148 0)
(0.00109049 2.99721 0)
(-0.015942 2.74215 0)
(-0.0298621 2.24794 0)
(-0.0177081 1.16833 0)
(-0.00722762 -0.149347 0)
(-0.0346959 -0.00714035 0)
(-0.0786465 0.386587 0)
(-0.111673 0.905401 0)
(-0.113342 1.27353 0)
(-0.0978525 1.45464 0)
(-0.0702862 1.52268 0)
(-0.0450364 1.54288 0)
(-0.0131358 1.51295 0)
(-0.00962633 1.48914 0)
(0.028496 1.53747 0)
(-0.00126355 1.69177 0)
(0.0195208 2.28319 0)
(0.0178749 2.81555 0)
(0.000977104 3.01794 0)
(-0.0124983 3.07362 0)
(-0.020334 3.01927 0)
(-0.0314789 2.76162 0)
(-0.0360752 2.23347 0)
(-0.0198125 1.06282 0)
(-0.00810729 -0.0696636 0)
(-0.0360906 0.11377 0)
(-0.0793534 0.488499 0)
(-0.110979 0.948654 0)
(-0.113644 1.25581 0)
(-0.100612 1.41468 0)
(-0.0777406 1.48332 0)
(-0.0588262 1.50927 0)
(-0.0287783 1.48913 0)
(-0.0262766 1.472 0)
(0.0102169 1.53219 0)
(-0.0135823 1.69429 0)
(-0.00117766 2.28495 0)
(-0.00527223 2.82287 0)
(-0.0171752 3.03207 0)
(-0.0275069 3.09004 0)
(-0.03437 3.03401 0)
(-0.0421155 2.76513 0)
(-0.0401591 2.19991 0)
(-0.0185774 0.951628 0)
(-0.00719283 0.00742176 0)
(-0.031876 0.224191 0)
(-0.069888 0.574811 0)
(-0.0978254 0.984276 0)
(-0.101647 1.24644 0)
(-0.0917096 1.38744 0)
(-0.0742928 1.45403 0)
(-0.0603088 1.48125 0)
(-0.0334046 1.46806 0)
(-0.0347558 1.45798 0)
(-0.00164168 1.52671 0)
(-0.0241831 1.69323 0)
(-0.0145405 2.28434 0)
(-0.0214619 2.83026 0)
(-0.0300441 3.04338 0)
(-0.0369584 3.10057 0)
(-0.041527 3.04154 0)
(-0.0454652 2.75953 0)
(-0.0397581 2.14417 0)
(-0.0141414 0.844919 0)
(-0.00521672 0.0728138 0)
(-0.0248993 0.322675 0)
(-0.0564727 0.654675 0)
(-0.0801031 1.02108 0)
(-0.0849284 1.2477 0)
(-0.0799817 1.37182 0)
(-0.0686266 1.4338 0)
(-0.0575509 1.46077 0)
(-0.0346329 1.45305 0)
(-0.0389706 1.44787 0)
(-0.0096505 1.52474 0)
(-0.0324285 1.69806 0)
(-0.0255054 2.28784 0)
(-0.0323638 2.83705 0)
(-0.0373992 3.05277 0)
(-0.0426144 3.11068 0)
(-0.0445293 3.0462 0)
(-0.0457119 2.74984 0)
(-0.0360245 2.08645 0)
(-0.00941608 0.755217 0)
(-0.00322811 0.119656 0)
(-0.0172003 0.397106 0)
(-0.0416246 0.715505 0)
(-0.0599397 1.04984 0)
(-0.0654886 1.25512 0)
(-0.0646113 1.36773 0)
(-0.0590452 1.42468 0)
(-0.0525641 1.44881 0)
(-0.0346366 1.44419 0)
(-0.0410375 1.44075 0)
(-0.0150898 1.52216 0)
(-0.0355819 1.70228 0)
(-0.0316175 2.29366 0)
(-0.0368038 2.84572 0)
(-0.0413348 3.0602 0)
(-0.0436538 3.11621 0)
(-0.0440975 3.04527 0)
(-0.0425442 2.72991 0)
(-0.0313689 2.02339 0)
(-0.00567383 0.681528 0)
(-0.00179435 0.151162 0)
(-0.0111704 0.454399 0)
(-0.0295678 0.76749 0)
(-0.0443268 1.07719 0)
(-0.0492704 1.26596 0)
(-0.0508029 1.36874 0)
(-0.0494089 1.4202 0)
(-0.0459059 1.44147 0)
(-0.0342422 1.43942 0)
(-0.0408513 1.43552 0)
(-0.0182968 1.51874 0)
(-0.0363581 1.70718 0)
(-0.0325662 2.29727 0)
(-0.0385491 2.85022 0)
(-0.042148 3.06508 0)
(-0.0436696 3.11841 0)
(-0.0445107 3.04221 0)
(-0.0410144 2.71283 0)
(-0.0271219 1.96155 0)
(-0.00274586 0.624085 0)
(-0.000897736 0.169877 0)
(-0.00683308 0.492314 0)
(-0.0202464 0.803106 0)
(-0.0312463 1.09618 0)
(-0.0367341 1.27503 0)
(-0.0388132 1.37194 0)
(-0.0393177 1.41969 0)
(-0.0390886 1.4381 0)
(-0.0314067 1.43606 0)
(-0.0382531 1.43224 0)
(-0.0196347 1.51722 0)
(-0.0344346 1.71189 0)
(-0.0331295 2.30494 0)
(-0.0391734 2.85682 0)
(-0.0432066 3.06924 0)
(-0.0447155 3.12046 0)
(-0.0448553 3.0347 0)
(-0.0406459 2.67653 0)
(-0.0237538 1.88681 0)
(-0.00118297 0.576251 0)
(-0.000511326 0.182097 0)
(-0.00447664 0.52169 0)
(-0.0148216 0.834309 0)
(-0.0239444 1.11596 0)
(-0.0295455 1.28508 0)
(-0.0316301 1.37536 0)
(-0.0330764 1.41897 0)
(-0.0325413 1.43576 0)
(-0.0269131 1.43414 0)
(-0.0337306 1.42994 0)
(-0.0194902 1.51701 0)
(-0.0326044 1.71451 0)
(-0.0308524 2.30961 0)
(-0.0386486 2.86132 0)
(-0.0429626 3.07275 0)
(-0.0448288 3.1204 0)
(-0.0426692 3.02868 0)
(-0.0373557 2.65556 0)
(-0.0202178 1.82904 0)
(0.000350509 0.540689 0)
(-0.000320188 0.189274 0)
(-0.00293287 0.540513 0)
(-0.0107624 0.854906 0)
(-0.016976 1.12945 0)
(-0.0227253 1.29393 0)
(-0.0250452 1.37971 0)
(-0.0271131 1.42036 0)
(-0.027533 1.43533 0)
(-0.0226739 1.43293 0)
(-0.0305165 1.42973 0)
(-0.0190755 1.51724 0)
(-0.0330086 1.72008 0)
(-0.0327327 2.31664 0)
(-0.0385255 2.86816 0)
(-0.0431877 3.07572 0)
(-0.0449154 3.11944 0)
(-0.0420228 3.01566 0)
(-0.0368407 2.61309 0)
(-0.0168002 1.75127 0)
(0.000760818 0.508567 0)
(-0.000231836 0.194859 0)
(-0.00198864 0.556713 0)
(-0.00835676 0.874077 0)
(-0.01331 1.14169 0)
(-0.0172971 1.30281 0)
(-0.0200675 1.38434 0)
(-0.0230171 1.42146 0)
(-0.02287 1.4344 0)
(-0.0187691 1.43308 0)
(-0.0277295 1.42981 0)
(-0.018602 1.51817 0)
(-0.031659 1.72423 0)
(-0.0344536 2.32121 0)
(-0.0441068 2.8738 0)
(-0.046071 3.07819 0)
(-0.0462215 3.11777 0)
(-0.0442184 3.00627 0)
(-0.0344537 2.58717 0)
(-0.0149367 1.69576 0)
(0.00127236 0.487233 0)
(-0.000183795 0.197945 0)
(-0.00140509 0.566511 0)
(-0.00630658 0.886698 0)
(-0.00977222 1.14813 0)
(-0.0121199 1.30975 0)
(-0.0151105 1.38962 0)
(-0.0182378 1.42403 0)
(-0.0197534 1.4347 0)
(-0.0176202 1.43424 0)
(-0.0269089 1.43186 0)
(-0.0192681 1.51995 0)
(-0.0328057 1.73311 0)
(-0.0391385 2.33178 0)
(-0.0441706 2.88088 0)
(-0.04846 3.07905 0)
(-0.0465274 3.11386 0)
(-0.0416044 2.98669 0)
(-0.0349137 2.53412 0)
(-0.0133129 1.62127 0)
(0.00164083 0.464125 0)
(-0.000186033 0.201162 0)
(-0.00116319 0.576505 0)
(-0.00535339 0.899271 0)
(-0.00884623 1.1532 0)
(-0.00937978 1.3145 0)
(-0.0120151 1.39435 0)
(-0.0146243 1.42684 0)
(-0.0161165 1.43619 0)
(-0.0149646 1.43639 0)
(-0.0243494 1.43391 0)
(-0.0198762 1.52117 0)
(-0.0306622 1.74097 0)
(-0.0416553 2.33846 0)
(-0.0473188 2.88438 0)
(-0.0501075 3.07893 0)
(-0.0495228 3.11055 0)
(-0.044261 2.97484 0)
(-0.0338452 2.50481 0)
(-0.0134056 1.5705 0)
(0.00250368 0.449861 0)
(-0.000262715 0.203284 0)
(-0.00130386 0.582924 0)
(-0.00452379 0.908936 0)
(-0.00834451 1.15724 0)
(-0.00870964 1.31783 0)
(-0.0103917 1.39793 0)
(-0.0126918 1.42903 0)
(-0.0158402 1.43777 0)
(-0.014977 1.43897 0)
(-0.0239428 1.43783 0)
(-0.0206498 1.52352 0)
(-0.0316035 1.75295 0)
(-0.0426069 2.35151 0)
(-0.0509375 2.89222 0)
(-0.0534034 3.07883 0)
(-0.0523992 3.10272 0)
(-0.0508301 2.94973 0)
(-0.0382211 2.44507 0)
(-0.0138009 1.4849 0)
(0.00147442 0.428223 0)
(-0.000294296 0.206665 0)
(-0.00147725 0.590736 0)
(-0.00447854 0.918434 0)
(-0.00801215 1.16163 0)
(-0.00853932 1.31937 0)
(-0.00937172 1.40038 0)
(-0.0101081 1.4324 0)
(-0.0151368 1.44113 0)
(-0.0142118 1.4412 0)
(-0.0231129 1.44078 0)
(-0.021967 1.52532 0)
(-0.0285481 1.76307 0)
(-0.0460102 2.36014 0)
(-0.053941 2.90005 0)
(-0.057365 3.08083 0)
(-0.0564757 3.10017 0)
(-0.050079 2.93438 0)
(-0.0403305 2.41113 0)
(-0.0131752 1.43022 0)
(0.00146986 0.414247 0)
(-0.000406574 0.209663 0)
(-0.00170058 0.597075 0)
(-0.00421415 0.927061 0)
(-0.00838319 1.16704 0)
(-0.00906198 1.32047 0)
(-0.00923036 1.40132 0)
(-0.00989196 1.43482 0)
(-0.0146607 1.44352 0)
(-0.0134219 1.4432 0)
(-0.0229842 1.44564 0)
(-0.0252529 1.52572 0)
(-0.0237567 1.77673 0)
(-0.0451239 2.37732 0)
(-0.0514385 2.91007 0)
(-0.0598808 3.08209 0)
(-0.0593106 3.09417 0)
(-0.0531345 2.90655 0)
(-0.0422396 2.34194 0)
(-0.0142038 1.33607 0)
(0.0027023 0.392192 0)
(-0.000493475 0.213933 0)
(-0.00216353 0.604097 0)
(-0.00452565 0.935432 0)
(-0.00739104 1.17292 0)
(-0.00870843 1.32132 0)
(-0.0084106 1.40183 0)
(-0.00777896 1.43887 0)
(-0.0141172 1.44982 0)
(-0.0156493 1.44767 0)
(-0.0259001 1.45226 0)
(-0.0283382 1.52443 0)
(-0.0235424 1.78594 0)
(-0.0521517 2.39131 0)
(-0.0603285 2.92065 0)
(-0.0666073 3.08595 0)
(-0.067314 3.0937 0)
(-0.0622935 2.88991 0)
(-0.0445887 2.29921 0)
(-0.014339 1.27747 0)
(0.0029229 0.380314 0)
(-0.000495988 0.21857 0)
(-0.00199824 0.611477 0)
(-0.00441206 0.940818 0)
(-0.00731168 1.17804 0)
(-0.00827142 1.32157 0)
(-0.00804046 1.40111 0)
(-0.00631534 1.43956 0)
(-0.0106851 1.45247 0)
(-0.0134328 1.45106 0)
(-0.0255482 1.45677 0)
(-0.0299 1.52283 0)
(-0.0209635 1.79663 0)
(-0.047045 2.41739 0)
(-0.0601795 2.93883 0)
(-0.0718279 3.08968 0)
(-0.0706143 3.08744 0)
(-0.062882 2.85466 0)
(-0.0485351 2.20952 0)
(-0.0120263 1.16205 0)
(0.00186667 0.357797 0)
(-0.000512621 0.22245 0)
(-0.00300808 0.617053 0)
(-0.00544934 0.948838 0)
(-0.00615744 1.18196 0)
(-0.00684009 1.32204 0)
(-0.00569361 1.40106 0)
(-0.00317411 1.44136 0)
(-0.00543797 1.46126 0)
(-0.0128233 1.46096 0)
(-0.0253648 1.46381 0)
(-0.0293957 1.52172 0)
(-0.026856 1.80104 0)
(-0.0513624 2.43421 0)
(-0.0675672 2.94676 0)
(-0.0782972 3.09369 0)
(-0.0790596 3.08528 0)
(-0.0717337 2.83209 0)
(-0.0521859 2.15724 0)
(-0.00868787 1.10721 0)
(-0.0022438 0.347937 0)
(-0.00050196 0.231247 0)
(-0.00253948 0.62939 0)
(-0.00446453 0.952139 0)
(-0.00419073 1.18061 0)
(-0.00383256 1.31743 0)
(0.000807884 1.39275 0)
(0.00377482 1.43477 0)
(0.0104154 1.45977 0)
(0.00653475 1.46966 0)
(-0.00459349 1.47814 0)
(-0.0234402 1.5314 0)
(-0.0348848 1.82161 0)
(-0.059597 2.48236 0)
(-0.0790259 2.97254 0)
(-0.08499 3.10004 0)
(-0.0817581 3.07279 0)
(-0.0730554 2.76753 0)
(-0.0487633 2.02123 0)
(-0.0113431 0.988528 0)
(-0.00463937 0.31261 0)
(-0.241361 1.58339 1.25749e-22)
(0.398327 3.23989 2.55521e-20)
(0.0923489 3.46938 5.82683e-20)
(0.199899 3.43731 0)
(0.16027 3.39065 0)
(0.154729 3.34315 -3.92956e-19)
(0.157072 3.31692 4.1373e-19)
(0.129628 3.27252 -4.29856e-19)
(0.114778 3.17774 7.89541e-21)
(0.0993664 2.56749 5.86141e-19)
(-0.105017 2.33339 8.97251e-24)
(0.133047 3.29481 1.67973e-19)
(0.0110768 3.44011 0)
(0.0982389 3.39255 0)
(0.0742621 3.34616 1.16774e-20)
(0.0796046 3.30828 8.14658e-19)
(0.0754657 3.27619 -4.53984e-19)
(0.0514416 3.2404 -7.62319e-21)
(0.0510933 3.08235 7.27434e-21)
(0.000787402 2.08559 0)
(-0.0275362 2.07827 1.89291e-19)
(0.086734 3.1439 -1.99617e-19)
(0.0255973 3.34735 0)
(0.0732069 3.32589 3.75139e-19)
(0.0529304 3.30352 -1.38573e-21)
(0.0539776 3.28164 -4.2337e-19)
(0.0464457 3.26663 -5.24261e-19)
(0.0311415 3.24554 -2.17366e-22)
(0.0411598 3.1188 7.51294e-21)
(-0.0166645 2.21109 0)
(-0.0403388 2.02196 -4.97616e-20)
(0.0283427 3.12017 0)
(-0.0131859 3.31019 -1.97795e-19)
(0.0218635 3.30801 -1.63433e-19)
(0.0167812 3.28447 1.47382e-20)
(0.0230586 3.26173 -2.73287e-19)
(0.0276716 3.24609 2.44047e-19)
(0.0217881 3.23347 -8.72802e-21)
(0.04222 3.12515 1.1554e-20)
(0.00731851 2.25013 2.99784e-19)
(-0.0525933 2.02584 -1.53926e-19)
(0.0139548 3.09099 0)
(-0.00721456 3.26746 4.2668e-19)
(0.0120057 3.26245 -2.35565e-19)
(0.0143704 3.24851 -7.07615e-22)
(0.017375 3.23763 -1.63006e-21)
(0.0214283 3.23339 -1.55091e-20)
(0.0221297 3.22406 -3.09713e-19)
(0.0431081 3.12745 8.51581e-21)
(-0.00311538 2.31201 -6.2745e-19)
(-0.0498907 2.08623 0)
(-0.0100307 3.08654 -2.34114e-19)
(-0.0283593 3.2433 1.89551e-20)
(-0.0146852 3.24724 -1.6275e-20)
(-0.00531752 3.23249 1.66889e-20)
(0.00344045 3.2199 2.77162e-19)
(0.016002 3.2111 2.89807e-19)
(0.0210865 3.20544 6.08897e-19)
(0.0427415 3.12397 3.37166e-19)
(0.0106292 2.35415 -1.66319e-20)
(-0.0511639 2.14097 0)
(-0.0197367 3.08218 2.42142e-19)
(-0.0189162 3.21406 -2.54131e-19)
(-0.0114626 3.21286 -1.75655e-20)
(-0.000216657 3.20253 3.63174e-20)
(0.00770448 3.19592 3.68417e-22)
(0.0164977 3.19553 -1.95264e-20)
(0.0219186 3.19096 -3.18136e-19)
(0.0423931 3.12146 -3.2826e-19)
(0.00384258 2.41972 -1.72492e-20)
(-0.0477076 2.22915 2.78695e-19)
(-0.0285851 3.08564 -1.29321e-20)
(-0.032027 3.19407 8.93519e-21)
(-0.0235993 3.19554 0)
(-0.0132764 3.18564 0)
(-0.00131897 3.17793 0)
(0.013404 3.17171 0)
(0.0206681 3.16936 3.53993e-19)
(0.0411477 3.11259 -3.65076e-19)
(0.0153866 2.46388 3.60718e-19)
(-0.0462498 2.30598 2.65528e-20)
(-0.0329851 3.0847 2.95909e-19)
(-0.0210075 3.16962 0)
(-0.0146783 3.16543 -1.99627e-20)
(-0.00403556 3.15767 2.04164e-20)
(0.00530848 3.15322 0)
(0.014762 3.15418 -1.10633e-20)
(0.0207438 3.15272 -3.43575e-19)
(0.0401846 3.10929 3.66134e-19)
(0.0104028 2.53302 0)
(-0.0437243 2.40406 1.59554e-20)
(-0.0359061 3.08622 -4.54017e-19)
(-0.0300005 3.14979 0)
(-0.0225844 3.14693 0)
(-0.0136878 3.13917 2.18744e-20)
(-0.00216736 3.13361 -1.84494e-19)
(0.0117018 3.12895 -2.30785e-20)
(0.0191695 3.12934 1.96579e-19)
(0.0385289 3.09614 0)
(0.0192575 2.58106 0)
(-0.0398722 2.49003 -4.79712e-19)
(-0.038659 3.08211 1.62614e-19)
(-0.0206233 3.12419 0)
(-0.013066 3.1162 0)
(-0.00349882 3.1095 0)
(0.00555136 3.10657 3.79803e-19)
(0.014268 3.10881 0)
(0.0201678 3.11057 -2.0972e-19)
(0.0378857 3.0905 1.29538e-20)
(0.0149311 2.6538 2.19288e-19)
(-0.0377751 2.58977 1.71004e-19)
(-0.0399709 3.0756 -1.6615e-20)
(-0.0296111 3.1012 1.99e-19)
(-0.0211754 3.095 1.93387e-19)
(-0.0124679 3.0884 0)
(-0.000816541 3.08417 -1.95082e-19)
(0.0126055 3.08124 0)
(0.0210305 3.08451 0)
(0.0384841 3.07217 0)
(0.0223217 2.70642 -2.20306e-19)
(-0.0349675 2.67777 -1.80663e-19)
(-0.0430844 3.06205 1.86552e-19)
(-0.0235134 3.07189 -1.8759e-19)
(-0.0131878 3.06206 -2.95603e-19)
(-0.00286948 3.05692 0)
(0.00717019 3.05548 2.64295e-20)
(0.0166943 3.05882 -1.34923e-20)
(0.0248169 3.06308 1.00527e-19)
(0.041727 3.06163 1.24823e-19)
(0.0208152 2.78042 -1.28453e-19)
(-0.0346874 2.77297 1.85373e-19)
(-0.0463989 3.04505 -1.78975e-19)
(-0.0327374 3.04581 1.27451e-20)
(-0.0207156 3.04037 7.52483e-20)
(-0.0110383 3.03628 -1.07916e-19)
(0.000321178 3.03379 0)
(0.0139562 3.03191 1.15967e-19)
(0.025639 3.0356 4.9505e-21)
(0.0446006 3.0366 -2.41552e-19)
(0.0286955 2.83262 -6.55129e-21)
(-0.0293652 2.85483 -5.2825e-20)
(-0.0439453 3.02159 1.29252e-20)
(-0.0231917 3.01778 -6.70732e-20)
(-0.0111819 3.0144 2.74649e-20)
(-0.00222069 3.01406 1.31561e-19)
(0.00626975 3.01343 -5.58804e-20)
(0.0143185 3.01435 -5.56584e-20)
(0.0233667 3.01698 -5.78486e-20)
(0.0418431 3.02183 1.24028e-19)
(0.0248042 2.90031 6.06858e-20)
(-0.0177123 2.94055 4.24668e-20)
(-0.0261754 3.00068 1.87722e-20)
(-0.0161164 3.00083 3.69644e-20)
(-0.00935939 3.00161 -7.57872e-20)
(-0.00412514 3.00262 2.56104e-20)
(0.000680234 3.00215 5.20575e-20)
(0.00556209 3.00062 -5.43067e-20)
(0.0107228 2.99899 -5.67574e-20)
(0.0218037 2.99715 7.67771e-21)
(0.0165331 2.94915 5.44672e-20)
)
;

boundaryField
{
    wall-4
    {
        type            noSlip;
    }
    pressure-outlet-7
    {
        type            zeroGradient;
    }
    velocity-inlet-6
    {
        type            fixedValue;
        value           uniform (0 3 0);
    }
    velocity-inlet-5
    {
        type            fixedValue;
        value           uniform (1 0 0);
    }
    frontAndBackPlanes
    {
        type            empty;
    }
}


// ************************************************************************* //
