/*--------------------------------*- C++ -*----------------------------------*\
| =========                 |                                                 |
| \\      /  F ield         | OpenFOAM: The Open Source CFD Toolbox           |
|  \\    /   O peration     | Version:  v2012                                 |
|   \\  /    A nd           | Website:  www.openfoam.com                      |
|    \\/     M anipulation  |                                                 |
\*---------------------------------------------------------------------------*/
FoamFile
{
    version     2.0;
    format      ascii;
    class       volVectorField;
    location    "65";
    object      U;
}
// * * * * * * * * * * * * * * * * * * * * * * * * * * * * * * * * * * * * * //

dimensions      [0 1 -1 0 0 0 0];


internalField   nonuniform List<vector> 
2200
(
(0.878838 -0.030411 0)
(1.00578 -0.0512786 0)
(1.00327 -0.0353943 0)
(1.00026 -0.024433 0)
(0.999886 -0.0166551 0)
(1.00004 -0.0107279 0)
(1.00003 -0.00683299 0)
(0.999989 -0.00419374 0)
(0.999908 -0.00219151 0)
(1.00019 -0.000630123 0)
(1.00012 0.0011336 0)
(1.00036 0.00264639 0)
(1.00036 0.0045392 0)
(1.00027 0.00712419 0)
(1.00015 0.0108457 0)
(1.00006 0.0166671 0)
(1.00037 0.0243752 0)
(1.00347 0.034854 0)
(1.00599 0.0513832 0)
(0.879056 0.0302934 0)
(0.712034 -0.0327616 0)
(0.996651 -0.063005 0)
(1.03333 -0.0561404 0)
(1.02491 -0.0464027 0)
(1.01587 -0.0360857 0)
(1.00963 -0.0263433 0)
(1.00591 -0.0181062 0)
(1.00378 -0.0113957 0)
(1.00267 -0.00600722 0)
(1.00216 -0.00155525 0)
(1.00188 0.00251299 0)
(1.00204 0.00701615 0)
(1.00324 0.0123285 0)
(1.00546 0.0189264 0)
(1.00935 0.0272352 0)
(1.01545 0.0369797 0)
(1.02456 0.0474823 0)
(1.03315 0.0580214 0)
(0.996706 0.0631408 0)
(0.711774 0.0330394 0)
(0.535572 -0.0238932 0)
(0.969933 -0.0569289 0)
(1.05645 -0.0547249 0)
(1.05228 -0.0487474 0)
(1.03628 -0.0404121 0)
(1.02448 -0.0322389 0)
(1.01593 -0.0239531 0)
(1.0104 -0.0160537 0)
(1.00714 -0.00876598 0)
(1.0055 -0.00207905 0)
(1.00576 0.00438186 0)
(1.00743 0.0108 0)
(1.01051 0.01777 0)
(1.01581 0.0254463 0)
(1.02412 0.0334153 0)
(1.03615 0.041384 0)
(1.05223 0.0493862 0)
(1.05631 0.0532556 0)
(0.969208 0.0576453 0)
(0.534387 0.0239398 0)
(0.392371 -0.0136443 0)
(0.911873 -0.046378 0)
(1.05754 -0.0468714 0)
(1.0696 -0.0442789 0)
(1.0549 -0.0381378 0)
(1.03936 -0.0314546 0)
(1.02757 -0.0246624 0)
(1.0191 -0.0174427 0)
(1.01379 -0.00994011 0)
(1.01125 -0.00242975 0)
(1.0108 0.00503289 0)
(1.01288 0.0125507 0)
(1.01808 0.0198905 0)
(1.02655 0.0267099 0)
(1.03847 0.0331392 0)
(1.05398 0.0396073 0)
(1.06819 0.0456818 0)
(1.05547 0.0483068 0)
(0.909894 0.0470084 0)
(0.38991 0.0137791 0)
(0.307782 -0.00451076 0)
(0.84681 -0.0323666 0)
(1.04944 -0.0399051 0)
(1.07951 -0.0381488 0)
(1.06826 -0.0334885 0)
(1.05173 -0.0278803 0)
(1.03836 -0.0224745 0)
(1.02811 -0.0163946 0)
(1.02096 -0.00948343 0)
(1.01691 -0.0017849 0)
(1.01694 0.00614022 0)
(1.02075 0.013431 0)
(1.02752 0.0197604 0)
(1.03731 0.0254716 0)
(1.0502 0.0303762 0)
(1.06665 0.0356923 0)
(1.07767 0.0400613 0)
(1.04726 0.0417684 0)
(0.842939 0.0329846 0)
(0.303696 0.00474189 0)
(0.264386 0.000102066 0)
(0.789135 -0.0200654 0)
(1.0335 -0.0314474 0)
(1.08364 -0.0320172 0)
(1.07734 -0.0287304 0)
(1.06086 -0.0238266 0)
(1.04726 -0.0193367 0)
(1.03644 -0.01425 0)
(1.0287 -0.00818734 0)
(1.02438 -0.00126093 0)
(1.0238 0.00612581 0)
(1.02709 0.0128255 0)
(1.03435 0.018621 0)
(1.04501 0.0231329 0)
(1.05862 0.0271258 0)
(1.07488 0.031538 0)
(1.08036 0.0342397 0)
(1.02922 0.0333549 0)
(0.782567 0.0207371 0)
(0.25868 0.000122784 0)
(0.240464 0.00107042 0)
(0.738529 -0.0122693 0)
(1.0138 -0.024957 0)
(1.08412 -0.0267073 0)
(1.08311 -0.0243996 0)
(1.0679 -0.0202408 0)
(1.0543 -0.0162226 0)
(1.04334 -0.0116537 0)
(1.03503 -0.00622376 0)
(1.02992 0.000264586 0)
(1.02957 0.00691986 0)
(1.03405 0.0128926 0)
(1.0416 0.0174082 0)
(1.05177 0.0213843 0)
(1.06475 0.0247387 0)
(1.07944 0.0281912 0)
(1.07986 0.0297729 0)
(1.00748 0.0272797 0)
(0.728777 0.013161 0)
(0.233008 -0.000831444 0)
(0.226187 0.000963243 0)
(0.695752 -0.00801671 0)
(0.993314 -0.0206961 0)
(1.0824 -0.0230601 0)
(1.08697 -0.021203 0)
(1.07348 -0.0176362 0)
(1.06007 -0.0137852 0)
(1.04955 -0.00950998 0)
(1.04169 -0.00459249 0)
(1.0369 0.000983245 0)
(1.03601 0.00707196 0)
(1.03893 0.0122296 0)
(1.0457 0.0167671 0)
(1.05578 0.0201128 0)
(1.06921 0.0231161 0)
(1.08191 0.0258506 0)
(1.07561 0.0268033 0)
(0.98322 0.023483 0)
(0.681666 0.00913921 0)
(0.216541 -0.000708006 0)
(0.216636 0.000624328 0)
(0.660379 -0.00565277 0)
(0.97275 -0.0175733 0)
(1.07961 -0.0201299 0)
(1.09037 -0.0185416 0)
(1.07835 -0.0153777 0)
(1.06488 -0.0117438 0)
(1.05425 -0.00747914 0)
(1.04612 -0.00254981 0)
(1.04085 0.00296029 0)
(1.04001 0.00824943 0)
(1.04396 0.0130223 0)
(1.05083 0.0165545 0)
(1.06014 0.019842 0)
(1.07255 0.0225155 0)
(1.08338 0.0246419 0)
(1.07088 0.0250818 0)
(0.959139 0.0210549 0)
(0.641521 0.0070826 0)
(0.20442 -0.000333799 0)
(0.20952 0.000301822 0)
(0.63199 -0.00418963 0)
(0.95411 -0.0149534 0)
(1.07669 -0.0178506 0)
(1.09353 -0.0164934 0)
(1.08306 -0.0135398 0)
(1.06971 -0.009882 0)
(1.05939 -0.00583926 0)
(1.05178 -0.00121295 0)
(1.04694 0.00374958 0)
(1.04542 0.00890165 0)
(1.04739 0.0133585 0)
(1.05306 0.0172356 0)
(1.06245 0.0199303 0)
(1.07545 0.0222811 0)
(1.08431 0.0239827 0)
(1.06371 0.0239335 0)
(0.934207 0.0191863 0)
(0.606478 0.00596041 0)
(0.193922 4.65739e-05 0)
(0.203695 8.58758e-05 0)
(0.608679 -0.0031323 0)
(0.936081 -0.0125187 0)
(1.07353 -0.0155182 0)
(1.09692 -0.0143374 0)
(1.08781 -0.0115187 0)
(1.07422 -0.00796758 0)
(1.06332 -0.00385163 0)
(1.05493 0.000906156 0)
(1.04936 0.00612157 0)
(1.0479 0.0108964 0)
(1.05094 0.0148925 0)
(1.05713 0.0178046 0)
(1.06596 0.0205003 0)
(1.07787 0.022614 0)
(1.08462 0.0238333 0)
(1.05705 0.0231064 0)
(0.910444 0.0176652 0)
(0.576166 0.00529955 0)
(0.184263 0.000324944 0)
(0.199225 1.39222e-05 0)
(0.590717 -0.0022592 0)
(0.920926 -0.0101538 0)
(1.07074 -0.0133187 0)
(1.10033 -0.0122437 0)
(1.09273 -0.00952138 0)
(1.07913 -0.00590346 0)
(1.06832 -0.00198622 0)
(1.0603 0.00252971 0)
(1.05486 0.00730101 0)
(1.05238 0.0120846 0)
(1.05352 0.0161428 0)
(1.05855 0.0193592 0)
(1.06762 0.0213903 0)
(1.08013 0.0230953 0)
(1.08432 0.0239348 0)
(1.04765 0.0226377 0)
(0.885555 0.0164856 0)
(0.548311 0.00494008 0)
(0.17473 0.00049764 0)
(0.195668 3.28587e-05 0)
(0.576014 -0.00153777 0)
(0.906386 -0.00805497 0)
(1.06792 -0.0109293 0)
(1.10391 -0.00978877 0)
(1.09776 -0.00697895 0)
(1.08405 -0.00336098 0)
(1.07252 0.000718269 0)
(1.06328 0.00536706 0)
(1.05673 0.0104929 0)
(1.05429 0.0150818 0)
(1.05646 0.0184952 0)
(1.06211 0.0207334 0)
(1.07075 0.02269 0)
(1.08156 0.0240136 0)
(1.08351 0.0244182 0)
(1.03869 0.0224985 0)
(0.86162 0.0156552 0)
(0.523086 0.00478467 0)
(0.165506 0.000584888 0)
(0.193637 6.44912e-05 0)
(0.565671 -0.000750829 0)
(0.89532 -0.00585548 0)
(1.06586 -0.00864021 0)
(1.10771 -0.00739132 0)
(1.10304 -0.00456522 0)
(1.08925 -0.000835931 0)
(1.07761 0.00314547 0)
(1.06857 0.00767352 0)
(1.06212 0.0125379 0)
(1.05827 0.017108 0)
(1.05835 0.0206826 0)
(1.06275 0.0231278 0)
(1.07156 0.0243317 0)
(1.08269 0.0252108 0)
(1.08143 0.0251439 0)
(1.02643 0.0226698 0)
(0.835889 0.0151766 0)
(0.498374 0.00472876 0)
(0.156119 0.000622365 0)
(0.192813 0.000105434 0)
(0.55825 -0.000194365 0)
(0.885082 -0.00382664 0)
(1.06414 -0.00591366 0)
(1.11165 -0.00438986 0)
(1.10839 -0.00123845 0)
(1.09468 0.00268129 0)
(1.08246 0.00704265 0)
(1.07222 0.0119361 0)
(1.06396 0.0169371 0)
(1.06004 0.0210562 0)
(1.06109 0.0238912 0)
(1.06602 0.0254458 0)
(1.07414 0.0266195 0)
(1.08249 0.0270058 0)
(1.07888 0.0264429 0)
(1.01449 0.0232986 0)
(0.810733 0.0150279 0)
(0.474989 0.00478678 0)
(0.146918 0.000644805 0)
(0.193464 8.96365e-05 0)
(0.554192 0.000885397 0)
(0.879069 -0.00146688 0)
(1.0638 -0.00315459 0)
(1.11626 -0.00125142 0)
(1.11431 0.00206413 0)
(1.10038 0.00624721 0)
(1.08774 0.0105708 0)
(1.07725 0.0152584 0)
(1.06907 0.0200991 0)
(1.06371 0.0245351 0)
(1.06227 0.0273291 0)
(1.06541 0.028787 0)
(1.07357 0.0292129 0)
(1.08243 0.0293322 0)
(1.07406 0.0282768 0)
(0.998794 0.0242529 0)
(0.78319 0.0152326 0)
(0.450857 0.00494424 0)
(0.137286 0.000662434 0)
(0.195634 0.000264568 0)
(0.554541 0.00154727 0)
(0.874439 0.000682244 0)
(1.0646 1.91679e-05 0)
(1.12145 0.00231302 0)
(1.12067 0.00606623 0)
(1.10673 0.0106116 0)
(1.09358 0.0156522 0)
(1.08214 0.0211072 0)
(1.07221 0.0264491 0)
(1.06586 0.0300318 0)
(1.06479 0.0319502 0)
(1.06837 0.0329946 0)
(1.07541 0.0333698 0)
(1.08056 0.0325578 0)
(1.0688 0.030798 0)
(0.983067 0.0258143 0)
(0.755542 0.0158177 0)
(0.426903 0.0052364 0)
(0.127511 0.000691296 0)
(0.19991 0.000675624 0)
(0.55734 0.00238846 0)
(0.874963 0.00342576 0)
(1.06731 0.00351737 0)
(1.12756 0.00650252 0)
(1.12772 0.0106367 0)
(1.11327 0.0157881 0)
(1.09928 0.0210292 0)
(1.08683 0.026319 0)
(1.07578 0.0311047 0)
(1.06811 0.0352491 0)
(1.06495 0.0374428 0)
(1.06618 0.0378701 0)
(1.07315 0.0369605 0)
(1.07892 0.0365096 0)
(1.06088 0.0338753 0)
(0.962706 0.0277261 0)
(0.724562 0.0167711 0)
(0.400998 0.00561216 0)
(0.116904 0.000713412 0)
(0.206431 0.000881054 0)
(0.564368 0.00351738 0)
(0.878923 0.00586907 0)
(1.07218 0.00765957 0)
(1.13462 0.0111969 0)
(1.13578 0.0159562 0)
(1.12099 0.0215089 0)
(1.10616 0.0275598 0)
(1.09269 0.0339578 0)
(1.08061 0.0400897 0)
(1.07115 0.0436513 0)
(1.06688 0.0443058 0)
(1.06815 0.0441672 0)
(1.07373 0.043766 0)
(1.07479 0.0415434 0)
(1.05181 0.0379404 0)
(0.941741 0.0305322 0)
(0.692312 0.0181422 0)
(0.374048 0.00611914 0)
(0.105777 0.000748709 0)
(0.214892 0.00106086 0)
(0.575491 0.00480428 0)
(0.887152 0.00909322 0)
(1.07988 0.0123345 0)
(1.14311 0.0170382 0)
(1.14471 0.0225315 0)
(1.12907 0.0291477 0)
(1.11317 0.035806 0)
(1.09809 0.0422841 0)
(1.08318 0.0473971 0)
(1.07127 0.0505511 0)
(1.06579 0.0520963 0)
(1.06518 0.0514916 0)
(1.06943 0.049257 0)
(1.07098 0.0475032 0)
(1.0395 0.0427019 0)
(0.91474 0.0334993 0)
(0.655285 0.0197783 0)
(0.344003 0.00662457 0)
(0.0935193 0.000761084 0)
(0.227477 0.00142755 0)
(0.594423 0.00675053 0)
(0.902765 0.013438 0)
(1.09106 0.0186108 0)
(1.15337 0.0241164 0)
(1.15528 0.0305394 0)
(1.1387 0.0378212 0)
(1.12112 0.0453241 0)
(1.1039 0.0527441 0)
(1.08753 0.059293 0)
(1.07458 0.0633031 0)
(1.06669 0.0625971 0)
(1.06504 0.0609751 0)
(1.06854 0.0587743 0)
(1.06358 0.0548231 0)
(1.02486 0.0485892 0)
(0.886166 0.037724 0)
(0.615731 0.021813 0)
(0.311964 0.00719993 0)
(0.0806067 0.000775711 0)
(0.243064 0.00195978 0)
(0.617252 0.00853832 0)
(0.923194 0.017848 0)
(1.10649 0.0252877 0)
(1.1661 0.032796 0)
(1.16738 0.0405195 0)
(1.14897 0.0494136 0)
(1.12952 0.0579171 0)
(1.11022 0.0658733 0)
(1.09061 0.071478 0)
(1.07286 0.0729702 0)
(1.06384 0.0725261 0)
(1.06099 0.070572 0)
(1.06124 0.0669758 0)
(1.05666 0.0630195 0)
(1.00633 0.0554049 0)
(0.849313 0.0417812 0)
(0.569105 0.0238469 0)
(0.27584 0.00764954 0)
(0.0665231 0.000759754 0)
(0.265357 0.00282288 0)
(0.650959 0.0124167 0)
(0.952671 0.0250162 0)
(1.12653 0.0352914 0)
(1.18151 0.0438089 0)
(1.18165 0.0535843 0)
(1.16088 0.063513 0)
(1.13848 0.0729555 0)
(1.11542 0.0810478 0)
(1.09245 0.0868247 0)
(1.07427 0.0894301 0)
(1.06306 0.0876711 0)
(1.05821 0.0836405 0)
(1.05894 0.0791856 0)
(1.04463 0.0730624 0)
(0.983298 0.0629532 0)
(0.809541 0.0471083 0)
(0.519349 0.0261226 0)
(0.237749 0.00800609 0)
(0.0521489 0.000738044 0)
(0.296666 0.00374523 0)
(0.696209 0.015495 0)
(0.991761 0.0329931 0)
(1.15325 0.0468354 0)
(1.20076 0.0584942 0)
(1.19835 0.0702923 0)
(1.17391 0.081956 0)
(1.14821 0.0921505 0)
(1.12235 0.100629 0)
(1.09648 0.105593 0)
(1.07302 0.105321 0)
(1.05842 0.101093 0)
(1.05227 0.0965884 0)
(1.04796 0.0906856 0)
(1.0329 0.0835781 0)
(0.955591 0.0717961 0)
(0.758695 0.05176 0)
(0.459372 0.0277884 0)
(0.195091 0.00799439 0)
(0.0369256 0.000631301 0)
(0.333205 0.00710322 0)
(0.754121 0.0248076 0)
(1.04098 0.0465856 0)
(1.18582 0.0647301 0)
(1.2238 0.0777245 0)
(1.21696 0.0926859 0)
(1.18773 0.105357 0)
(1.15765 0.115798 0)
(1.12671 0.123143 0)
(1.09549 0.126138 0)
(1.06975 0.124282 0)
(1.05462 0.119754 0)
(1.04723 0.113205 0)
(1.04333 0.106035 0)
(1.01429 0.0965565 0)
(0.919808 0.0804405 0)
(0.702708 0.0573697 0)
(0.397719 0.0295461 0)
(0.152679 0.00780971 0)
(0.0231365 0.0005803 0)
(0.413488 0.0107531 0)
(0.842014 0.035733 0)
(1.10769 0.0677251 0)
(1.22634 0.0904859 0)
(1.25081 0.106803 6.14287e-34)
(1.23688 0.123488 -2.77609e-34)
(1.20119 0.136076 0)
(1.16611 0.145276 0)
(1.13108 0.150968 0)
(1.09686 0.151743 0)
(1.06799 0.147434 0)
(1.04875 0.139023 0)
(1.03821 0.130252 0)
(1.02694 0.120654 0)
(0.993893 0.108681 0)
(0.877877 0.0900526 0)
(0.632628 0.0609498 0)
(0.321065 0.0290576 0)
(0.103467 0.00721585 0)
(0.00799575 0.000753486 0)
(0.484749 0.025938 4.47612e-20)
(0.944379 0.0601572 -3.39307e-20)
(1.17844 0.102168 0)
(1.26804 0.129449 2.64459e-20)
(1.27956 0.145147 -2.1446e-20)
(1.25634 0.163754 2.92904e-34)
(1.21382 0.174415 0)
(1.1737 0.181441 1.56695e-20)
(1.13323 0.184365 -5.14978e-20)
(1.09308 0.181812 1.05285e-20)
(1.05922 0.173279 0)
(1.03891 0.16279 -2.68173e-20)
(1.02822 0.152822 -3.22811e-20)
(1.01632 0.142219 5.65446e-20)
(0.958798 0.126779 -4.46595e-20)
(0.80893 0.099369 0)
(0.533098 0.0635885 -1.60535e-20)
(0.231943 0.0272947 0)
(0.0541559 0.0068426 -8.8731e-20)
(-0.00826051 0.000383174 1.04573e-19)
(0.521121 0.0539077 -5.91387e-21)
(1.01022 0.102577 9.98724e-20)
(1.23027 0.152987 -5.12123e-21)
(1.30243 0.177426 -6.41486e-20)
(1.30465 0.194918 -4.52947e-20)
(1.27237 0.211738 7.37e-20)
(1.22346 0.219643 0)
(1.1775 0.224038 0)
(1.1314 0.224375 8.17927e-20)
(1.08671 0.218854 0)
(1.05044 0.208067 9.65502e-20)
(1.02742 0.19617 2.87752e-20)
(1.01048 0.182957 5.34463e-22)
(0.983614 0.167129 -6.13003e-20)
(0.915684 0.145873 0)
(0.74178 0.11307 0)
(0.452807 0.0661375 -2.61184e-19)
(0.172142 0.0251165 6.56809e-19)
(0.0215206 0.00478894 -3.88234e-19)
(-0.0199725 -0.00147065 -4.57227e-19)
(0.52822 0.0768841 -5.36268e-20)
(1.04538 0.159847 2.09202e-20)
(1.26588 0.213212 1.17678e-20)
(1.32906 0.236701 1.11495e-19)
(1.3243 0.25294 1.46109e-20)
(1.28473 0.265198 -1.91642e-19)
(1.23021 0.269022 6.55553e-20)
(1.17913 0.269874 0)
(1.12787 0.266311 -1.72672e-19)
(1.07796 0.25692 1.53884e-19)
(1.037 0.243379 -2.60542e-19)
(1.00826 0.227016 1.22181e-19)
(0.990012 0.21101 -7.92403e-20)
(0.965377 0.195338 1.78684e-19)
(0.88129 0.170054 0)
(0.692895 0.126011 -6.50656e-20)
(0.403639 0.070109 0)
(0.149611 0.0250645 3.58042e-19)
(0.0100129 0.00291283 -8.48317e-19)
(-0.024819 -0.0034172 5.31047e-19)
(0.525186 0.108298 1.39006e-19)
(1.06939 0.217974 -6.18903e-20)
(1.28951 0.279167 -1.35528e-20)
(1.34678 0.301686 0)
(1.33688 0.31533 -8.27797e-20)
(1.292 0.322509 1.02287e-19)
(1.23277 0.321554 -7.00131e-20)
(1.17668 0.318027 0)
(1.12042 0.310655 1.22629e-19)
(1.06609 0.297493 -1.08062e-19)
(1.0206 0.278926 2.25231e-19)
(0.991435 0.259013 0)
(0.969567 0.241723 -1.68327e-19)
(0.9319 0.221035 9.48821e-20)
(0.847525 0.189071 2.3864e-19)
(0.658923 0.1407 -2.09962e-19)
(0.383128 0.0780007 3.31431e-19)
(0.145366 0.0277955 -7.33155e-19)
(0.00795716 0.00197166 4.63729e-19)
(-0.0268089 -0.00542413 -5.8005e-19)
(0.511434 0.132339 -4.11371e-20)
(1.07295 0.270185 2.90819e-20)
(1.29889 0.343981 -4.52823e-20)
(1.35574 0.367374 9.3498e-20)
(1.34275 0.379381 -9.01809e-20)
(1.29434 0.381247 3.19247e-20)
(1.23157 0.375395 3.76565e-21)
(1.17168 0.367597 -1.37558e-19)
(1.11138 0.355554 -1.28163e-19)
(1.05294 0.337598 -2.31499e-19)
(1.00426 0.315285 -4.84122e-19)
(0.969736 0.293265 -1.49432e-19)
(0.945523 0.272256 2.22329e-21)
(0.914592 0.250242 -3.24577e-19)
(0.822734 0.217128 -5.11894e-21)
(0.636349 0.157745 3.05372e-19)
(0.376234 0.0883292 -9.16214e-20)
(0.149234 0.0334974 -5.30669e-20)
(0.0138311 0.00203407 0)
(-0.0250965 -0.00639229 1.23287e-18)
(0.496132 0.15378 0)
(1.07117 0.321793 9.52352e-24)
(1.30256 0.408446 0)
(1.35834 0.431747 -1.29517e-20)
(1.34286 0.441908 8.59576e-20)
(1.29194 0.439533 -7.50807e-20)
(1.22632 0.429487 7.61196e-20)
(1.1632 0.417195 2.26032e-19)
(1.09984 0.400796 -7.12721e-20)
(1.03849 0.378596 1.14171e-19)
(0.985539 0.351656 2.60142e-19)
(0.949114 0.325503 3.25855e-19)
(0.923236 0.303944 -1.9636e-19)
(0.881203 0.27789 3.51511e-19)
(0.794523 0.237529 -2.786e-19)
(0.616396 0.17822 0)
(0.371838 0.102496 -6.95775e-19)
(0.158472 0.041573 9.36533e-19)
(0.0243209 0.00507459 6.98926e-20)
(-0.0206587 -0.00642724 -1.30408e-18)
(0.479145 0.173044 -5.12451e-21)
(1.05892 0.367705 -2.53584e-20)
(1.29799 0.468025 4.01913e-20)
(1.35541 0.493556 -6.75139e-20)
(1.3381 0.503414 7.26757e-20)
(1.28544 0.49678 -7.2002e-20)
(1.21796 0.482382 1.4992e-19)
(1.15278 0.465933 -6.71735e-20)
(1.08644 0.445232 -2.87526e-19)
(1.02036 0.418278 -3.22218e-22)
(0.963373 0.387411 -2.8313e-19)
(0.92468 0.359577 -3.50897e-19)
(0.896872 0.333949 2.1713e-19)
(0.862596 0.307 -1.26463e-19)
(0.772311 0.267062 3.03321e-19)
(0.601227 0.197235 0)
(0.370796 0.118099 -4.32691e-19)
(0.167983 0.0510893 6.39088e-19)
(0.035164 0.00955928 1.20852e-18)
(-0.0155393 -0.0057372 -1.42136e-18)
(0.466098 0.191349 -1.00678e-19)
(1.0495 0.41434 4.50877e-20)
(1.29188 0.526891 -2.36629e-20)
(1.34893 0.552978 6.91579e-20)
(1.33004 0.561454 1.21979e-20)
(1.27614 0.551428 -1.40217e-19)
(1.20692 0.533802 -8.74586e-20)
(1.13925 0.513669 -8.68806e-20)
(1.07001 0.489269 -1.63007e-19)
(1.00189 0.458618 2.62054e-19)
(0.943701 0.423645 2.85746e-19)
(0.90352 0.392072 5.56737e-19)
(0.872867 0.36499 0)
(0.828873 0.335349 6.46807e-21)
(0.746107 0.287156 -8.3443e-19)
(0.58502 0.21911 1.95969e-19)
(0.36889 0.133881 9.39536e-19)
(0.176566 0.0618784 -2.77276e-19)
(0.0458932 0.0152184 5.75106e-19)
(-0.0100962 -0.00432492 -4.79203e-20)
(0.453616 0.207972 5.83831e-21)
(1.03381 0.454593 6.33617e-20)
(1.28104 0.58048 -4.06235e-21)
(1.33933 0.609269 6.47947e-20)
(1.3191 0.617847 -1.3339e-19)
(1.26405 0.604457 1.38372e-19)
(1.19349 0.583314 9.04874e-20)
(1.12443 0.559696 2.58702e-19)
(1.05343 0.531568 3.26011e-19)
(0.982454 0.496541 -3.03821e-19)
(0.92094 0.457546 0)
(0.877257 0.42387 -2.11203e-19)
(0.846461 0.392906 2.42486e-19)
(0.810668 0.361646 3.06522e-19)
(0.725045 0.316604 -1.7743e-19)
(0.570512 0.237904 -4.3111e-19)
(0.366295 0.150177 -1.28402e-19)
(0.1832 0.0729136 -2.01254e-21)
(0.054921 0.0213743 0)
(-0.00520513 -0.00262787 0)
(0.445797 0.224734 -8.85731e-20)
(1.02325 0.496395 0)
(1.27045 0.633417 1.14705e-20)
(1.32782 0.663203 -1.76751e-20)
(1.30645 0.670408 1.54023e-19)
(1.25067 0.654252 -3.86061e-20)
(1.17902 0.630646 9.19423e-20)
(1.10849 0.604084 -1.74712e-19)
(1.03563 0.572853 2.47172e-19)
(0.962749 0.534595 -1.00777e-19)
(0.899503 0.492604 1.64029e-19)
(0.85522 0.454971 6.70647e-19)
(0.822585 0.422408 1.43239e-20)
(0.778 0.388097 -3.20068e-19)
(0.7001 0.333975 5.92701e-19)
(0.553631 0.259371 3.46607e-21)
(0.361458 0.16526 1.37372e-19)
(0.186952 0.0839591 -6.54837e-19)
(0.0614258 0.0271987 6.7476e-19)
(-0.00124437 -0.000919596 -7.94848e-19)
(0.437853 0.24075 2.45485e-23)
(1.00873 0.532141 0)
(1.25696 0.680849 0)
(1.3146 0.713824 3.33556e-21)
(1.29233 0.721166 -4.40715e-20)
(1.23576 0.70234 6.37706e-20)
(1.16338 0.675841 -1.69524e-19)
(1.09212 0.646377 0)
(1.01776 0.612255 -3.64898e-19)
(0.941892 0.570532 4.40713e-19)
(0.875598 0.524828 4.69481e-19)
(0.828845 0.48366 -2.46298e-19)
(0.795574 0.447894 -2.98775e-19)
(0.759699 0.411342 7.00911e-19)
(0.678713 0.361622 -2.10864e-19)
(0.536915 0.275542 -2.51195e-19)
(0.354092 0.179532 -1.50165e-19)
(0.187167 0.0933393 -7.079e-19)
(0.0651701 0.0321737 1.0377e-19)
(0.00168179 0.000568257 8.60976e-19)
(0.432811 0.258211 -4.24843e-20)
(0.998771 0.569816 -5.74794e-20)
(1.24438 0.727899 2.37794e-20)
(1.3006 0.762131 -2.07166e-22)
(1.27762 0.768103 -5.02959e-20)
(1.22071 0.747003 9.96211e-20)
(1.14776 0.7186 0)
(1.07534 0.686915 1.06138e-19)
(0.999281 0.650412 -8.36899e-20)
(0.922093 0.606127 7.3622e-19)
(0.854355 0.55749 -1.05921e-19)
(0.806598 0.513222 1.22052e-19)
(0.771776 0.475462 0)
(0.726969 0.43514 -3.79702e-19)
(0.653069 0.374569 4.60241e-19)
(0.518355 0.293976 0)
(0.344441 0.191251 -3.23299e-19)
(0.184698 0.101299 9.51699e-19)
(0.0662557 0.0360588 1.13131e-19)
(0.00350161 0.00165081 -1.06165e-18)
(0.429071 0.275402 -1.05226e-19)
(0.986336 0.602091 1.33662e-19)
(1.23001 0.769625 0)
(1.28601 0.806955 2.71446e-20)
(1.26243 0.81319 0)
(1.2049 0.790056 -1.3234e-19)
(1.13142 0.75933 0)
(1.05843 0.725269 0)
(0.981098 0.686519 -1.11883e-19)
(0.901165 0.63964 -7.00099e-19)
(0.829846 0.588092 -8.68542e-19)
(0.779544 0.539963 1.43229e-19)
(0.743894 0.497478 5.17649e-19)
(0.70837 0.454365 4.18718e-19)
(0.631021 0.398785 -1.47732e-18)
(0.500091 0.305036 -5.90403e-19)
(0.33329 0.201771 3.46205e-19)
(0.179898 0.107218 0)
(0.0653139 0.038557 9.70617e-19)
(0.0043121 0.0023794 -1.14491e-18)
(0.427168 0.290966 1.24115e-19)
(0.977856 0.63614 -1.54069e-19)
(1.21705 0.81131 0)
(1.27133 0.849675 -1.13492e-20)
(1.24715 0.85471 -5.31715e-21)
(1.18943 0.829766 0)
(1.1156 0.797578 5.24882e-20)
(1.04167 0.761877 7.43767e-20)
(0.962853 0.721405 -2.09746e-19)
(0.881747 0.672735 9.25352e-20)
(0.808877 0.618412 0)
(0.757094 0.567032 5.93755e-19)
(0.72015 0.522975 6.06612e-21)
(0.674923 0.474937 2.26028e-19)
(0.605318 0.405691 2.68088e-19)
(0.480342 0.318509 0)
(0.321153 0.20857 -5.63756e-19)
(0.173384 0.111515 1.10441e-18)
(0.0632903 0.0398716 -1.17178e-18)
(0.0043732 0.00277171 2.46655e-18)
(0.425447 0.305784 0)
(0.966914 0.664951 0)
(1.20302 0.84777 -7.62635e-20)
(1.25667 0.888956 0)
(1.23193 0.894418 0)
(1.17365 0.867984 -1.05405e-19)
(1.09943 0.833983 5.36807e-20)
(1.02517 0.796402 1.78692e-20)
(0.945404 0.754253 -4.7698e-20)
(0.861745 0.703739 0)
(0.784882 0.64717 -1.32846e-19)
(0.729602 0.592709 -4.84409e-19)
(0.690491 0.541687 -5.8408e-19)
(0.655331 0.489115 -2.35089e-19)
(0.582703 0.425312 2.90326e-19)
(0.461556 0.322462 -6.8384e-19)
(0.309592 0.213262 1.21348e-18)
(0.166563 0.112822 1.5687e-21)
(0.0606112 0.0407763 -1.12121e-18)
(0.00433522 0.00326219 -1.66346e-19)
(0.424324 0.319888 0)
(0.959374 0.695825 -1.24452e-19)
(1.19061 0.884562 9.2282e-20)
(1.24221 0.926515 0)
(1.21689 0.930919 0)
(1.15851 0.90306 2.09345e-19)
(1.08423 0.86798 0)
(1.00933 0.829253 0)
(0.928221 0.785973 -4.60878e-19)
(0.843114 0.734447 1.28975e-19)
(0.764261 0.675623 -1.17791e-18)
(0.706646 0.617879 0)
(0.666252 0.565071 -6.36158e-19)
(0.62 0.506352 1.00978e-20)
(0.555608 0.424163 -9.35099e-19)
(0.44182 0.328506 3.67706e-19)
(0.298728 0.212481 1.23781e-21)
(0.163686 0.111086 -1.26269e-18)
(0.0594328 0.0390326 6.03216e-19)
(0.00246665 0.000959268 1.77898e-19)
(0.422986 0.33379 0)
(0.949748 0.721872 -1.68381e-19)
(1.17746 0.916399 9.71404e-20)
(1.22813 0.960825 1.36634e-19)
(1.20231 0.965715 -5.63614e-21)
(1.1435 0.936772 2.06351e-20)
(1.069 0.900334 -3.0188e-20)
(0.993901 0.860192 4.34899e-19)
(0.911926 0.815696 4.93009e-19)
(0.824373 0.762879 9.81075e-19)
(0.741754 0.702782 9.78662e-19)
(0.679277 0.642832 1.72503e-19)
(0.634297 0.58203 9.1496e-19)
(0.59804 0.515582 5.65869e-19)
(0.530198 0.437974 6.71012e-19)
(0.422719 0.321489 -4.02281e-19)
(0.287892 0.205249 -4.63106e-19)
(0.164719 0.108448 5.44579e-19)
(0.0675672 0.0472858 -3.24276e-19)
(0.0100733 0.0107205 5.76629e-19)
(0.422071 0.347196 2.34902e-19)
(0.943207 0.750013 2.64014e-19)
(1.16592 0.949012 5.56592e-20)
(1.21442 0.993829 1.55165e-20)
(1.18806 0.997705 -1.60602e-20)
(1.12929 0.967618 -5.77238e-20)
(1.05493 0.930418 2.87702e-20)
(0.979336 0.889519 -1.91691e-20)
(0.896061 0.844343 -5.74609e-19)
(0.807001 0.791216 -1.06519e-18)
(0.721991 0.729996 6.79241e-20)
(0.656128 0.666695 0)
(0.609397 0.60462 0)
(0.558616 0.53154 -2.95387e-19)
(0.497765 0.427584 -1.10082e-18)
(0.401134 0.315483 8.66617e-19)
(0.286228 0.187196 5.07381e-19)
(0.177056 0.0873019 0)
(0.0847439 0.0172783 1.0378e-18)
(0.00387128 -0.016303 -6.14459e-19)
(0.42094 0.360222 -1.24673e-19)
(0.934743 0.773367 1.09911e-19)
(1.15373 0.976826 -1.32808e-19)
(1.20127 1.02376 -1.12092e-19)
(1.17454 1.02811 -2.14763e-20)
(1.11545 0.997226 -1.85066e-20)
(1.04095 0.959026 0)
(0.965189 0.917113 -5.46952e-19)
(0.881151 0.871094 6.94494e-20)
(0.789946 0.81719 0)
(0.701492 0.755599 0)
(0.629864 0.691561 1.10706e-19)
(0.574807 0.621643 1.48933e-19)
(0.53195 0.5376 -3.19639e-19)
(0.465399 0.437627 7.89975e-19)
(0.373246 0.293045 -9.44812e-19)
(0.269849 0.161971 -1.08882e-18)
(0.199333 0.0758818 9.64923e-19)
(0.153535 0.0701997 -3.68857e-19)
(0.11034 0.0752464 2.14572e-19)
(0.420162 0.372392 1.54541e-19)
(0.928986 0.798731 0)
(1.14309 1.00575 0)
(1.18854 1.05273 -3.15599e-20)
(1.16136 1.05607 2.55493e-20)
(1.10239 1.02424 -1.98756e-20)
(1.02814 0.985519 1.32023e-19)
(0.952003 0.943153 5.5927e-19)
(0.866885 0.89686 1.04324e-18)
(0.774325 0.843167 -8.06288e-20)
(0.683095 0.781595 1.67191e-19)
(0.607448 0.715008 -9.91794e-19)
(0.549919 0.645275 -9.91378e-19)
(0.48663 0.556402 -1.71991e-19)
(0.418141 0.420271 0)
(0.337576 0.281948 -4.52407e-21)
(0.251933 0.0881986 6.01423e-19)
(0.244027 -0.0282756 -1.0092e-18)
(0.210807 -0.108784 7.66749e-19)
(0.0881753 -0.0995458 6.34459e-19)
(0.418958 0.384301 -3.4068e-19)
(0.921236 0.819354 -1.53139e-19)
(1.13172 1.03002 6.908e-21)
(1.17632 1.07895 6.18732e-20)
(1.14884 1.08285 0)
(1.08958 1.05051 -4.5836e-20)
(1.0152 1.01114 -1.91993e-19)
(0.938946 0.968216 -2.34141e-21)
(0.853213 0.92154 -5.46535e-19)
(0.758595 0.867562 -7.92166e-20)
(0.664129 0.806559 7.35803e-20)
(0.582631 0.741835 8.71515e-19)
(0.512082 0.665672 9.66959e-19)
(0.453405 0.562589 1.68048e-19)
(0.376756 0.438201 8.57302e-19)
(0.274762 0.246318 0)
(0.14836 0.0698291 0)
(-0.0107556 0.176958 6.8956e-19)
(-0.0786954 0.629797 -2.72006e-20)
(0.0095538 1.54433 -8.56231e-19)
(0.418209 0.395421 1.87831e-19)
(0.916069 0.842355 4.32694e-19)
(1.12184 1.05606 -5.99384e-19)
(1.16438 1.10492 3.0619e-19)
(1.1364 1.108 -1.13009e-20)
(1.07722 1.07507 4.26228e-21)
(1.0031 1.03562 0)
(0.926505 0.992773 -4.65559e-19)
(0.839766 0.946532 0)
(0.743848 0.893603 1.11274e-18)
(0.646199 0.833869 -9.02975e-20)
(0.559764 0.767872 1.01252e-19)
(0.487192 0.69524 1.11422e-18)
(0.39846 0.595987 -3.6525e-19)
(0.286476 0.422173 -4.35181e-19)
(0.184094 0.296299 0)
(0.0749631 0.462249 0)
(0.0244386 1.35938 0)
(0.0711431 2.47303 -3.91321e-19)
(0.0975126 2.9154 -2.41769e-19)
(0.416701 0.406077 0)
(0.908839 0.860479 0)
(1.11118 1.07736 2.18133e-19)
(1.15299 1.12824 -2.4935e-19)
(1.1247 1.13216 1.16694e-19)
(1.06522 1.09912 4.92724e-21)
(0.99093 1.0595 2.52465e-20)
(0.914248 1.01671 -1.9656e-20)
(0.82702 0.970767 7.77072e-20)
(0.7291 0.918369 -1.2771e-18)
(0.628259 0.860399 1.63387e-19)
(0.536281 0.799942 8.76772e-19)
(0.445654 0.72473 -1.10947e-18)
(0.36059 0.604111 -1.22624e-18)
(0.264189 0.479011 4.1185e-19)
(0.180698 0.624561 0)
(0.113409 1.58643 5.60562e-19)
(0.118269 2.70079 6.05023e-19)
(0.125681 3.09043 -6.75943e-19)
(0.118402 3.22337 7.19994e-19)
(0.415715 0.416452 0)
(0.904197 0.881204 3.78348e-19)
(1.10207 1.10084 -5.46759e-20)
(1.14192 1.15156 3.44291e-19)
(1.11311 1.15482 -1.2249e-19)
(1.05371 1.12151 0)
(0.979726 1.08219 0)
(0.902779 1.03989 0)
(0.814693 0.99503 4.34372e-19)
(0.715794 0.9446 5.86438e-20)
(0.611939 0.889153 0)
(0.514477 0.82791 -8.71306e-19)
(0.427878 0.758494 0)
(0.304679 0.649345 8.77364e-19)
(0.200144 0.698621 -5.94851e-19)
(0.145136 1.46613 -4.76542e-19)
(0.149227 2.68739 -1.09636e-18)
(0.172716 3.12609 -5.75946e-19)
(0.163313 3.26537 -7.73842e-19)
(0.150387 3.30557 5.63999e-19)
(0.414099 0.425798 -1.31629e-19)
(0.89738 0.89685 1.48395e-20)
(1.09212 1.11934 -6.05974e-20)
(1.13145 1.17222 -2.67043e-19)
(1.10234 1.17658 0)
(1.04267 1.14347 0)
(0.968498 1.10433 0)
(0.891526 1.06258 3.29e-20)
(0.803159 1.01857 -5.49448e-19)
(0.702567 0.969424 0)
(0.596017 0.916679 0)
(0.496019 0.864287 0)
(0.383931 0.790747 0)
(0.308893 0.741649 6.44423e-19)
(0.265773 1.14038 1.58075e-18)
(0.238711 2.3999 4.63993e-19)
(0.255776 3.08157 9.28063e-19)
(0.250413 3.27879 -7.1059e-19)
(0.202178 3.34418 2.59983e-19)
(0.170503 3.35736 0)
(0.412947 0.435012 1.35218e-19)
(0.893101 0.91604 -8.37237e-19)
(1.08358 1.14121 -2.26002e-19)
(1.12102 1.19379 -5.01733e-20)
(1.09139 1.19759 2.84663e-20)
(1.03185 1.16444 -1.14452e-19)
(0.958062 1.12585 -5.61477e-22)
(0.880932 1.08486 -3.593e-19)
(0.791914 1.0424 0)
(0.690783 0.995979 -7.52738e-20)
(0.582186 0.947011 6.84776e-20)
(0.476597 0.892811 0)
(0.382327 0.832363 0)
(0.321201 0.933582 -8.07451e-19)
(0.266383 1.85225 1.01102e-19)
(0.262825 2.94479 -3.48859e-19)
(0.287723 3.28192 7.29119e-19)
(0.259114 3.38014 5.22005e-19)
(0.194659 3.40472 -7.05236e-19)
(0.170277 3.41489 3.47897e-19)
(0.410871 0.444481 2.64781e-19)
(0.885651 0.930916 8.14393e-19)
(1.07314 1.15901 2.7197e-19)
(1.11037 1.21407 0)
(1.08057 1.21918 0)
(1.02083 1.18631 8.87167e-20)
(0.946919 1.14796 5.22357e-20)
(0.869971 1.10774 3.19868e-19)
(0.781029 1.06637 2.12145e-20)
(0.678747 1.02164 9.58224e-19)
(0.56868 0.975724 -1.14346e-18)
(0.45826 0.927765 0)
(0.379313 0.91153 0)
(0.333383 1.3093 -5.50742e-19)
(0.328986 2.49544 -6.61313e-19)
(0.373705 3.1943 0)
(0.398788 3.36242 -7.36029e-19)
(0.328067 3.42532 5.11949e-20)
(0.259806 3.47089 3.37653e-19)
(0.237715 3.49635 -1.09503e-19)
(0.409083 0.454274 -5.03058e-19)
(0.88078 0.952165 -3.90626e-19)
(1.06354 1.18318 0)
(1.09871 1.23733 0)
(1.06844 1.24156 0)
(1.00904 1.20847 0)
(0.93581 1.17061 -6.32735e-20)
(0.85899 1.13101 2.77864e-19)
(0.769781 1.09125 0)
(0.667798 1.04958 -8.72115e-19)
(0.557482 1.00806 2.05217e-18)
(0.447224 0.967571 8.41837e-20)
(0.395777 1.03175 1.13565e-19)
(0.385116 1.74208 8.97136e-19)
(0.395867 2.9015 -4.82304e-19)
(0.435754 3.31376 0)
(0.418844 3.43521 2.06767e-19)
(0.333059 3.52431 9.11609e-20)
(0.259327 3.5885 1.49338e-19)
(0.183848 3.56796 -1.62203e-20)
(0.406097 0.464616 2.38981e-19)
(0.871341 0.967945 -3.97428e-19)
(1.05108 1.20207 0)
(1.08643 1.25914 -7.35366e-20)
(1.05615 1.26482 2.54133e-19)
(0.996702 1.23184 0)
(0.923557 1.19396 0)
(0.847301 1.15511 -4.81368e-19)
(0.758716 1.11637 -5.55029e-20)
(0.656478 1.07636 8.55098e-19)
(0.543004 1.03716 -9.74849e-19)
(0.451696 1.01725 5.73531e-19)
(0.412096 1.22097 0)
(0.420112 2.18661 -4.75664e-19)
(0.462095 3.14262 3.12008e-19)
(0.527081 3.41566 1.95537e-19)
(0.518147 3.51115 0)
(0.45566 3.59329 -3.73784e-20)
(0.386823 3.633 -4.1047e-19)
(0.306468 3.60515 -9.67673e-20)
(0.403371 0.475144 -4.74636e-19)
(0.865374 0.992211 5.6873e-19)
(1.03985 1.22959 3.9548e-19)
(1.0729 1.2848 -9.84661e-20)
(1.04219 1.28904 -3.87752e-19)
(0.983356 1.25556 0)
(0.911318 1.21805 2.29005e-20)
(0.835573 1.17951 1.73231e-19)
(0.747242 1.14223 2.86621e-20)
(0.646273 1.10521 -7.38724e-19)
(0.533845 1.07233 -5.14946e-20)
(0.452831 1.07874 -6.46957e-19)
(0.448122 1.4537 7.10659e-19)
(0.492271 2.55173 1.56328e-19)
(0.558019 3.30263 -2.74915e-19)
(0.610606 3.46652 1.43359e-19)
(0.569673 3.51718 0)
(0.512563 3.52124 0)
(0.42011 3.48439 -6.80297e-19)
(0.193122 3.27475 1.25633e-18)
(0.398874 0.486038 2.27032e-19)
(0.853293 1.00888 5.59263e-19)
(1.02495 1.24948 -4.03031e-19)
(1.05875 1.30812 3.58909e-19)
(1.02825 1.31391 4.03403e-19)
(0.969638 1.28029 0)
(0.897992 1.24241 -1.57774e-20)
(0.823309 1.20456 1.36629e-19)
(0.736283 1.16809 0)
(0.636173 1.1324 0)
(0.528945 1.10482 0)
(0.462695 1.15792 0)
(0.488863 1.69565 -8.02123e-19)
(0.550171 2.86025 -2.08604e-19)
(0.62654 3.38851 0)
(0.669459 3.47861 -2.50331e-20)
(0.667405 3.48415 0)
(0.744611 3.3248 1.40686e-19)
(0.839899 2.95479 -1.77143e-18)
(0.447336 2.57247 1.85815e-18)
(0.395016 0.496378 -4.59759e-19)
(0.845739 1.03641 -3.58323e-19)
(1.01172 1.28086 -2.66721e-19)
(1.04302 1.33646 -3.35642e-19)
(1.0122 1.34012 -1.96215e-19)
(0.954594 1.30569 0)
(0.884595 1.26803 1.23749e-21)
(0.810888 1.23005 -3.95722e-20)
(0.724746 1.19472 -2.17815e-19)
(0.627166 1.1617 0)
(0.523909 1.14326 5.10967e-20)
(0.4781 1.25246 -5.80847e-20)
(0.535215 1.95131 0)
(0.624915 3.07953 2.71935e-19)
(0.717051 3.42954 0)
(0.747651 3.46536 -9.99989e-20)
(0.749666 3.37461 2.75667e-19)
(0.743838 2.99263 -1.38806e-19)
(0.49819 1.98193 2.73128e-19)
(-0.3408 0.492453 -6.63332e-19)
(0.38748 0.507414 -1.2936e-20)
(0.829907 1.0537 -1.82512e-19)
(0.993559 1.30163 3.67694e-19)
(1.02638 1.36169 -1.98696e-20)
(0.996038 1.3672 -6.15742e-20)
(0.938973 1.33251 0)
(0.869696 1.29423 7.78768e-20)
(0.797607 1.25714 -6.55556e-20)
(0.71353 1.22266 3.89969e-19)
(0.614961 1.19062 -4.93834e-19)
(0.526253 1.18274 -5.99811e-19)
(0.502727 1.37135 0)
(0.58981 2.25887 4.02331e-19)
(0.688585 3.214 -5.64048e-20)
(0.762861 3.41061 2.8236e-20)
(0.768875 3.39965 0)
(0.699552 3.16828 -1.44989e-19)
(0.529695 2.39342 1.53023e-19)
(0.100702 0.621151 -1.81534e-19)
(-0.247712 -0.391926 -1.67058e-19)
(0.382196 0.517604 4.30817e-19)
(0.820004 1.08453 -1.78497e-19)
(0.977505 1.33766 2.58059e-19)
(1.00765 1.39358 1.99461e-19)
(0.97712 1.3964 1.23364e-19)
(0.921517 1.36081 2.38797e-19)
(0.854521 1.32295 -1.69384e-19)
(0.783903 1.28548 3.52547e-22)
(0.701297 1.25207 -2.81188e-19)
(0.605747 1.22371 3.40166e-20)
(0.528223 1.2312 9.77743e-20)
(0.53141 1.51806 -3.95351e-19)
(0.640396 2.51912 1.0753e-19)
(0.749921 3.2848 -2.13867e-19)
(0.813511 3.38445 3.56134e-20)
(0.789384 3.30387 7.81638e-20)
(0.660713 2.85597 -2.06781e-19)
(0.403677 1.62068 1.34838e-19)
(0.0592047 0.0490304 0)
(-0.0794568 -0.157599 -2.92282e-19)
(0.37017 0.526017 0)
(0.799026 1.10127 -6.75485e-19)
(0.955131 1.3587 2.3681e-20)
(0.987915 1.42069 -3.29281e-19)
(0.958186 1.42591 0)
(0.903622 1.39005 -1.7643e-19)
(0.837805 1.35132 1.66892e-19)
(0.769529 1.31514 -3.29802e-22)
(0.690001 1.2828 1.93815e-19)
(0.597958 1.25678 3.52293e-19)
(0.532605 1.2847 4.61504e-19)
(0.564725 1.67677 4.86919e-20)
(0.697523 2.76854 -2.94674e-19)
(0.800996 3.31609 1.40375e-20)
(0.835325 3.34276 6.23744e-21)
(0.757312 3.12286 7.62594e-20)
(0.524468 2.31112 8.8251e-20)
(0.116222 0.439865 -1.04592e-19)
(-0.137828 -0.244655 0)
(-0.115252 -0.206448 0)
(0.36174 0.537193 -4.14289e-19)
(0.78531 1.13491 6.68791e-19)
(0.935433 1.39923 0)
(0.965564 1.45602 0)
(0.935869 1.45791 0)
(0.883455 1.42113 0)
(0.820701 1.38314 -8.63449e-20)
(0.754496 1.34618 -1.62089e-20)
(0.677325 1.31472 -3.62679e-20)
(0.5915 1.29323 3.68411e-20)
(0.539219 1.34873 -3.77648e-19)
(0.601266 1.85856 2.78488e-19)
(0.747457 2.9493 0)
(0.839742 3.31212 3.64883e-20)
(0.859027 3.27807 6.00554e-20)
(0.720395 2.85884 -2.31878e-20)
(0.390564 1.67672 1.04108e-19)
(0.0174791 -0.0407825 6.00199e-20)
(-0.1572 -0.200935 -2.44199e-19)
(-0.0570504 -0.137461 -2.85407e-19)
(0.34523 0.539342 2.10064e-19)
(0.758129 1.14719 3.12745e-19)
(0.908087 1.41898 -9.35763e-21)
(0.942101 1.48427 1.72642e-19)
(0.913506 1.48923 0)
(0.862952 1.45221 3.28818e-19)
(0.801933 1.41297 -6.88833e-20)
(0.738935 1.37768 1.9993e-20)
(0.664654 1.34734 -3.60031e-20)
(0.585823 1.33 2.62986e-20)
(0.550031 1.42024 2.55277e-19)
(0.641694 2.06734 -1.25843e-19)
(0.796862 3.07351 -1.10177e-19)
(0.874912 3.30671 2.39211e-21)
(0.85655 3.17787 -3.18208e-20)
(0.620685 2.50298 1.4163e-19)
(0.188817 0.706819 -7.90375e-20)
(-0.084297 -0.269323 1.16584e-19)
(-0.128244 -0.221537 -3.57004e-19)
(-0.0603303 -0.122597 2.49734e-19)
(0.329887 0.547609 -1.96493e-19)
(0.73709 1.18001 0)
(0.884144 1.46275 -2.29966e-19)
(0.915268 1.52242 -3.32536e-19)
(0.887073 1.52331 0)
(0.839739 1.48548 -2.56422e-19)
(0.782559 1.44737 0)
(0.722241 1.4107 -1.27112e-19)
(0.649477 1.38088 -1.50034e-20)
(0.581958 1.37048 5.87718e-20)
(0.562737 1.50274 -1.20072e-19)
(0.683751 2.26796 6.98579e-20)
(0.835558 3.14052 1.73484e-19)
(0.901026 3.27376 1.19006e-20)
(0.83771 3.02544 -3.24134e-20)
(0.526302 2.06972 -4.84705e-20)
(0.0739754 0.117385 1.24563e-19)
(-0.183542 -0.250217 -1.38309e-19)
(-0.105689 -0.210252 4.45454e-22)
(-0.053586 -0.0767249 -2.61184e-20)
(0.306508 0.542407 3.89912e-19)
(0.703306 1.18527 -2.99014e-19)
(0.851218 1.47861 2.43804e-19)
(0.886978 1.55039 1.60018e-19)
(0.860533 1.55534 2.8347e-20)
(0.8163 1.5174 1.59824e-19)
(0.761299 1.4775 0)
(0.70523 1.44271 -3.83663e-20)
(0.635957 1.41494 0)
(0.577225 1.41094 -5.49669e-20)
(0.57797 1.59087 1.19593e-19)
(0.723627 2.44881 -2.32204e-21)
(0.87476 3.1846 -5.6151e-20)
(0.919662 3.24101 3.78439e-20)
(0.802271 2.83938 -1.29577e-20)
(0.372174 1.50509 6.35132e-20)
(-0.0487238 -0.131123 -1.89032e-19)
(-0.226743 -0.25145 -1.07053e-19)
(-0.124051 -0.248808 -4.05223e-20)
(-0.0748721 -0.0895586 1.93864e-19)
(0.284144 0.541568 4.2237e-21)
(0.675106 1.21425 1.52952e-19)
(0.821589 1.52212 0)
(0.854195 1.5896 3.0037e-19)
(0.829557 1.59032 -4.29296e-19)
(0.789715 1.55167 1.61112e-19)
(0.739171 1.51347 -1.08225e-19)
(0.686654 1.47667 1.06694e-19)
(0.620438 1.44962 -9.57787e-20)
(0.572753 1.45489 -8.64953e-22)
(0.593217 1.68329 2.0707e-20)
(0.765655 2.60309 4.40748e-20)
(0.898366 3.19243 3.50856e-20)
(0.92492 3.17771 -5.94327e-20)
(0.734379 2.58179 -5.89136e-20)
(0.284486 0.998568 1.11656e-19)
(-0.0454808 -0.25568 -1.08559e-19)
(-0.190998 -0.288973 7.67716e-20)
(-0.112351 -0.275611 2.02767e-21)
(-0.0814215 -0.109159 -1.63733e-19)
(0.253749 0.522662 7.23329e-19)
(0.632663 1.2069 -1.52007e-19)
(0.78129 1.52953 -4.17116e-19)
(0.820111 1.61408 3.38594e-19)
(0.798796 1.62142 -1.87959e-19)
(0.762793 1.58289 3.10995e-19)
(0.714878 1.54243 1.69485e-19)
(0.667884 1.50755 0)
(0.607475 1.48331 1.10179e-19)
(0.566157 1.49727 -1.59929e-20)
(0.608531 1.773 -1.02017e-20)
(0.798447 2.72464 -1.0767e-21)
(0.919239 3.19376 1.77064e-20)
(0.926394 3.12153 7.91362e-21)
(0.683955 2.38984 -8.30824e-20)
(0.173595 0.459666 -3.01921e-20)
(-0.0383415 -0.271142 1.03629e-19)
(-0.111711 -0.284939 4.72692e-20)
(-0.0854702 -0.242309 1.58752e-20)
(-0.0476883 -0.10344 1.33814e-19)
(0.223043 0.503193 0)
(0.594862 1.22316 1.41436e-19)
(0.743945 1.56824 -1.89516e-19)
(0.7807 1.6506 3.27913e-19)
(0.76377 1.65489 -4.08625e-19)
(0.732089 1.61621 1.70241e-19)
(0.689574 1.57815 0)
(0.64685 1.54091 0)
(0.592752 1.51625 0)
(0.558861 1.54194 2.32116e-20)
(0.620978 1.85746 -2.17484e-20)
(0.82934 2.81265 1.79559e-20)
(0.931386 3.19002 4.63862e-20)
(0.913243 3.03746 4.35848e-20)
(0.588548 2.1178 -7.71258e-20)
(0.0546775 0.117887 5.15212e-20)
(-0.126378 -0.282925 5.37277e-21)
(-0.101819 -0.28709 -1.05111e-19)
(-0.0765698 -0.199975 1.27052e-20)
(-0.0229779 -0.0654162 0)
(0.184873 0.459286 6.61143e-19)
(0.540956 1.19095 -1.32254e-19)
(0.695013 1.56035 4.46509e-21)
(0.741463 1.66791 0)
(0.72846 1.68159 -1.96457e-19)
(0.701154 1.645 1.84266e-20)
(0.661996 1.60423 0)
(0.625696 1.56889 5.2758e-20)
(0.578521 1.54658 -4.16317e-20)
(0.550556 1.58052 0)
(0.630388 1.93169 0)
(0.844833 2.87496 -3.24933e-20)
(0.938032 3.18235 -5.63486e-20)
(0.894815 2.97328 2.26475e-21)
(0.534324 1.89773 -2.04158e-20)
(-0.00648459 -0.00344963 2.7312e-20)
(-0.158028 -0.266518 0)
(-0.129416 -0.306666 -6.02749e-20)
(-0.0833859 -0.194671 -9.55165e-20)
(-0.0193031 -0.0588439 2.26719e-19)
(0.145426 0.40631 5.44872e-19)
(0.491574 1.18041 -1.26357e-19)
(0.648664 1.58558 1.79727e-19)
(0.695591 1.69657 -4.46105e-19)
(0.688193 1.70903 0)
(0.666847 1.67505 0)
(0.633411 1.63675 0)
(0.60227 1.59959 5.56463e-20)
(0.562067 1.57527 -4.39073e-20)
(0.540634 1.61754 0)
(0.634498 1.99531 0)
(0.858648 2.91155 9.52707e-20)
(0.936468 3.18121 -3.22872e-20)
(0.877751 2.89926 3.58943e-20)
(0.485602 1.72317 6.12347e-20)
(-0.00731659 -0.0511797 0)
(-0.178176 -0.301591 -1.54981e-20)
(-0.134282 -0.366501 -1.97294e-20)
(-0.0963281 -0.240964 1.85247e-19)
(-0.0165953 -0.0699606 -2.25413e-19)
(0.1016 0.321894 -5.06137e-19)
(0.42328 1.10044 1.32018e-19)
(0.590268 1.54927 3.7628e-19)
(0.651076 1.70082 2.57433e-19)
(0.64805 1.72721 -2.08381e-19)
(0.632229 1.6988 -1.39375e-19)
(0.602779 1.6583 9.61126e-20)
(0.578561 1.62301 0)
(0.545669 1.5997 0)
(0.527692 1.64275 0)
(0.629156 2.02775 -8.02712e-20)
(0.858605 2.93393 -9.35346e-20)
(0.934978 3.18592 3.08377e-20)
(0.858495 2.89727 -2.107e-20)
(0.504715 1.65484 -3.55102e-21)
(0.0333332 0.0236173 0)
(-0.163769 -0.307968 2.61244e-20)
(-0.140221 -0.404539 -1.5339e-19)
(-0.0972607 -0.287989 3.55575e-19)
(-0.012556 -0.0800455 -2.04415e-19)
(0.0515601 0.21825 5.35078e-19)
(0.358757 1.03962 -4.39582e-19)
(0.531542 1.54278 0)
(0.596947 1.71145 1.27343e-19)
(0.603658 1.74396 9.26069e-20)
(0.595036 1.72142 1.96478e-19)
(0.571347 1.68364 -8.98413e-20)
(0.552394 1.64719 0)
(0.526908 1.62195 0)
(0.512973 1.66346 -1.61679e-19)
(0.616623 2.03521 -1.86434e-21)
(0.858293 2.93761 8.18971e-20)
(0.92244 3.18927 4.42442e-20)
(0.857068 2.89528 4.81972e-20)
(0.498782 1.73828 -5.38861e-20)
(-0.0291791 0.227015 7.23056e-20)
(-0.202009 -0.241228 -5.47518e-20)
(-0.214659 -0.383306 0)
(-0.144842 -0.311557 -7.92495e-21)
(-0.0181515 -0.0168099 1.45117e-19)
(0.0127743 0.128549 5.46811e-19)
(0.26449 0.871634 0)
(0.46148 1.45125 0)
(0.547743 1.69056 0)
(0.559842 1.74839 7.82596e-20)
(0.557526 1.73718 -1.9414e-19)
(0.538363 1.69974 -8.84063e-20)
(0.525324 1.66418 0)
(0.506328 1.63801 0)
(0.495053 1.67376 9.96267e-20)
(0.592986 2.01247 3.31174e-20)
(0.839065 2.90651 -3.88944e-20)
(0.924061 3.19182 5.71259e-21)
(0.827249 2.98639 5.07855e-20)
(0.476172 1.8284 -8.88298e-20)
(-0.0721314 0.372796 1.57597e-19)
(-0.304474 -0.294713 -1.33705e-19)
(-0.325207 -0.680657 0)
(-0.309394 -0.779488 7.27507e-21)
(-0.112847 -0.4614 2.03179e-19)
(-0.00660788 0.0704793 -5.07492e-19)
(0.181032 0.725107 1.74729e-19)
(0.387667 1.37196 2.72998e-19)
(0.485187 1.66024 -1.34301e-20)
(0.513947 1.74727 -1.66775e-19)
(0.517228 1.74518 -1.0971e-19)
(0.505335 1.71536 2.48733e-19)
(0.495866 1.67784 -4.71194e-21)
(0.483865 1.64916 0)
(0.476068 1.67752 2.76285e-20)
(0.565022 1.96291 -1.49927e-20)
(0.817985 2.84329 4.26909e-20)
(0.946521 3.17969 0)
(0.9759 3.06746 -3.63336e-20)
(0.78555 2.33291 0)
(0.336928 0.903087 -4.81775e-20)
(-0.0327031 -0.180365 -2.99343e-20)
(-0.287658 -0.823843 0)
(-0.285144 -1.11829 0)
(-0.179616 -0.982969 4.27413e-19)
(-0.00101593 0.00324012 4.09302e-19)
(0.0746678 0.344237 -1.53487e-19)
(0.322916 1.16529 1.22334e-19)
(0.436447 1.58465 -1.93608e-19)
(0.468537 1.72843 7.62393e-20)
(0.477481 1.74774 -2.66359e-20)
(0.470797 1.72936 1.71617e-20)
(0.463094 1.68916 -3.26314e-20)
(0.455575 1.65365 -2.17276e-20)
(0.450634 1.66884 -2.18028e-20)
(0.520305 1.88776 3.31821e-21)
(0.796144 2.69194 0)
(0.986784 3.10124 -3.19543e-21)
(1.01885 3.01713 0)
(1.02076 2.63753 0)
(0.813853 1.82085 0)
(0.511866 0.815573 -8.36193e-20)
(0.163396 -0.0470887 2.50572e-19)
(-0.021553 -1.15654 -1.54248e-20)
(-0.128185 -1.24163 -1.20696e-19)
(0.00878767 -0.0460693 7.33279e-20)
(0.0145578 0.127323 6.87418e-20)
(0.204805 0.883731 -5.60061e-20)
(0.361677 1.45074 -4.29107e-20)
(0.423111 1.68934 3.46842e-20)
(0.43632 1.73692 2.48513e-20)
(0.433723 1.73099 1.77677e-20)
(0.427361 1.69369 0)
(0.424647 1.65205 -9.14445e-21)
(0.424301 1.65299 -5.78177e-21)
(0.456177 1.78957 1.60633e-20)
(0.665794 2.46044 0)
(0.906792 2.96726 1.19004e-20)
(0.94525 2.94203 -9.65742e-21)
(0.936843 2.70246 0)
(0.833605 2.19088 0)
(0.591695 1.34032 -5.3246e-21)
(0.373511 0.468326 0)
(0.193394 -0.182052 -5.64592e-21)
(0.0497673 -0.594971 0)
(-0.000928905 -0.0687441 0)
(0.00292428 -0.0193853 0)
(0.0763242 0.373399 0)
(0.282025 1.20934 0)
(0.364957 1.60289 -8.6935e-34)
(0.392632 1.7274 6.69672e-34)
(0.392207 1.73363 0)
(0.386556 1.70804 0)
(0.381023 1.64944 0)
(0.384129 1.63366 0)
(0.392014 1.71092 0)
(0.503671 2.18767 0)
(0.744627 2.82545 0)
(0.78026 2.86006 0)
(0.767964 2.73832 0)
(0.714945 2.42162 0)
(0.561985 1.82135 0)
(0.366 1.08888 0)
(0.178932 0.384754 0)
(0.042801 -0.072141 0)
(-0.00509638 -0.0660544 0)
(0.0113048 -0.0946845 0)
(0.0229997 0.0918849 0)
(0.184245 0.865709 0)
(0.300019 1.45662 0)
(0.342539 1.67631 0)
(0.349185 1.72049 0)
(0.346253 1.7081 0)
(0.338062 1.65017 0)
(0.337944 1.61799 0)
(0.334106 1.66282 0)
(0.378175 2.01674 0)
(0.592848 2.70935 0)
(0.620373 2.82877 0)
(0.60281 2.77625 0)
(0.570938 2.5763 0)
(0.474367 2.14528 0)
(0.314928 1.50457 0)
(0.15834 0.872692 0)
(0.0403041 0.354404 0)
(-0.00301697 -0.0771942 0)
(0.00899802 -0.132695 0)
(0.00526664 -0.0259347 0)
(0.0898627 0.543065 0)
(0.236995 1.30155 0)
(0.289856 1.63713 0)
(0.299328 1.71549 0)
(0.298608 1.70963 0)
(0.290031 1.65515 0)
(0.285892 1.60992 0)
(0.279175 1.63804 0)
(0.276235 1.91873 0)
(0.454519 2.60885 0)
(0.473457 2.82886 0)
(0.453462 2.82121 0)
(0.424295 2.7073 0)
(0.362076 2.40117 0)
(0.238758 1.84984 0)
(0.115804 1.27515 0)
(0.0253638 0.69628 0)
(-0.00128463 -0.079176 0)
(-0.00164518 -0.14158 0)
(0.000756762 -0.0766235 0)
(0.0313856 0.282079 0)
(0.176529 1.12143 0)
(0.23535 1.55752 0)
(0.251343 1.69758 0)
(0.249467 1.70776 0)
(0.239655 1.66316 0)
(0.232449 1.61015 0)
(0.229047 1.63158 0)
(0.196495 1.86854 0)
(0.33693 2.54 0)
(0.355832 2.83883 0)
(0.325179 2.87225 0)
(0.299249 2.81122 0)
(0.255569 2.5884 0)
(0.167105 2.12097 0)
(0.0735529 1.57642 0)
(0.0123221 0.922928 0)
(-0.00238286 -0.0637849 0)
(-0.00858396 -0.137543 0)
(0.00486876 -0.109791 0)
(0.00781953 0.138325 0)
(0.116169 0.98816 0)
(0.176286 1.50211 0)
(0.200248 1.68256 0)
(0.20183 1.70598 0)
(0.192546 1.67089 0)
(0.182559 1.61588 0)
(0.185673 1.63463 0)
(0.135663 1.84295 0)
(0.240392 2.4921 0)
(0.259 2.85034 0)
(0.226115 2.92072 0)
(0.201025 2.89206 0)
(0.170425 2.72348 0)
(0.107803 2.31858 0)
(0.0416546 1.79584 0)
(0.00291842 1.06464 0)
(-0.00453378 -0.0396701 0)
(-0.00549656 -0.142759 0)
(0.0172799 -0.130686 0)
(0.00943452 0.0487444 0)
(0.0830078 0.833556 0)
(0.136672 1.43647 0)
(0.151929 1.66642 0)
(0.150912 1.70603 0)
(0.144395 1.67906 0)
(0.135157 1.62487 0)
(0.146199 1.64272 0)
(0.0907356 1.83148 0)
(0.164615 2.46529 0)
(0.180982 2.86477 0)
(0.149608 2.96409 0)
(0.129319 2.95501 0)
(0.106182 2.82186 0)
(0.0621294 2.4577 0)
(0.0157786 1.9437 0)
(-0.00543774 1.12449 0)
(-0.00085582 -0.0318699 0)
(0.0221487 -0.196864 0)
(0.0532179 -0.178307 0)
(0.0547266 0.0116318 0)
(0.0597238 0.686337 0)
(0.111215 1.38157 0)
(0.111796 1.6524 0)
(0.105824 1.70339 0)
(0.100393 1.68254 0)
(0.0908842 1.63293 0)
(0.109736 1.65124 0)
(0.0559706 1.82697 0)
(0.106781 2.44885 0)
(0.118529 2.87843 0)
(0.0919178 3.00007 0)
(0.0739849 3.00416 0)
(0.0583527 2.89101 0)
(0.0276537 2.54928 0)
(-0.000165619 2.02779 0)
(-0.00960606 1.1178 0)
(0.0140314 -0.116037 0)
(0.0555489 -0.33006 0)
(0.0875639 -0.265863 0)
(0.0874571 0.026023 0)
(0.0423582 0.686773 0)
(0.0720032 1.36589 0)
(0.0577421 1.64454 0)
(0.0544991 1.70215 0)
(0.0573994 1.68311 0)
(0.0506904 1.63681 0)
(0.0759062 1.65778 0)
(0.0309311 1.82559 0)
(0.0636749 2.44449 0)
(0.0691656 2.89205 0)
(0.0479885 3.02904 0)
(0.0351645 3.04249 0)
(0.0244676 2.94043 0)
(0.00386025 2.61059 0)
(-0.0136215 2.08047 0)
(-0.0131133 1.08811 0)
(0.0218627 -0.298391 0)
(0.0571266 -0.472826 0)
(0.0815329 -0.322208 0)
(0.0501569 0.0949439 0)
(-0.0122471 0.72229 0)
(-0.00429008 1.37099 0)
(-0.0142498 1.64963 0)
(0.00148534 1.70071 0)
(0.0144824 1.67777 0)
(0.013713 1.63561 0)
(0.0447723 1.66096 0)
(0.0102653 1.82687 0)
(0.0329073 2.44115 0)
(0.0313551 2.90253 0)
(0.0148464 3.05091 0)
(0.00379421 3.07111 0)
(-0.00358307 2.97162 0)
(-0.0165357 2.63984 0)
(-0.0259993 2.07899 0)
(-0.0144293 1.02281 0)
(0.0134422 -0.405363 0)
(0.0290651 -0.531635 0)
(0.00467841 -0.234609 0)
(-0.0459624 0.252443 0)
(-0.109975 0.851811 0)
(-0.117399 1.41345 0)
(-0.102111 1.64616 0)
(-0.0638679 1.68979 0)
(-0.0292146 1.66749 0)
(-0.0193943 1.62771 0)
(0.0170697 1.65996 0)
(-0.00657346 1.8272 0)
(0.00911606 2.44353 0)
(0.0025568 2.9098 0)
(-0.00898449 3.06539 0)
(-0.0172376 3.08943 0)
(-0.0232189 2.98905 0)
(-0.0299346 2.65324 0)
(-0.0313509 2.06203 0)
(-0.0161308 0.9351 0)
(0.00247414 -0.424693 0)
(-0.0289865 -0.434971 0)
(-0.0811747 -0.10111 0)
(-0.135464 0.393246 0)
(-0.195929 0.970769 0)
(-0.195121 1.4096 0)
(-0.168296 1.60302 0)
(-0.118665 1.65553 0)
(-0.0689331 1.64307 0)
(-0.0494553 1.61084 0)
(-0.00585699 1.65356 0)
(-0.0212039 1.82883 0)
(-0.00890358 2.44477 0)
(-0.0184879 2.91547 0)
(-0.0261508 3.07516 0)
(-0.0328652 3.10051 0)
(-0.0356306 2.99667 0)
(-0.0395418 2.6486 0)
(-0.0341842 2.02629 0)
(-0.0146007 0.844772 0)
(-0.0124177 -0.323091 0)
(-0.0554606 -0.280422 0)
(-0.118163 0.0547699 0)
(-0.173872 0.515076 0)
(-0.224962 1.02541 0)
(-0.219682 1.36705 0)
(-0.193274 1.53597 0)
(-0.144708 1.59982 0)
(-0.0935261 1.60317 0)
(-0.0708762 1.58531 0)
(-0.0230028 1.64246 0)
(-0.0338141 1.82775 0)
(-0.0232487 2.44934 0)
(-0.0335045 2.92036 0)
(-0.0373342 3.08043 0)
(-0.0408343 3.10596 0)
(-0.0421828 2.99608 0)
(-0.0424315 2.63295 0)
(-0.0334401 1.97061 0)
(-0.0112538 0.757041 0)
(-0.0138888 -0.196306 0)
(-0.0574981 -0.0987329 0)
(-0.121508 0.214631 0)
(-0.178206 0.624447 0)
(-0.217781 1.0512 0)
(-0.209499 1.32241 0)
(-0.18689 1.47157 0)
(-0.146143 1.5406 0)
(-0.102415 1.55804 0)
(-0.079867 1.55601 0)
(-0.0322114 1.62693 0)
(-0.0421833 1.82773 0)
(-0.033089 2.45262 0)
(-0.0422793 2.92488 0)
(-0.0437441 3.08457 0)
(-0.0461571 3.10872 0)
(-0.0448803 2.99139 0)
(-0.042347 2.61722 0)
(-0.0302101 1.91573 0)
(-0.00751222 0.682931 0)
(-0.0114291 -0.07221 0)
(-0.0490875 0.0697034 0)
(-0.105038 0.358034 0)
(-0.154981 0.720294 0)
(-0.187375 1.07543 0)
(-0.180445 1.29677 0)
(-0.163476 1.42617 0)
(-0.131981 1.49249 0)
(-0.0975925 1.51692 0)
(-0.0793943 1.52704 0)
(-0.0356876 1.60997 0)
(-0.0478963 1.8237 0)
(-0.0388677 2.45845 0)
(-0.0471722 2.92779 0)
(-0.0472931 3.08468 0)
(-0.0474733 3.10695 0)
(-0.0446747 2.98062 0)
(-0.0401209 2.5864 0)
(-0.0259613 1.85173 0)
(-0.00436352 0.621507 0)
(-0.00816519 0.0281572 0)
(-0.0369134 0.212005 0)
(-0.0811645 0.480277 0)
(-0.121247 0.800671 0)
(-0.148066 1.10191 0)
(-0.145583 1.28826 0)
(-0.135893 1.40015 0)
(-0.113436 1.46031 0)
(-0.0861407 1.48611 0)
(-0.0729823 1.50228 0)
(-0.034637 1.59372 0)
(-0.046694 1.82118 0)
(-0.0405454 2.46142 0)
(-0.0481483 2.92954 0)
(-0.0471209 3.0838 0)
(-0.0465023 3.1043 0)
(-0.0428849 2.97216 0)
(-0.0369427 2.56339 0)
(-0.0216331 1.79614 0)
(-0.00208511 0.575555 0)
(-0.00469091 0.0960782 0)
(-0.0242092 0.317998 0)
(-0.0570512 0.578165 0)
(-0.0879057 0.869519 0)
(-0.110117 1.13188 0)
(-0.111686 1.29228 0)
(-0.108805 1.38968 0)
(-0.0946372 1.4432 0)
(-0.0735958 1.46746 0)
(-0.065247 1.48508 0)
(-0.0322041 1.58184 0)
(-0.0453734 1.8217 0)
(-0.0398238 2.46638 0)
(-0.0471827 2.93036 0)
(-0.0457386 3.08173 0)
(-0.044004 3.09857 0)
(-0.0396079 2.95503 0)
(-0.033025 2.52747 0)
(-0.0174854 1.73421 0)
(-0.000529185 0.53835 0)
(-0.00232244 0.138336 0)
(-0.0145128 0.391923 0)
(-0.0379212 0.649348 0)
(-0.0608941 0.920086 0)
(-0.0786581 1.15579 0)
(-0.0823488 1.29848 0)
(-0.0840692 1.38515 0)
(-0.0767639 1.43338 0)
(-0.0609636 1.45606 0)
(-0.0579036 1.47437 0)
(-0.0284415 1.5741 0)
(-0.0424193 1.8226 0)
(-0.0379363 2.46939 0)
(-0.0449429 2.93061 0)
(-0.0429396 3.07937 0)
(-0.0408442 3.09411 0)
(-0.0364402 2.94417 0)
(-0.0293608 2.50297 0)
(-0.013813 1.68515 0)
(0.000383407 0.513164 0)
(-0.000925365 0.161955 0)
(-0.007844 0.441687 0)
(-0.0239053 0.703706 0)
(-0.0411397 0.962506 0)
(-0.05534 1.17931 0)
(-0.0596617 1.30885 0)
(-0.0636758 1.38611 0)
(-0.0608521 1.42871 0)
(-0.0497254 1.44895 0)
(-0.0511303 1.46775 0)
(-0.0253106 1.57057 0)
(-0.0393094 1.82675 0)
(-0.0355662 2.47411 0)
(-0.0419419 2.93122 0)
(-0.0398574 3.07564 0)
(-0.037527 3.08641 0)
(-0.0331409 2.9253 0)
(-0.0260272 2.46623 0)
(-0.0108762 1.62999 0)
(0.000870167 0.491936 0)
(-0.000213007 0.173347 0)
(-0.00367859 0.471467 0)
(-0.0141617 0.739787 0)
(-0.0268361 0.991411 0)
(-0.0382636 1.19586 0)
(-0.0427862 1.31704 0)
(-0.0476039 1.38759 0)
(-0.0476691 1.42532 0)
(-0.0392633 1.44297 0)
(-0.0445596 1.46216 0)
(-0.0219194 1.56762 0)
(-0.0365073 1.82917 0)
(-0.0328639 2.47653 0)
(-0.0388826 2.93068 0)
(-0.0368733 3.07263 0)
(-0.0346783 3.08128 0)
(-0.0307014 2.91428 0)
(-0.0235465 2.4437 0)
(-0.00866752 1.59058 0)
(0.000978772 0.479409 0)
(8.87424e-05 0.178136 0)
(-0.00128073 0.489829 0)
(-0.00785464 0.767311 0)
(-0.0172039 1.01689 0)
(-0.0262952 1.21305 0)
(-0.0306646 1.32809 0)
(-0.0356695 1.39299 0)
(-0.0374891 1.42576 0)
(-0.030898 1.43994 0)
(-0.0381358 1.45845 0)
(-0.0185891 1.56625 0)
(-0.0338287 1.83418 0)
(-0.0309746 2.48052 0)
(-0.0364156 2.93081 0)
(-0.0343384 3.06879 0)
(-0.032109 3.07366 0)
(-0.0281839 2.89597 0)
(-0.0212856 2.40864 0)
(-0.00713446 1.54309 0)
(0.000923639 0.466059 0)
(0.000162118 0.178727 0)
(-8.95056e-05 0.498418 0)
(-0.00390884 0.783462 0)
(-0.0108293 1.03236 0)
(-0.0181302 1.22347 0)
(-0.0222436 1.33487 0)
(-0.0268633 1.39644 0)
(-0.0299646 1.42623 0)
(-0.0241552 1.43818 0)
(-0.0325912 1.45583 0)
(-0.0160605 1.56487 0)
(-0.0311215 1.83634 0)
(-0.0286105 2.48168 0)
(-0.0338007 2.93004 0)
(-0.0320339 3.06608 0)
(-0.0299798 3.069 0)
(-0.0264059 2.88605 0)
(-0.0196832 2.3892 0)
(-0.00599183 1.51291 0)
(0.000756833 0.459266 0)
(0.00020213 0.178203 0)
(0.000469017 0.503469 0)
(-0.00171455 0.797015 0)
(-0.0068607 1.04807 0)
(-0.0127449 1.23587 0)
(-0.0166126 1.34428 0)
(-0.0207547 1.40228 0)
(-0.024635 1.42864 0)
(-0.0193399 1.438 0)
(-0.0288305 1.4551 0)
(-0.0144334 1.56505 0)
(-0.029541 1.84165 0)
(-0.0273306 2.48498 0)
(-0.0318664 2.93023 0)
(-0.0300838 3.06278 0)
(-0.0281888 3.06215 0)
(-0.0246929 2.86898 0)
(-0.0183321 2.35608 0)
(-0.00534125 1.47114 0)
(0.000512487 0.448626 0)
(0.000216835 0.176505 0)
(0.000785096 0.504285 0)
(-0.000284677 0.803489 0)
(-0.00412406 1.05618 0)
(-0.00885492 1.24251 0)
(-0.0125024 1.34956 0)
(-0.0162542 1.4057 0)
(-0.0210326 1.43015 0)
(-0.0160403 1.43833 0)
(-0.0261817 1.4553 0)
(-0.0127053 1.56536 0)
(-0.0273533 1.84431 0)
(-0.0255904 2.48634 0)
(-0.029971 2.93006 0)
(-0.0287219 3.06115 0)
(-0.0270178 3.05871 0)
(-0.0237795 2.86052 0)
(-0.0173557 2.33926 0)
(-0.00470271 1.44838 0)
(0.000300285 0.443906 0)
(0.000212353 0.174886 0)
(0.00070373 0.504484 0)
(0.000114445 0.810574 0)
(-0.00299732 1.06668 0)
(-0.00682417 1.25211 0)
(-0.0102856 1.35791 0)
(-0.0135391 1.41185 0)
(-0.0188442 1.43366 0)
(-0.0144588 1.43976 0)
(-0.0246268 1.45635 0)
(-0.0122852 1.56713 0)
(-0.0265132 1.8503 0)
(-0.0247538 2.48978 0)
(-0.028849 2.93082 0)
(-0.0274318 3.05893 0)
(-0.0258721 3.05296 0)
(-0.0227178 2.84462 0)
(-0.0165368 2.30751 0)
(-0.00466935 1.41053 0)
(0.000160139 0.433881 0)
(0.000199466 0.173056 0)
(0.000541417 0.503847 0)
(0.000341696 0.812995 0)
(-0.00218444 1.0708 0)
(-0.00543294 1.25605 0)
(-0.00881274 1.3615 0)
(-0.0115542 1.41448 0)
(-0.0171641 1.43492 0)
(-0.0126903 1.43992 0)
(-0.0229819 1.45698 0)
(-0.0109825 1.5681 0)
(-0.0252439 1.85333 0)
(-0.0237842 2.4915 0)
(-0.0277214 2.93106 0)
(-0.0267845 3.05827 0)
(-0.0253675 3.0504 0)
(-0.0225313 2.83694 0)
(-0.0160883 2.29218 0)
(-0.00406758 1.39329 0)
(5.60225e-05 0.430262 0)
(-4.47997e-05 0.172645 0)
(9.98103e-05 0.504429 0)
(-0.000357548 0.818887 0)
(-0.00246524 1.08054 0)
(-0.0051892 1.26553 0)
(-0.0084191 1.37014 0)
(-0.0105827 1.42126 0)
(-0.0157343 1.43873 0)
(-0.0116219 1.44195 0)
(-0.0214059 1.45789 0)
(-0.0100338 1.57106 0)
(-0.0241347 1.86141 0)
(-0.0229883 2.49627 0)
(-0.027053 2.9326 0)
(-0.0260024 3.05643 0)
(-0.0247368 3.04382 0)
(-0.0218046 2.81742 0)
(-0.0155918 2.25344 0)
(-0.00500213 1.35037 0)
(-0.00085569 0.416201 0)
(-0.23298 1.55609 1.26794e-22)
(0.392423 3.22745 1.41927e-20)
(0.0895678 3.46023 6.52505e-20)
(0.195494 3.4306 0)
(0.15311 3.38613 0)
(0.146869 3.34014 -3.70778e-19)
(0.148845 3.31346 3.78368e-19)
(0.121846 3.27306 -4.02712e-19)
(0.111103 3.18236 7.45415e-21)
(0.0923682 2.56952 5.541e-19)
(-0.105151 2.31295 1.12138e-23)
(0.128566 3.28324 1.64981e-19)
(0.00845516 3.43422 0)
(0.0945484 3.38804 0)
(0.0697028 3.34304 1.09917e-20)
(0.0746512 3.3065 7.68755e-19)
(0.071267 3.27721 -4.28776e-19)
(0.0481615 3.24245 -7.2003e-21)
(0.0492084 3.08569 6.86655e-21)
(0.00063557 2.08834 0)
(-0.0280907 2.06651 1.74568e-19)
(0.0836951 3.13685 -1.85433e-19)
(0.0212585 3.343 0)
(0.0696012 3.32327 3.53817e-19)
(0.0491803 3.30246 -1.32754e-21)
(0.0500127 3.28149 -3.99847e-19)
(0.0446632 3.26623 -4.97449e-19)
(0.0292626 3.24647 -2.07148e-22)
(0.040302 3.12024 7.07982e-21)
(-0.0168878 2.21249 0)
(-0.0411648 2.01271 -4.34011e-20)
(0.0266929 3.11491 0)
(-0.0150738 3.30738 -1.87285e-19)
(0.0194593 3.30651 -1.53492e-19)
(0.0148708 3.28286 1.40086e-20)
(0.0208222 3.26128 -2.59572e-19)
(0.0260071 3.2469 2.30777e-19)
(0.0208904 3.23387 -8.31326e-21)
(0.0415876 3.1261 1.09428e-20)
(0.00711094 2.2511 2.85814e-19)
(-0.0531571 2.02285 -1.44558e-19)
(0.0120422 3.08834 0)
(-0.00855311 3.26599 4.04616e-19)
(0.00970016 3.26175 -2.23564e-19)
(0.0132665 3.24808 -6.91881e-22)
(0.0159897 3.23796 -2.40694e-21)
(0.0211101 3.23319 -1.5575e-20)
(0.0215694 3.22462 -2.95578e-19)
(0.0427484 3.1281 8.1159e-21)
(-0.00313567 2.31254 -5.9908e-19)
(-0.050009 2.08235 0)
(-0.010836 3.0851 -2.2325e-19)
(-0.0289779 3.24215 1.88972e-20)
(-0.0158176 3.24659 -1.55391e-20)
(-0.00627921 3.23205 1.59102e-20)
(0.00294357 3.21955 2.6412e-19)
(0.0151783 3.21169 2.76367e-19)
(0.0207824 3.2055 5.81944e-19)
(0.0426544 3.12414 3.22767e-19)
(0.0105419 2.35445 -1.67285e-20)
(-0.0513533 2.1407 0)
(-0.0202528 3.08151 2.30955e-19)
(-0.0194451 3.2136 -2.4253e-19)
(-0.0119307 3.21267 -1.67992e-20)
(-0.000651837 3.20249 3.47431e-20)
(0.00725916 3.1962 3.62618e-22)
(0.016642 3.19524 -1.86937e-20)
(0.0217467 3.19127 -3.04458e-19)
(0.0422626 3.12181 -3.13751e-19)
(0.00383594 2.41993 -1.73118e-20)
(-0.0476541 2.22748 2.67034e-19)
(-0.0288015 3.08519 -1.24064e-20)
(-0.0322785 3.19374 8.5598e-21)
(-0.0238642 3.19523 0)
(-0.0136101 3.18543 0)
(-0.00136478 3.17762 0)
(0.0129545 3.17215 0)
(0.0206041 3.16932 3.40357e-19)
(0.0412144 3.11269 -3.50598e-19)
(0.015289 2.46398 3.46514e-19)
(-0.0464525 2.3065 2.62287e-20)
(-0.03305 3.08459 2.84918e-19)
(-0.0211982 3.16953 0)
(-0.0146583 3.16538 -1.91882e-20)
(-0.00403125 3.15772 1.96232e-20)
(0.00518231 3.1535 0)
(0.0150729 3.15389 -1.06456e-20)
(0.0206989 3.15294 -3.30331e-19)
(0.040126 3.10935 3.52181e-19)
(0.0104177 2.53312 0)
(-0.0436984 2.4032 1.60461e-20)
(-0.0359043 3.08613 -4.37109e-19)
(-0.0300746 3.1497 0)
(-0.0225328 3.14681 0)
(-0.0137153 3.13906 2.10753e-20)
(-0.00206227 3.13336 -1.77955e-19)
(0.0113953 3.12932 -2.22429e-20)
(0.0191493 3.12927 1.89746e-19)
(0.0386024 3.09616 0)
(0.0191873 2.58107 0)
(-0.0400892 2.49071 -4.62349e-19)
(-0.0385675 3.08228 1.56682e-19)
(-0.0206162 3.12431 0)
(-0.0128412 3.1163 0)
(-0.00334791 3.10963 0)
(0.00551208 3.10684 3.66718e-19)
(0.01457 3.10854 0)
(0.0201444 3.11073 -2.02442e-19)
(0.0378471 3.09051 1.25158e-20)
(0.0149524 2.65385 2.12133e-19)
(-0.0376911 2.58942 1.65043e-19)
(-0.039834 3.07575 -1.60548e-20)
(-0.0296298 3.1013 1.92503e-19)
(-0.0210759 3.095 1.87147e-19)
(-0.0124741 3.08835 0)
(-0.000741557 3.08396 -1.88537e-19)
(0.0123064 3.08156 0)
(0.0209792 3.08443 0)
(0.0385554 3.07215 0)
(0.0222724 2.70642 -2.13117e-19)
(-0.0351391 2.6785 -1.75042e-19)
(-0.042972 3.06241 1.80767e-19)
(-0.0235556 3.07218 -1.81466e-19)
(-0.0130647 3.06222 -2.86224e-19)
(-0.00279475 3.05705 0)
(0.00707855 3.0557 2.56127e-20)
(0.016916 3.05857 -1.30737e-20)
(0.0247724 3.06321 9.7544e-20)
(0.0417204 3.06163 1.21111e-19)
(0.0208588 2.78046 -1.24617e-19)
(-0.0343481 2.77293 1.796e-19)
(-0.0461066 3.04525 -1.73202e-19)
(-0.0329127 3.04586 1.23525e-20)
(-0.0209254 3.0403 7.29273e-20)
(-0.0112238 3.03617 -1.04776e-19)
(0.000318771 3.03356 0)
(0.0137108 3.03219 1.1261e-19)
(0.0256215 3.03556 4.95008e-21)
(0.0446211 3.03658 -2.34481e-19)
(0.0286842 2.83262 -6.55247e-21)
(-0.0296024 2.85524 -5.13949e-20)
(-0.0442485 3.02154 1.25602e-20)
(-0.0231773 3.01778 -6.51981e-20)
(-0.0111684 3.01444 2.66877e-20)
(-0.00220117 3.01413 1.27672e-19)
(0.00627341 3.01344 -5.43365e-20)
(0.014586 3.01415 -5.40513e-20)
(0.0233378 3.01711 -5.60948e-20)
(0.0418059 3.02184 1.20479e-19)
(0.0248486 2.90033 5.88633e-20)
(-0.0176241 2.94047 4.1314e-20)
(-0.0259965 3.00082 1.82656e-20)
(-0.0161393 3.00083 3.5926e-20)
(-0.00939399 3.00162 -7.36263e-20)
(-0.00417059 3.00264 2.48837e-20)
(0.000693909 3.00214 5.05847e-20)
(0.00535244 3.00066 -5.28301e-20)
(0.0107453 2.99901 -5.51528e-20)
(0.021789 2.99713 7.47439e-21)
(0.0165201 2.94913 5.30095e-20)
)
;

boundaryField
{
    wall-4
    {
        type            noSlip;
    }
    pressure-outlet-7
    {
        type            zeroGradient;
    }
    velocity-inlet-6
    {
        type            fixedValue;
        value           uniform (0 3 0);
    }
    velocity-inlet-5
    {
        type            fixedValue;
        value           uniform (1 0 0);
    }
    frontAndBackPlanes
    {
        type            empty;
    }
}


// ************************************************************************* //
