/*--------------------------------*- C++ -*----------------------------------*\
| =========                 |                                                 |
| \\      /  F ield         | OpenFOAM: The Open Source CFD Toolbox           |
|  \\    /   O peration     | Version:  v2012                                 |
|   \\  /    A nd           | Website:  www.openfoam.com                      |
|    \\/     M anipulation  |                                                 |
\*---------------------------------------------------------------------------*/
FoamFile
{
    version     2.0;
    format      ascii;
    class       volVectorField;
    location    "39";
    object      U;
}
// * * * * * * * * * * * * * * * * * * * * * * * * * * * * * * * * * * * * * //

dimensions      [0 1 -1 0 0 0 0];


internalField   nonuniform List<vector> 
2200
(
(0.878843 -0.0304162 0)
(1.00579 -0.0512883 0)
(1.0033 -0.0354065 0)
(1.00029 -0.0244741 0)
(0.999873 -0.0167061 0)
(1 -0.0107558 0)
(1.00001 -0.00688826 0)
(1.00002 -0.00425 0)
(1.00003 -0.00229367 0)
(1.00017 -0.000713022 0)
(1.00005 0.000907417 0)
(1.00004 0.00250466 0)
(1.00001 0.00445708 0)
(0.99998 0.00705507 0)
(1.00002 0.0109006 0)
(0.99985 0.016722 0)
(1.00021 0.0244613 0)
(1.00347 0.0350463 0)
(1.00592 0.0513631 0)
(0.878975 0.0303381 0)
(0.711958 -0.0327659 0)
(0.996609 -0.0630291 0)
(1.03323 -0.0561972 0)
(1.02481 -0.0464401 0)
(1.01588 -0.0361599 0)
(1.00968 -0.0264619 0)
(1.00588 -0.0181634 0)
(1.00372 -0.0114218 0)
(1.00251 -0.00603236 0)
(1.00197 -0.00158137 0)
(1.00195 0.00260038 0)
(1.00243 0.00694541 0)
(1.00361 0.0121435 0)
(1.00586 0.0187947 0)
(1.00953 0.0270562 0)
(1.01568 0.0367779 0)
(1.02472 0.0471924 0)
(1.03304 0.0575326 0)
(0.996634 0.0631448 0)
(0.711777 0.032976 0)
(0.535526 -0.0238943 0)
(0.969856 -0.0569427 0)
(1.05642 -0.0547098 0)
(1.05225 -0.0487697 0)
(1.03618 -0.0404381 0)
(1.02446 -0.0323146 0)
(1.016 -0.0241001 0)
(1.01046 -0.0162679 0)
(1.00726 -0.00902068 0)
(1.00579 -0.00244248 0)
(1.00573 0.00395706 0)
(1.00711 0.010519 0)
(1.01027 0.0177078 0)
(1.01571 0.025383 0)
(1.02416 0.0332836 0)
(1.036 0.0412694 0)
(1.05203 0.0493194 0)
(1.05635 0.0537091 0)
(0.969231 0.0575486 0)
(0.534474 0.0239266 0)
(0.392137 -0.0136713 0)
(0.911613 -0.0464526 0)
(1.05739 -0.0470464 0)
(1.0694 -0.0444271 0)
(1.05474 -0.0382747 0)
(1.0392 -0.0315714 0)
(1.02749 -0.0247976 0)
(1.01899 -0.0175885 0)
(1.01358 -0.0101115 0)
(1.01088 -0.00253856 0)
(1.01077 0.00501853 0)
(1.0133 0.0124266 0)
(1.01855 0.019601 0)
(1.02676 0.0264326 0)
(1.0384 0.032897 0)
(1.05403 0.0393689 0)
(1.06852 0.0454639 0)
(1.05579 0.0480708 0)
(0.910134 0.0469031 0)
(0.390226 0.0137486 0)
(0.307458 -0.00451852 0)
(0.846542 -0.0324041 0)
(1.04935 -0.0399706 0)
(1.07949 -0.0382135 0)
(1.06822 -0.0335852 0)
(1.05164 -0.0279439 0)
(1.03821 -0.0226299 0)
(1.02803 -0.0166889 0)
(1.02104 -0.00987519 0)
(1.01728 -0.00238046 0)
(1.01706 0.00534133 0)
(1.02049 0.0126235 0)
(1.02715 0.0191157 0)
(1.03726 0.024813 0)
(1.05052 0.0298778 0)
(1.06686 0.0352878 0)
(1.07782 0.0397354 0)
(1.04735 0.0414001 0)
(0.843397 0.0328631 0)
(0.304308 0.00469265 0)
(0.263986 0.000105445 0)
(0.788676 -0.0200838 0)
(1.03314 -0.0315072 0)
(1.08341 -0.0321499 0)
(1.07726 -0.0289375 0)
(1.0608 -0.0240968 0)
(1.0471 -0.019583 0)
(1.03625 -0.0145113 0)
(1.02845 -0.00849797 0)
(1.02404 -0.00150893 0)
(1.02374 0.00582908 0)
(1.02762 0.0125324 0)
(1.03504 0.0181326 0)
(1.04541 0.0228041 0)
(1.05888 0.0267186 0)
(1.07527 0.0311624 0)
(1.08097 0.0338923 0)
(1.02992 0.033054 0)
(0.783661 0.0206394 0)
(0.259634 8.32512e-05 0)
(0.239967 0.00105127 0)
(0.737831 -0.0123526 0)
(1.01325 -0.0251525 0)
(1.0837 -0.0269949 0)
(1.08269 -0.0247997 0)
(1.06755 -0.0207661 0)
(1.05403 -0.0168394 0)
(1.04323 -0.0123225 0)
(1.03514 -0.00700494 0)
(1.0303 -0.000743415 0)
(1.02985 0.00587294 0)
(1.03389 0.0117904 0)
(1.04142 0.0166913 0)
(1.05183 0.0206377 0)
(1.06522 0.0243101 0)
(1.07992 0.0277094 0)
(1.08033 0.0293783 0)
(1.00819 0.0269297 0)
(0.730116 0.0130291 0)
(0.234142 -0.000863248 0)
(0.225489 0.000941746 0)
(0.694725 -0.00810783 0)
(0.992518 -0.0208877 0)
(1.0818 -0.0233535 0)
(1.08646 -0.0215446 0)
(1.073 -0.0180949 0)
(1.05966 -0.0143578 0)
(1.0491 -0.0100828 0)
(1.04114 -0.00515892 0)
(1.03623 0.000484351 0)
(1.03565 0.00631072 0)
(1.03952 0.011553 0)
(1.04656 0.0157851 0)
(1.05659 0.0194185 0)
(1.06944 0.0222873 0)
(1.08228 0.0250779 0)
(1.07643 0.0261066 0)
(0.984699 0.0229553 0)
(0.683987 0.00894302 0)
(0.218094 -0.000747128 0)
(0.21582 0.000620441 0)
(0.65915 -0.00568911 0)
(0.971717 -0.0177001 0)
(1.07886 -0.0203716 0)
(1.0896 -0.0188589 0)
(1.07765 -0.0157821 0)
(1.0644 -0.0122714 0)
(1.0541 -0.00823818 0)
(1.04637 -0.00364659 0)
(1.0414 0.00150474 0)
(1.04053 0.00674049 0)
(1.04404 0.0114695 0)
(1.05076 0.0152789 0)
(1.06022 0.0184248 0)
(1.0731 0.0212505 0)
(1.08417 0.0235226 0)
(1.07203 0.0242165 0)
(0.961168 0.0203831 0)
(0.644597 0.00680937 0)
(0.206344 -0.000387047 0)
(0.208589 0.00029822 0)
(0.630459 -0.00423009 0)
(0.95261 -0.0150344 0)
(1.07555 -0.0180161 0)
(1.09263 -0.0167707 0)
(1.08212 -0.0139484 0)
(1.06869 -0.0104571 0)
(1.0583 -0.00659801 0)
(1.05063 -0.00215796 0)
(1.04585 0.00271659 0)
(1.0449 0.00768939 0)
(1.04782 0.0118589 0)
(1.05397 0.0153683 0)
(1.06331 0.0182425 0)
(1.07598 0.0207167 0)
(1.08518 0.0225566 0)
(1.06542 0.0226783 0)
(0.93731 0.0182865 0)
(0.611017 0.00557963 0)
(0.196567 -1.67256e-05 0)
(0.20272 7.0001e-05 0)
(0.607137 -0.00316498 0)
(0.934792 -0.0127027 0)
(1.07233 -0.015874 0)
(1.09567 -0.0148028 0)
(1.08664 -0.0121419 0)
(1.07301 -0.0087916 0)
(1.06223 -0.00504967 0)
(1.05421 -0.00078346 0)
(1.04905 0.00393319 0)
(1.04748 0.00878426 0)
(1.05013 0.0128189 0)
(1.05641 0.0158846 0)
(1.06594 0.0183551 0)
(1.07866 0.0205181 0)
(1.0861 0.0219856 0)
(1.05946 0.021616 0)
(0.914924 0.0165354 0)
(0.582209 0.00480579 0)
(0.187647 0.00025981 0)
(0.198043 1.23385e-05 0)
(0.588658 -0.00223542 0)
(0.918461 -0.0101546 0)
(1.06893 -0.0134373 0)
(1.09893 -0.0126488 0)
(1.09122 -0.0101577 0)
(1.07733 -0.00676662 0)
(1.06623 -0.00308712 0)
(1.05796 0.00116991 0)
(1.05275 0.00577999 0)
(1.05117 0.0102543 0)
(1.05337 0.0138838 0)
(1.05911 0.0166753 0)
(1.06847 0.0188657 0)
(1.08118 0.0206843 0)
(1.08614 0.0215372 0)
(1.05085 0.0204977 0)
(0.891722 0.0149048 0)
(0.556707 0.00427699 0)
(0.179218 0.000426891 0)
(0.194783 2.59139e-05 0)
(0.574914 -0.00134844 0)
(0.905195 -0.00767524 0)
(1.06597 -0.0106908 0)
(1.10167 -0.00987413 0)
(1.09569 -0.0075955 0)
(1.08196 -0.00455678 0)
(1.07055 -0.00101857 0)
(1.06185 0.00314641 0)
(1.05587 0.00759804 0)
(1.05335 0.0117252 0)
(1.0552 0.0151444 0)
(1.06125 0.0176538 0)
(1.07066 0.0193068 0)
(1.08255 0.0205937 0)
(1.08556 0.0208975 0)
(1.04346 0.019542 0)
(0.870807 0.0135022 0)
(0.534766 0.00385786 0)
(0.171414 0.000489038 0)
(0.192811 5.66558e-05 0)
(0.564859 -0.000655717 0)
(0.892702 -0.00560891 0)
(1.06303 -0.00831021 0)
(1.10494 -0.00730026 0)
(1.10023 -0.00479276 0)
(1.08648 -0.00159361 0)
(1.07476 0.00191997 0)
(1.06547 0.00585691 0)
(1.05892 0.010113 0)
(1.05632 0.0139418 0)
(1.05794 0.0168111 0)
(1.06307 0.0186029 0)
(1.07216 0.0198773 0)
(1.08354 0.0204334 0)
(1.08393 0.0207531 0)
(1.03241 0.0188382 0)
(0.848038 0.0124149 0)
(0.514066 0.00365652 0)
(0.163811 0.000533802 0)
(0.192219 1.84626e-05 0)
(0.557836 -2.06081e-05 0)
(0.88429 -0.00321661 0)
(1.06154 -0.00543908 0)
(1.10807 -0.00413841 0)
(1.10478 -0.00152384 0)
(1.09127 0.00184999 0)
(1.0793 0.00541456 0)
(1.06943 0.00932104 0)
(1.06186 0.0132062 0)
(1.05812 0.0164384 0)
(1.05939 0.0185608 0)
(1.06507 0.0198024 0)
(1.07385 0.0204872 0)
(1.08402 0.021181 0)
(1.08211 0.0209206 0)
(1.02374 0.0185686 0)
(0.828578 0.0118649 0)
(0.496048 0.00363108 0)
(0.156611 0.000586268 0)
(0.19295 -6.87828e-05 0)
(0.555688 0.00105692 0)
(0.877733 -0.00107693 0)
(1.06069 -0.00261771 0)
(1.11239 -0.00103711 0)
(1.11014 0.00198187 0)
(1.09642 0.00552014 0)
(1.08416 0.009305 0)
(1.07396 0.0130362 0)
(1.06599 0.0166374 0)
(1.06178 0.0194405 0)
(1.0619 0.0211482 0)
(1.06583 0.0218407 0)
(1.07426 0.0221623 0)
(1.08356 0.0223068 0)
(1.07833 0.0214696 0)
(1.01057 0.0184513 0)
(0.805804 0.0113788 0)
(0.477383 0.00363183 0)
(0.148946 0.00063665 0)
(0.195377 0.000375318 0)
(0.55673 0.00166738 0)
(0.874756 0.00176549 0)
(1.06156 0.000969085 0)
(1.11659 0.00282858 0)
(1.11536 0.00571957 0)
(1.10153 0.0095133 0)
(1.08872 0.0132594 0)
(1.07785 0.0173894 0)
(1.06896 0.0212342 0)
(1.06342 0.0239118 0)
(1.06245 0.0248715 0)
(1.06653 0.0249341 0)
(1.07458 0.0245991 0)
(1.0824 0.0237254 0)
(1.07486 0.0220587 0)
(1 0.0185908 0)
(0.787146 0.0110952 0)
(0.461399 0.00366032 0)
(0.141744 0.000655379 0)
(0.199791 0.000689058 0)
(0.560589 0.00261052 0)
(0.876088 0.00424585 0)
(1.06325 0.00433805 0)
(1.12132 0.00682872 0)
(1.12103 0.0102326 0)
(1.10657 0.0139891 0)
(1.09278 0.0182354 0)
(1.08091 0.022418 0)
(1.07084 0.026142 0)
(1.06399 0.0284436 0)
(1.06188 0.0292498 0)
(1.06452 0.0286733 0)
(1.0723 0.0274563 0)
(1.0794 0.0260801 0)
(1.06789 0.0237426 0)
(0.983613 0.0191488 0)
(0.763346 0.011049 0)
(0.442982 0.00383671 0)
(0.13364 0.000695158 0)
(0.207293 0.000853701 0)
(0.570009 0.00405117 0)
(0.881395 0.00719402 0)
(1.0678 0.00919171 0)
(1.12671 0.0121872 0)
(1.1269 0.0155425 0)
(1.11193 0.020058 0)
(1.09711 0.0244732 0)
(1.08373 0.0289874 0)
(1.07187 0.0330031 0)
(1.06388 0.0350612 0)
(1.06106 0.0347395 0)
(1.06375 0.0330868 0)
(1.07082 0.0309171 0)
(1.07591 0.0283458 0)
(1.06095 0.0251773 0)
(0.970208 0.0197938 0)
(0.744588 0.0114364 0)
(0.427275 0.00416578 0)
(0.125961 0.000729236 0)
(0.216409 0.0010499 0)
(0.583598 0.00531494 0)
(0.891589 0.0106234 0)
(1.07465 0.0140888 0)
(1.13318 0.0176955 0)
(1.13405 0.0222598 0)
(1.11849 0.0270421 0)
(1.10293 0.0322676 0)
(1.08844 0.0370706 0)
(1.07484 0.04063 0)
(1.06416 0.0415088 0)
(1.05894 0.0405212 0)
(1.05927 0.0382914 0)
(1.06545 0.035327 0)
(1.06997 0.0322689 0)
(1.05058 0.0278992 0)
(0.950608 0.0212679 0)
(0.71905 0.0123175 0)
(0.406962 0.0046662 0)
(0.116542 0.000769348 0)
(0.229904 0.00145612 0)
(0.605067 0.00718182 0)
(0.908732 0.0149082 0)
(1.08538 0.0202649 0)
(1.14168 0.0250136 0)
(1.14235 0.0297014 0)
(1.12615 0.0355739 0)
(1.10939 0.0413858 0)
(1.09314 0.0467599 0)
(1.07734 0.050695 0)
(1.06496 0.0515402 0)
(1.05901 0.049772 0)
(1.05866 0.0458694 0)
(1.0629 0.0413127 0)
(1.06369 0.0366835 0)
(1.03972 0.0309723 0)
(0.93346 0.0235455 0)
(0.698357 0.0139717 0)
(0.388473 0.00540736 0)
(0.107225 0.000817688 0)
(0.24622 0.00202274 0)
(0.630655 0.00878827 0)
(0.930737 0.0188668 0)
(1.09952 0.0263485 0)
(1.15192 0.0323124 0)
(1.15223 0.0392562 0)
(1.13442 0.0461029 0)
(1.11588 0.0528968 0)
(1.09741 0.0587955 0)
(1.07893 0.0623244 0)
(1.06326 0.0617835 0)
(1.05347 0.058028 0)
(1.05035 0.0533316 0)
(1.05369 0.0480488 0)
(1.05464 0.0430599 0)
(1.02555 0.0361595 0)
(0.909431 0.0270547 0)
(0.667813 0.0163024 0)
(0.362163 0.00624335 0)
(0.095112 0.000882526 0)
(0.268937 0.00285938 0)
(0.665369 0.0126049 0)
(0.959689 0.0253175 0)
(1.11828 0.0353953 0)
(1.16527 0.0434234 0)
(1.16367 0.0514377 0)
(1.14374 0.0597877 0)
(1.12242 0.0674827 0)
(1.10061 0.0736763 0)
(1.07865 0.0768011 0)
(1.06056 0.0756838 0)
(1.05065 0.0712648 0)
(1.04764 0.0648267 0)
(1.04901 0.0574268 0)
(1.04411 0.050379 0)
(1.009 0.0418125 0)
(0.885903 0.0315463 0)
(0.640323 0.0191949 0)
(0.336685 0.00728256 0)
(0.0828978 0.000947085 0)
(0.300636 0.00375623 0)
(0.711645 0.0156107 0)
(0.99821 0.0331091 0)
(1.14304 0.0464328 0)
(1.18218 0.0563358 0)
(1.17793 0.0675867 0)
(1.15435 0.077506 0)
(1.12971 0.0860179 0)
(1.10441 0.0920204 0)
(1.07893 0.0939394 0)
(1.05692 0.09042 0)
(1.04209 0.08295 0)
(1.03494 0.0745595 0)
(1.03471 0.0664083 0)
(1.03119 0.0589249 0)
(0.990275 0.0492499 0)
(0.85471 0.0367483 0)
(0.599686 0.0222744 0)
(0.300687 0.00805757 0)
(0.0672649 0.000944329 0)
(0.337097 0.00724025 0)
(0.769574 0.0247401 0)
(1.04539 0.0457892 0)
(1.17356 0.0629565 0)
(1.20395 0.0760345 0)
(1.19435 0.0894401 0)
(1.16632 0.100334 0)
(1.13735 0.108974 0)
(1.10754 0.114282 0)
(1.07736 0.1147 0)
(1.05168 0.109512 0)
(1.03626 0.100604 0)
(1.03032 0.0909909 0)
(1.02882 0.0804798 0)
(1.01644 0.0700267 0)
(0.966073 0.0576133 0)
(0.82076 0.042969 0)
(0.560666 0.0255681 0)
(0.266678 0.00905628 0)
(0.0525976 0.000839953 0)
(0.418157 0.0108822 0)
(0.855494 0.0356846 0)
(1.10819 0.0659857 0)
(1.21177 0.0878682 0)
(1.22944 0.102447 7.07583e-34)
(1.21265 0.118853 -3.15865e-34)
(1.17815 0.12974 0)
(1.1441 0.137462 0)
(1.10954 0.140887 0)
(1.07537 0.138806 0)
(1.04592 0.130153 0)
(1.02581 0.118095 0)
(1.01428 0.105199 0)
(1.00879 0.0929414 0)
(0.997868 0.0820602 0)
(0.939415 0.0680622 0)
(0.777004 0.0496342 0)
(0.50459 0.0290332 0)
(0.217922 0.00907721 0)
(0.0337197 0.000715989 0)
(0.488673 0.0261294 5.40534e-20)
(0.955269 0.0592346 -4.08289e-20)
(1.1753 0.099688 0)
(1.25064 0.124676 3.10711e-20)
(1.25706 0.140955 -2.51858e-20)
(1.22997 0.158069 3.33261e-34)
(1.18881 0.167148 0)
(1.14919 0.173038 1.742e-20)
(1.10904 0.174349 -5.70183e-20)
(1.06888 0.169664 1.15899e-20)
(1.03435 0.158591 0)
(1.01245 0.144186 -2.90579e-20)
(1.00299 0.130436 -3.46939e-20)
(0.998452 0.116982 6.06334e-20)
(0.972246 0.101368 -4.7872e-20)
(0.893467 0.0814166 0)
(0.712628 0.0580344 -1.73085e-20)
(0.4322 0.031519 0)
(0.164174 0.0100116 -9.52644e-20)
(0.0158982 0.000868491 1.12359e-19)
(0.523097 0.0538609 -7.03295e-21)
(1.01606 0.102641 1.26479e-19)
(1.22324 0.149622 -8.29843e-21)
(1.28363 0.17213 -7.95357e-20)
(1.28096 0.189586 -5.33639e-20)
(1.24476 0.204593 8.66798e-20)
(1.19738 0.211178 0)
(1.15201 0.214776 0)
(1.10614 0.213478 9.09275e-20)
(1.0611 0.206103 0)
(1.02254 0.192133 1.05485e-19)
(0.995355 0.175758 3.1177e-20)
(0.977019 0.159682 3.58837e-22)
(0.959399 0.141565 -6.6307e-20)
(0.93306 0.12448 0)
(0.849259 0.103142 0)
(0.659808 0.0727096 -2.83544e-19)
(0.38637 0.0406965 7.10414e-19)
(0.145222 0.0128026 -4.21565e-19)
(0.00925106 0.0014772 -4.97113e-19)
(0.529854 0.0764181 -7.904e-20)
(1.05166 0.159288 2.93773e-20)
(1.25862 0.210323 1.51948e-20)
(1.30972 0.231043 1.39384e-19)
(1.29946 0.246363 1.42576e-20)
(1.25604 0.256859 -2.2675e-19)
(1.20329 0.259739 7.66763e-20)
(1.1524 0.260423 0)
(1.10105 0.256511 -1.92709e-19)
(1.05002 0.246705 1.69528e-19)
(1.0049 0.230077 -2.84697e-19)
(0.973454 0.211705 1.33238e-19)
(0.953562 0.192616 -8.59525e-20)
(0.939607 0.175668 1.9371e-19)
(0.901897 0.155611 0)
(0.810911 0.127525 -7.08531e-20)
(0.628452 0.0915593 0)
(0.376204 0.0502887 3.92203e-19)
(0.145936 0.0196156 -9.31014e-19)
(0.0129373 0.0013298 5.83176e-19)
(0.522343 0.10819 2.40632e-19)
(1.06844 0.215814 -1.03692e-19)
(1.27903 0.275339 -2.12911e-20)
(1.32671 0.295337 0)
(1.31138 0.308098 -1.02099e-19)
(1.26299 0.313289 1.25521e-19)
(1.2059 0.311612 -8.20274e-20)
(1.15029 0.308555 0)
(1.09419 0.300784 1.37024e-19)
(1.03836 0.286347 -1.19259e-19)
(0.989866 0.267027 2.46774e-19)
(0.953752 0.246107 0)
(0.926707 0.226161 -1.82714e-19)
(0.899796 0.204919 1.0308e-19)
(0.866591 0.183484 2.59692e-19)
(0.783027 0.156556 -2.28466e-19)
(0.6138 0.116106 3.6539e-19)
(0.377983 0.0686214 -8.087e-19)
(0.160519 0.0290261 5.10784e-19)
(0.0222874 0.0039614 -6.39085e-19)
(0.509808 0.13242 -9.66164e-20)
(1.07468 0.270173 6.97873e-20)
(1.28908 0.341299 -7.02243e-20)
(1.33539 0.360411 1.33573e-19)
(1.31665 0.370754 -1.22334e-19)
(1.265 0.371125 4.03236e-20)
(1.20449 0.365222 3.65991e-21)
(1.14483 0.358286 -1.57799e-19)
(1.08407 0.346642 -1.43939e-19)
(1.02354 0.329744 -2.562e-19)
(0.969923 0.30707 -5.30529e-19)
(0.928678 0.281947 -1.62792e-19)
(0.900463 0.259714 2.40616e-21)
(0.88049 0.24032 -3.5216e-19)
(0.838383 0.217732 -6.30198e-21)
(0.753024 0.184165 3.32126e-19)
(0.595459 0.139564 -1.00413e-19)
(0.378735 0.0867876 -5.84092e-20)
(0.173619 0.0400463 0)
(0.0311162 0.00734697 1.35712e-18)
(0.492012 0.152933 0)
(1.0676 0.319677 -1.1091e-20)
(1.29079 0.404596 0)
(1.33738 0.424385 -1.26867e-20)
(1.31614 0.433145 1.20596e-19)
(1.26246 0.429057 -9.28876e-20)
(1.19973 0.419112 8.99867e-20)
(1.13721 0.408189 2.58494e-19)
(1.07391 0.392526 -7.98545e-20)
(1.01027 0.370494 1.27446e-19)
(0.952142 0.342039 2.85134e-19)
(0.908258 0.316601 3.54473e-19)
(0.875861 0.292973 -2.12844e-19)
(0.841801 0.268654 3.80745e-19)
(0.806709 0.244848 -3.01338e-19)
(0.733431 0.215392 0)
(0.589711 0.16643 -7.6145e-19)
(0.386275 0.108202 1.02495e-18)
(0.187468 0.0531225 7.6501e-20)
(0.0394902 0.0114857 -1.43106e-18)
(0.4775 0.17323 -5.13368e-21)
(1.0588 0.367728 -1.49995e-21)
(1.28721 0.465143 1.37266e-19)
(1.33438 0.485749 -1.30131e-19)
(1.31125 0.49333 9.69136e-20)
(1.2562 0.485557 -9.12931e-20)
(1.19168 0.472199 1.79781e-19)
(1.12667 0.457594 -7.88941e-20)
(1.05948 0.438247 -3.23295e-19)
(0.990084 0.412769 1.83739e-22)
(0.92856 0.384258 -3.09096e-19)
(0.882426 0.352889 -3.80346e-19)
(0.848311 0.326641 2.34224e-19)
(0.82521 0.302823 -1.36757e-19)
(0.783953 0.279044 3.26507e-19)
(0.708785 0.241476 0)
(0.574169 0.191706 -4.71108e-19)
(0.386726 0.127999 6.95739e-19)
(0.196018 0.0657381 1.31932e-18)
(0.0451701 0.0154324 -1.55218e-18)
(0.462912 0.190666 2.34686e-20)
(1.04561 0.412212 -1.89302e-20)
(1.27982 0.522839 -8.60367e-20)
(1.32749 0.54492 1.35935e-19)
(1.30281 0.551595 1.17182e-20)
(1.24687 0.540378 -1.80929e-19)
(1.18119 0.523913 -1.03095e-19)
(1.11447 0.50602 -9.87484e-20)
(1.0457 0.483042 -1.81094e-19)
(0.976747 0.453752 2.91847e-19)
(0.913718 0.418071 3.13554e-19)
(0.86369 0.384834 6.03807e-19)
(0.826018 0.356867 0)
(0.789251 0.3297 5.99656e-21)
(0.756325 0.303268 -8.93874e-19)
(0.691968 0.272034 2.08051e-19)
(0.567311 0.217072 1.01517e-18)
(0.388406 0.148928 -2.99372e-19)
(0.201724 0.0777052 6.2508e-19)
(0.0489316 0.0190196 -5.21666e-20)
(0.4535 0.209221 5.87645e-21)
(1.03358 0.455027 8.42267e-21)
(1.26987 0.577356 -4.85174e-20)
(1.31795 0.600699 1.71983e-19)
(1.29198 0.606616 -2.1794e-19)
(1.23546 0.592716 1.81568e-19)
(1.16893 0.573674 1.06942e-19)
(1.10091 0.552676 2.97131e-19)
(1.02985 0.526293 3.66143e-19)
(0.95549 0.493495 -3.3433e-19)
(0.886338 0.454969 0)
(0.835863 0.418567 -2.27016e-19)
(0.801419 0.386278 2.60636e-19)
(0.775491 0.361397 3.27038e-19)
(0.734939 0.334274 -1.8908e-19)
(0.667198 0.294342 -4.61183e-19)
(0.548483 0.240252 -1.37837e-19)
(0.380452 0.165456 -1.4488e-21)
(0.199264 0.0873697 0)
(0.0495309 0.0210832 0)
(0.445192 0.224753 -3.539e-20)
(1.02106 0.495251 0)
(1.25847 0.629117 -3.60051e-20)
(1.30637 0.654246 1.79077e-21)
(1.27928 0.659374 2.42732e-19)
(1.22234 0.64272 -6.26029e-20)
(1.15521 0.621199 1.08803e-19)
(1.08593 0.597617 -2.02008e-19)
(1.01303 0.56845 2.78043e-19)
(0.937638 0.531903 -1.07671e-19)
(0.870914 0.488871 1.78989e-19)
(0.818064 0.449283 7.19541e-19)
(0.776422 0.417716 1.38779e-20)
(0.740609 0.38531 -3.41194e-19)
(0.707653 0.355419 6.30213e-19)
(0.64943 0.322145 4.30808e-21)
(0.537291 0.260851 1.47466e-19)
(0.372825 0.181368 -7.04074e-19)
(0.193146 0.094329 7.21126e-19)
(0.0477798 0.0225589 -8.53717e-19)
(0.438795 0.243673 2.97623e-23)
(1.00922 0.533489 0)
(1.24601 0.677523 0)
(1.29356 0.704376 -1.68763e-20)
(1.26555 0.708754 -7.57902e-20)
(1.2083 0.69 8.77787e-20)
(1.14065 0.666614 -2.06759e-19)
(1.07041 0.640589 0)
(0.996269 0.60872 -4.09039e-19)
(0.918899 0.569256 4.82917e-19)
(0.846408 0.524591 5.07319e-19)
(0.789626 0.480834 -2.63825e-19)
(0.752514 0.442327 -3.176e-19)
(0.725176 0.413245 7.43933e-19)
(0.687535 0.383779 -2.23769e-19)
(0.625063 0.338446 -2.67278e-19)
(0.516718 0.278755 -1.6018e-19)
(0.360459 0.192752 -7.58716e-19)
(0.185289 0.0986031 1.09855e-19)
(0.0445735 0.0232756 9.21192e-19)
(0.435186 0.262079 -2.21705e-20)
(0.998485 0.569942 -2.42043e-20)
(1.23293 0.723345 2.34808e-20)
(1.27977 0.752171 -1.27885e-22)
(1.25099 0.75591 -6.58823e-20)
(1.19352 0.734977 1.50939e-19)
(1.1256 0.709589 0)
(1.05479 0.681541 1.20814e-19)
(0.979307 0.647374 -9.52635e-20)
(0.899115 0.605362 8.04965e-19)
(0.823914 0.555279 -1.15817e-19)
(0.769675 0.507003 1.31025e-19)
(0.727838 0.46971 0)
(0.690894 0.434043 -4.02403e-19)
(0.660371 0.399204 4.8631e-19)
(0.606432 0.362376 0)
(0.502218 0.292727 -3.45765e-19)
(0.34565 0.202415 1.01611e-18)
(0.174829 0.100767 1.19705e-19)
(0.0402736 0.0230669 -1.13356e-18)
(0.433148 0.278905 -6.23303e-20)
(0.988477 0.604383 8.05588e-20)
(1.21969 0.766162 0)
(1.2657 0.796642 -1.85429e-20)
(1.23623 0.799743 0)
(1.17863 0.777187 -1.86601e-19)
(1.11052 0.750384 0)
(1.03887 0.720446 0)
(0.961757 0.684401 -1.23644e-19)
(0.879959 0.639978 -7.64446e-19)
(0.80476 0.588008 -9.36129e-19)
(0.744912 0.538607 1.52327e-19)
(0.701643 0.493441 5.47814e-19)
(0.675959 0.457855 4.42235e-19)
(0.639402 0.424423 -1.56032e-18)
(0.581223 0.372241 -6.27106e-19)
(0.478384 0.305374 3.669e-19)
(0.328468 0.207027 0)
(0.163547 0.1011 1.02995e-18)
(0.0357274 0.0219437 -1.22112e-18)
(0.431825 0.294546 7.92817e-20)
(0.978951 0.636956 -9.76608e-20)
(1.20644 0.806387 0)
(1.25139 0.838791 -1.07629e-20)
(1.22132 0.841482 1.38931e-20)
(1.16361 0.81724 0)
(1.09525 0.788844 6.30377e-20)
(1.02297 0.757335 8.20902e-20)
(0.944586 0.719408 -2.34704e-19)
(0.860308 0.672856 1.02136e-19)
(0.779323 0.617566 0)
(0.717202 0.56225 6.31317e-19)
(0.677428 0.517539 4.68146e-21)
(0.639712 0.475678 2.385e-19)
(0.610564 0.433386 2.83098e-19)
(0.56034 0.391302 0)
(0.461601 0.312326 -6.01588e-19)
(0.311004 0.210621 1.18107e-18)
(0.151614 0.099734 -1.24988e-18)
(0.0312632 0.02043 2.63002e-18)
(0.430776 0.309583 0)
(0.970148 0.668164 0)
(1.19367 0.844081 -4.40875e-20)
(1.23738 0.877969 0)
(1.20667 0.880151 0)
(1.14883 0.85468 -1.64794e-19)
(1.0803 0.825215 6.47609e-20)
(1.00741 0.792322 1.74952e-20)
(0.928035 0.753248 -5.43418e-20)
(0.842365 0.705593 0)
(0.761652 0.648351 -1.41648e-19)
(0.698358 0.592421 -5.14609e-19)
(0.64905 0.539668 -6.17985e-19)
(0.622858 0.494765 -2.47909e-19)
(0.589041 0.454669 3.0705e-19)
(0.534501 0.393726 -7.24247e-19)
(0.436055 0.318875 1.29462e-18)
(0.291841 0.209186 3.52325e-21)
(0.139765 0.0969387 -1.20018e-18)
(0.0273339 0.0186893 -1.77481e-19)
(0.429813 0.324292 0)
(0.961719 0.697713 -8.24423e-20)
(1.1811 0.879342 5.75681e-20)
(1.22346 0.914949 0)
(1.19221 0.916905 0)
(1.13428 0.890195 3.35361e-19)
(1.06564 0.859493 0)
(0.99232 0.82534 0)
(0.911738 0.784786 -5.14666e-19)
(0.823339 0.735077 1.39041e-19)
(0.736126 0.675335 -1.25956e-18)
(0.666545 0.615046 0)
(0.624186 0.561101 -6.68869e-19)
(0.584778 0.510835 1.08666e-20)
(0.557061 0.456717 -9.85417e-19)
(0.511274 0.406671 3.89901e-19)
(0.419222 0.317054 2.20977e-21)
(0.276486 0.207005 -1.36481e-18)
(0.130007 0.0932097 6.47405e-19)
(0.0237137 0.0169286 1.89934e-19)
(0.428959 0.338638 0)
(0.954148 0.726211 -1.24239e-19)
(1.16917 0.912661 6.07964e-20)
(1.21007 0.949391 5.19304e-20)
(1.17824 0.950865 -2.668e-20)
(1.12025 0.923239 3.56738e-20)
(1.05163 0.891824 -4.30851e-20)
(0.977859 0.856687 5.09772e-19)
(0.896149 0.815355 5.50548e-19)
(0.805939 0.765512 1.06513e-18)
(0.719323 0.706093 1.0467e-18)
(0.650803 0.64348 1.82957e-19)
(0.593955 0.583308 9.62183e-19)
(0.564975 0.526548 5.9244e-19)
(0.532532 0.475071 7.07433e-19)
(0.48378 0.398836 -4.27287e-19)
(0.393097 0.314127 -4.99276e-19)
(0.260181 0.195618 5.84571e-19)
(0.122577 0.0899405 -3.46818e-19)
(0.02473 0.0209057 6.14828e-19)
(0.428146 0.352541 1.80741e-19)
(0.946716 0.752817 1.93419e-19)
(1.15742 0.943653 3.68432e-20)
(1.19694 0.981776 1.6262e-20)
(1.16467 0.983086 5.31421e-20)
(1.1067 0.95456 -9.39005e-20)
(1.03804 0.922224 4.23343e-20)
(0.963787 0.886148 -2.06734e-20)
(0.880872 0.843752 -6.40724e-19)
(0.78914 0.792419 -1.15474e-18)
(0.697334 0.730626 7.29229e-20)
(0.618426 0.665674 0)
(0.568568 0.604782 0)
(0.523009 0.543384 -3.08733e-19)
(0.494038 0.470552 -1.1554e-18)
(0.454833 0.403238 9.20368e-19)
(0.37968 0.292242 5.47063e-19)
(0.264598 0.177835 0)
(0.133913 0.0661494 1.10591e-18)
(0.0183816 -0.00362539 -6.57833e-19)
(0.427444 0.365806 -9.55883e-20)
(0.940036 0.778458 8.5225e-20)
(1.14635 0.973093 -9.22516e-20)
(1.18445 1.01199 -6.35337e-20)
(1.1517 1.01279 2.98535e-21)
(1.09373 0.983557 -2.91414e-20)
(1.02514 0.950803 0)
(0.950648 0.914109 -6.41152e-19)
(0.867165 0.871376 7.91053e-20)
(0.773748 0.820635 0)
(0.680024 0.760315 0)
(0.603219 0.695009 1.15704e-19)
(0.536898 0.627847 1.5469e-19)
(0.499518 0.557741 -3.32893e-19)
(0.463121 0.488934 8.29546e-19)
(0.417152 0.382734 -1.00234e-18)
(0.34389 0.272944 -1.1699e-18)
(0.261104 0.154185 1.03506e-18)
(0.181332 0.100584 -3.94802e-19)
(0.11378 0.0822175 2.3003e-19)
(0.426592 0.378301 1.24057e-19)
(0.933247 0.802054 0)
(1.13541 1.00023 0)
(1.17227 1.04026 -1.51388e-20)
(1.1392 1.04092 1.22559e-20)
(1.08131 1.01102 -2.09595e-20)
(1.01279 0.977596 1.82354e-19)
(0.938024 0.940317 6.61577e-19)
(0.853555 0.896944 1.16397e-18)
(0.758488 0.845004 -8.62573e-20)
(0.661112 0.782637 1.77171e-19)
(0.573981 0.716642 -1.03576e-18)
(0.512342 0.65114 -1.02598e-18)
(0.453126 0.579529 -1.78271e-19)
(0.410824 0.481138 0)
(0.372625 0.388789 -9.37227e-21)
(0.313748 0.209944 6.41797e-19)
(0.275347 0.0533909 -1.08506e-18)
(0.235768 -0.0738916 8.25602e-19)
(0.0816248 -0.0961388 6.86854e-19)
(0.425754 0.390292 -2.75614e-19)
(0.927069 0.824909 -1.25858e-19)
(1.1251 1.02626 6.8646e-21)
(1.16063 1.06688 4.41015e-20)
(1.12715 1.06708 0)
(1.06928 1.03669 -1.25256e-19)
(1.00091 1.00317 -2.58024e-19)
(0.926077 0.965674 1.45781e-21)
(0.841191 0.92239 -6.10742e-19)
(0.744644 0.871614 -8.46061e-20)
(0.645082 0.812341 7.85835e-20)
(0.558936 0.748415 9.09472e-19)
(0.47821 0.678099 1.00161e-18)
(0.425839 0.596236 1.73144e-19)
(0.373897 0.511377 8.84432e-19)
(0.301193 0.36246 0)
(0.186164 0.196871 0)
(0.0149049 0.225182 7.49679e-19)
(-0.0760313 0.629093 -3.14541e-20)
(0.00500172 1.52894 -9.14883e-19)
(0.424675 0.40166 1.5301e-19)
(0.920742 0.845952 3.455e-19)
(1.11484 1.05031 -4.59305e-19)
(1.14921 1.09205 2.14823e-19)
(1.11539 1.09236 2.08058e-21)
(1.05761 1.06169 -8.73814e-20)
(0.989308 1.02792 0)
(0.914189 0.990372 -5.54544e-19)
(0.828331 0.947071 0)
(0.730179 0.895773 1.20136e-18)
(0.627399 0.834796 -9.44225e-20)
(0.53009 0.771003 1.05873e-19)
(0.456756 0.707334 1.14152e-18)
(0.372617 0.634789 -3.74214e-19)
(0.28227 0.51449 -4.50729e-19)
(0.204293 0.420994 0)
(0.0952762 0.529349 0)
(0.0286463 1.3073 0)
(0.0738593 2.45319 -4.26396e-19)
(0.102351 2.90591 -2.61462e-19)
(0.423523 0.412447 0)
(0.915002 0.866367 0)
(1.10521 1.07358 1.68782e-19)
(1.13834 1.11591 -1.72546e-19)
(1.10411 1.11597 5.94667e-20)
(1.04631 1.08514 8.96462e-20)
(0.978135 1.0517 3.27024e-20)
(0.902986 1.01442 -2.54617e-20)
(0.816853 0.971879 8.53782e-20)
(0.71739 0.922633 -1.37882e-18)
(0.611726 0.866408 1.72057e-19)
(0.516876 0.808559 9.04865e-19)
(0.418959 0.743517 -1.1381e-18)
(0.344549 0.655843 -1.24066e-18)
(0.269864 0.577819 4.18065e-19)
(0.197667 0.705218 0)
(0.128844 1.53635 5.83785e-19)
(0.12854 2.68644 6.48083e-19)
(0.136406 3.08558 -7.24964e-19)
(0.127564 3.22108 7.84084e-19)
(0.422106 0.422778 0)
(0.909085 0.884925 3.14342e-19)
(1.09564 1.09485 -4.19716e-20)
(1.12776 1.13833 2.54627e-19)
(1.09321 1.13872 -6.24199e-20)
(1.03551 1.10793 0)
(0.967381 1.07455 0)
(0.891976 1.03768 0)
(0.805033 0.995727 4.90387e-19)
(0.70432 0.946827 6.44972e-20)
(0.596841 0.889917 0)
(0.490226 0.831738 -9.00879e-19)
(0.407997 0.775781 0)
(0.295365 0.708282 8.8885e-19)
(0.209527 0.77964 -5.96533e-19)
(0.160953 1.45729 -4.80619e-19)
(0.163131 2.67495 -1.13442e-18)
(0.18411 3.12659 -6.00242e-19)
(0.174751 3.26861 -8.25317e-19)
(0.160297 3.30907 6.41454e-19)
(0.420735 0.43231 -1.11041e-19)
(0.903751 0.902977 1.54028e-20)
(1.08674 1.11558 -4.73304e-20)
(1.11776 1.15969 -1.94209e-19)
(1.0828 1.16 0)
(1.02507 1.12929 0)
(0.957046 1.09655 0)
(0.881684 1.0603 3.84637e-20)
(0.794682 1.01959 -6.19016e-19)
(0.692967 0.973421 0)
(0.581957 0.922076 0)
(0.482162 0.872525 0)
(0.367282 0.81656 0)
(0.306469 0.798851 6.48278e-19)
(0.275541 1.17592 1.59293e-18)
(0.256975 2.36966 4.73456e-19)
(0.268663 3.08294 9.61346e-19)
(0.262819 3.28575 -7.39892e-19)
(0.213407 3.35209 2.75184e-19)
(0.180356 3.36468 0)
(0.419131 0.441504 1.14887e-19)
(0.898012 0.919658 -7.0472e-19)
(1.07761 1.13488 -1.86441e-19)
(1.10779 1.18022 -3.98034e-20)
(1.07255 1.18107 1.37851e-20)
(1.01496 1.15063 -4.64224e-21)
(0.947006 1.11816 -8.84418e-21)
(0.871477 1.0826 -4.4992e-19)
(0.783822 1.04293 0)
(0.681306 0.997948 -8.01453e-20)
(0.571129 0.947469 7.29073e-20)
(0.458283 0.897073 0)
(0.375126 0.857614 0)
(0.321008 0.981846 -8.10401e-19)
(0.280475 1.85179 1.01089e-19)
(0.276116 2.9399 -3.57313e-19)
(0.296879 3.29037 7.48004e-19)
(0.269939 3.38969 5.49971e-19)
(0.203443 3.41441 -7.57825e-19)
(0.178302 3.42359 3.77183e-19)
(0.417295 0.450839 2.27921e-19)
(0.892308 0.937479 6.9108e-19)
(1.0684 1.15556 2.22468e-19)
(1.0976 1.20146 0)
(1.06204 1.20222 0)
(1.00447 1.17187 4.96665e-21)
(0.936729 1.14012 1.12385e-19)
(0.861431 1.10527 4.02272e-19)
(0.774135 1.06702 2.52357e-20)
(0.671391 1.0251 1.03905e-18)
(0.557389 0.980206 -1.20329e-18)
(0.450279 0.935993 0)
(0.36923 0.938123 0)
(0.339177 1.34449 -5.53954e-19)
(0.341563 2.47656 -6.65268e-19)
(0.383993 3.19902 0)
(0.408815 3.37386 -7.6625e-19)
(0.338997 3.43718 4.23856e-20)
(0.268065 3.48155 3.81927e-19)
(0.24496 3.507 -1.3172e-19)
(0.414923 0.460607 -4.35163e-19)
(0.885422 0.955265 -3.32837e-19)
(1.05794 1.17617 0)
(1.08644 1.2233 0)
(1.05072 1.22462 0)
(0.993491 1.19442 0)
(0.926027 1.16278 -1.28134e-19)
(0.850855 1.12853 3.66386e-19)
(0.763241 1.09132 0)
(0.66039 1.05095 -9.46793e-19)
(0.550247 1.00775 2.16117e-18)
(0.442166 0.97301 8.76559e-20)
(0.38785 1.05842 1.14813e-19)
(0.390628 1.74406 9.05554e-19)
(0.407788 2.89526 -4.888e-19)
(0.445068 3.32361 0)
(0.427758 3.44907 2.15695e-19)
(0.341503 3.53696 9.35218e-20)
(0.263612 3.60185 1.45517e-19)
(0.188296 3.58141 6.83836e-22)
(0.41217 0.470705 2.07814e-19)
(0.878275 0.975034 -3.4403e-19)
(1.04705 1.19914 0)
(1.07464 1.24653 -5.70945e-20)
(1.03873 1.24746 1.90133e-19)
(0.981658 1.2171 0)
(0.91468 1.18601 0)
(0.84009 1.15233 -6.41214e-19)
(0.753463 1.1164 -6.21218e-20)
(0.651358 1.07892 9.35145e-19)
(0.534464 1.04045 -1.02804e-18)
(0.445618 1.02315 5.944e-19)
(0.407035 1.23585 0)
(0.430525 2.17879 -4.80978e-19)
(0.472811 3.14544 3.14072e-19)
(0.53472 3.42856 2.00121e-19)
(0.527713 3.52611 0)
(0.46357 3.61013 -3.38776e-20)
(0.391794 3.65242 -4.0839e-19)
(0.310242 3.62347 -9.40242e-20)
(0.40859 0.48117 -4.18192e-19)
(0.869569 0.994618 4.93675e-19)
(1.03458 1.22172 3.35406e-19)
(1.06166 1.27022 -8.23488e-20)
(1.0257 1.27162 -2.91479e-19)
(0.96927 1.24122 0)
(0.902885 1.21 -2.28187e-20)
(0.82886 1.17668 2.35948e-19)
(0.742367 1.14163 3.58299e-20)
(0.640956 1.10557 -8.07862e-19)
(0.529792 1.07138 -5.53262e-20)
(0.452826 1.08328 -6.71179e-19)
(0.448349 1.46714 7.2817e-19)
(0.501362 2.5423 1.59949e-19)
(0.566657 3.30717 -2.83275e-19)
(0.620109 3.48113 1.51313e-19)
(0.580577 3.5353 0)
(0.521082 3.54029 0)
(0.425128 3.50636 -6.86171e-19)
(0.192988 3.2985 1.26397e-18)
(0.40459 0.491412 2.01291e-19)
(0.860408 1.01646 4.89602e-19)
(1.02167 1.24719 -3.45987e-19)
(1.04801 1.29554 2.99363e-19)
(1.01203 1.29613 3.12048e-19)
(0.955991 1.26522 0)
(0.890479 1.23429 3.4785e-20)
(0.817469 1.20135 2.10797e-19)
(0.732685 1.16726 0)
(0.633066 1.13357 0)
(0.523129 1.10635 0)
(0.459202 1.16088 0)
(0.487762 1.69498 -8.21867e-19)
(0.561482 2.84652 -2.1273e-19)
(0.637009 3.40093 0)
(0.680521 3.49742 -2.81373e-20)
(0.678419 3.50274 0)
(0.754871 3.34551 1.43562e-19)
(0.850694 2.97856 -1.81208e-18)
(0.451773 2.60284 1.89665e-18)
(0.399093 0.501717 -4.12758e-19)
(0.84925 1.03789 -3.14974e-19)
(1.00674 1.27188 -2.31858e-19)
(1.03286 1.3212 -2.79987e-19)
(0.997022 1.32212 -1.53711e-19)
(0.942054 1.29096 0)
(0.877553 1.2596 1.25405e-20)
(0.805635 1.22668 -4.88897e-20)
(0.721529 1.1932 -2.67313e-19)
(0.623412 1.16054 0)
(0.522676 1.14141 5.40542e-20)
(0.48163 1.25384 -6.148e-20)
(0.541125 1.95101 0)
(0.637123 3.0759 2.7789e-19)
(0.727009 3.44266 0)
(0.759872 3.47981 -1.00933e-19)
(0.764956 3.3939 2.79122e-19)
(0.757433 3.01551 -1.4167e-19)
(0.512668 2.00859 2.8144e-19)
(-0.346674 0.507291 -6.88886e-19)
(0.392808 0.512161 -1.34011e-20)
(0.837125 1.06168 -1.6261e-19)
(0.99105 1.30022 3.1893e-19)
(1.01673 1.34923 -1.93351e-20)
(0.981108 1.34896 -5.14338e-20)
(0.926787 1.31703 0)
(0.863582 1.28585 3.44673e-20)
(0.793144 1.25331 -1.2231e-19)
(0.71154 1.22069 4.81998e-19)
(0.613034 1.18994 -5.61698e-19)
(0.523493 1.18214 -6.50091e-19)
(0.500977 1.36897 0)
(0.592105 2.23654 4.24715e-19)
(0.701427 3.21354 -5.88235e-20)
(0.776587 3.42479 2.74107e-20)
(0.785204 3.42174 0)
(0.713513 3.18849 -1.47539e-19)
(0.544676 2.41512 1.59338e-19)
(0.109353 0.658848 -1.89178e-19)
(-0.253105 -0.406997 -1.75872e-19)
(0.384372 0.521691 3.88561e-19)
(0.82255 1.08477 -1.60106e-19)
(0.972682 1.32727 2.28115e-19)
(0.998615 1.37745 1.75239e-19)
(0.963325 1.37766 1.04532e-19)
(0.910605 1.34552 1.84576e-19)
(0.848896 1.31386 -8.82057e-20)
(0.780128 1.28121 6.06552e-20)
(0.699747 1.24925 -3.6812e-19)
(0.604058 1.22076 2.986e-20)
(0.528889 1.22735 9.93508e-20)
(0.537522 1.51089 -4.25679e-19)
(0.653102 2.51106 1.18225e-19)
(0.765857 3.29267 -2.26479e-19)
(0.827435 3.40039 3.89947e-20)
(0.805004 3.32057 8.0576e-20)
(0.681315 2.88362 -2.12478e-19)
(0.420631 1.66929 1.38386e-19)
(0.0636298 0.0574701 0)
(-0.0795575 -0.167398 -3.00714e-19)
(0.374765 0.53107 0)
(0.806223 1.1094 -6.08425e-19)
(0.953337 1.35837 2.38244e-20)
(0.97937 1.4084 -2.84816e-19)
(0.944611 1.40713 0)
(0.892942 1.37403 -1.37993e-19)
(0.83306 1.3425 1.0077e-19)
(0.766438 1.31036 -5.67417e-20)
(0.689662 1.27934 2.75733e-19)
(0.596778 1.25432 4.08785e-19)
(0.532691 1.28031 5.07155e-19)
(0.566189 1.66587 4.71671e-20)
(0.704127 2.74249 -3.14521e-19)
(0.81495 3.31961 1.12234e-20)
(0.853217 3.35552 8.97849e-21)
(0.781163 3.15503 7.79076e-20)
(0.540824 2.35406 9.03869e-20)
(0.120596 0.463085 -1.07124e-19)
(-0.135074 -0.24553 0)
(-0.114673 -0.207828 0)
(0.362538 0.538435 -3.77652e-19)
(0.786887 1.1328 6.0666e-19)
(0.930704 1.38713 0)
(0.957634 1.43883 0)
(0.923453 1.43824 0)
(0.874147 1.40504 0)
(0.816421 1.373 -5.94537e-20)
(0.752139 1.3405 -1.57425e-20)
(0.677404 1.31009 -3.06088e-20)
(0.591756 1.28809 4.32107e-20)
(0.541746 1.34144 -4.3482e-19)
(0.609812 1.83936 3.08103e-19)
(0.766018 2.94112 0)
(0.861878 3.32783 3.6678e-20)
(0.879601 3.29982 5.69773e-20)
(0.738484 2.88608 -2.14197e-20)
(0.40931 1.72211 1.07127e-19)
(0.0136992 -0.0273947 5.97926e-20)
(-0.161626 -0.204562 -2.50844e-19)
(-0.0594036 -0.138654 -2.93747e-19)
(0.347729 0.544305 1.92332e-19)
(0.764105 1.15525 2.83676e-19)
(0.90701 1.41995 -9.21524e-21)
(0.934565 1.47228 1.53592e-19)
(0.901242 1.46982 0)
(0.853698 1.43544 2.73569e-19)
(0.798387 1.40344 -5.20378e-20)
(0.737155 1.37152 1.34811e-20)
(0.665784 1.34184 -3.52099e-20)
(0.586818 1.3253 3.24322e-20)
(0.552196 1.41022 2.92283e-19)
(0.647131 2.03716 -1.49763e-19)
(0.809976 3.05887 -1.24279e-19)
(0.891232 3.30914 -6.28666e-22)
(0.877738 3.19215 -2.91512e-20)
(0.653865 2.55198 1.46862e-19)
(0.205791 0.808903 -8.31944e-20)
(-0.0799622 -0.27609 1.23183e-19)
(-0.137568 -0.22837 -3.73511e-19)
(-0.0613939 -0.133628 2.60263e-19)
(0.329346 0.546904 -1.79906e-19)
(0.737929 1.17566 0)
(0.879518 1.44884 -2.07688e-19)
(0.908225 1.50399 -2.97009e-19)
(0.875875 1.50252 0)
(0.831817 1.46826 -2.1486e-19)
(0.779398 1.43565 0)
(0.721178 1.40297 -9.00239e-20)
(0.651443 1.3738 -4.0635e-20)
(0.583944 1.36224 1.09249e-19)
(0.566864 1.48751 -1.57989e-19)
(0.695669 2.23519 8.17732e-20)
(0.859771 3.13903 2.01305e-19)
(0.929561 3.29354 7.91314e-21)
(0.870033 3.06762 -2.96273e-20)
(0.549282 2.12296 -4.94063e-20)
(0.0885685 0.153436 1.24492e-19)
(-0.172303 -0.284415 -1.40508e-19)
(-0.106899 -0.215415 5.05783e-22)
(-0.0415377 -0.0760158 -2.71765e-20)
(0.307824 0.546107 3.59333e-19)
(0.708251 1.19359 -2.73749e-19)
(0.850583 1.48082 2.23212e-19)
(0.880047 1.53887 1.43411e-19)
(0.849348 1.53525 2.76706e-20)
(0.808123 1.4995 1.3954e-19)
(0.758591 1.46682 0)
(0.704595 1.43461 -3.69486e-20)
(0.638896 1.40657 0)
(0.580183 1.40255 -1.02178e-19)
(0.582519 1.57086 1.5501e-19)
(0.734908 2.40652 -8.06725e-21)
(0.894988 3.17841 -8.29866e-20)
(0.943078 3.2476 3.73992e-20)
(0.829384 2.86634 -1.06187e-20)
(0.418317 1.61182 6.02665e-20)
(-0.0489268 -0.116002 -1.89002e-19)
(-0.227058 -0.267861 -1.0959e-19)
(-0.124116 -0.241422 -4.43205e-20)
(-0.0585895 -0.0726705 2.04971e-19)
(0.282797 0.53959 4.28767e-21)
(0.674994 1.20816 1.41311e-19)
(0.816628 1.50625 0)
(0.847625 1.5697 2.69781e-19)
(0.819166 1.5682 -3.80906e-19)
(0.782593 1.53285 1.41933e-19)
(0.736658 1.49946 -9.29555e-20)
(0.686653 1.46592 7.41482e-20)
(0.624377 1.43886 -6.15279e-20)
(0.576776 1.4416 -6.45917e-21)
(0.599632 1.65533 5.54778e-20)
(0.782501 2.56442 7.75138e-20)
(0.929762 3.19488 3.72189e-20)
(0.963116 3.20632 -5.22757e-20)
(0.787303 2.67007 -6.35136e-20)
(0.300911 1.11498 1.22706e-19)
(-0.0804392 -0.236908 -1.23528e-19)
(-0.245973 -0.304895 8.01308e-20)
(-0.134498 -0.28663 9.58166e-22)
(-0.074521 -0.0979487 -1.84994e-19)
(0.254064 0.525409 6.71303e-19)
(0.636388 1.21515 -1.41415e-19)
(0.780473 1.53352 -3.8156e-19)
(0.813103 1.60322 3.09751e-19)
(0.788081 1.60052 -1.65625e-19)
(0.754841 1.56329 2.74598e-19)
(0.712275 1.52967 1.41795e-19)
(0.667929 1.49646 0)
(0.611737 1.47049 7.02468e-20)
(0.571339 1.48297 -9.84967e-21)
(0.616191 1.73751 -2.13722e-20)
(0.817103 2.67552 -3.17628e-20)
(0.953477 3.19562 2.16947e-20)
(0.959561 3.139 9.89933e-21)
(0.718798 2.43656 -1.00064e-19)
(0.19481 0.58288 -4.8113e-20)
(-0.077515 -0.270584 1.36216e-19)
(-0.18099 -0.342431 5.67833e-20)
(-0.128742 -0.306198 1.81987e-20)
(-0.067509 -0.118714 1.59583e-19)
(0.221415 0.501126 0)
(0.593297 1.21598 1.31696e-19)
(0.737907 1.55071 -1.72834e-19)
(0.773952 1.62941 3.01116e-19)
(0.753146 1.63136 -3.655e-19)
(0.724573 1.59519 1.52252e-19)
(0.686643 1.56096 0)
(0.64728 1.52566 0)
(0.598433 1.49992 0)
(0.565335 1.52071 1.21424e-20)
(0.631069 1.80946 -1.13812e-20)
(0.855242 2.77059 1.24253e-20)
(0.97185 3.1978 4.84216e-20)
(0.965666 3.08177 4.71995e-20)
(0.675791 2.26381 -7.71106e-20)
(0.177728 0.33132 7.84282e-20)
(-0.0706189 -0.251401 2.28656e-21)
(-0.122958 -0.34545 -1.2288e-19)
(-0.098088 -0.287843 1.44209e-20)
(-0.0295539 -0.107684 0)
(0.184752 0.463 6.17689e-19)
(0.542971 1.20074 -1.23151e-19)
(0.692978 1.5674 4.67702e-21)
(0.732988 1.65829 0)
(0.716828 1.66002 -1.75534e-19)
(0.691628 1.62276 1.82085e-20)
(0.657972 1.58778 0)
(0.625346 1.55297 4.19658e-20)
(0.584306 1.52673 -3.3114e-20)
(0.557961 1.55641 0)
(0.643159 1.86718 0)
(0.877193 2.81921 -2.51668e-20)
(0.985297 3.20096 -7.67116e-20)
(0.946859 3.02073 -2.26722e-20)
(0.628767 2.06985 -1.31752e-20)
(0.0457579 0.144696 2.23413e-20)
(-0.140036 -0.202156 0)
(-0.133733 -0.323561 -6.3976e-20)
(-0.0936577 -0.257666 -1.12872e-19)
(0.0209166 -0.00867543 2.56404e-19)
(0.144699 0.408647 5.10374e-19)
(0.488027 1.17447 -1.18261e-19)
(0.640372 1.56764 1.65372e-19)
(0.686579 1.67517 -4.11188e-19)
(0.675866 1.68451 0)
(0.656153 1.65071 0)
(0.62798 1.61532 0)
(0.601458 1.57785 4.45385e-20)
(0.56896 1.54993 -3.51348e-20)
(0.548251 1.58337 0)
(0.65138 1.90747 0)
(0.905391 2.86288 1.00302e-19)
(0.993426 3.21616 -5.11586e-20)
(0.901807 3.01221 6.68387e-20)
(0.503724 1.90226 1.00378e-19)
(-0.115275 0.238669 0)
(-0.356974 -0.182918 -4.57003e-20)
(-0.354143 -0.363135 -2.1431e-20)
(-0.232185 -0.306074 2.61754e-19)
(-0.0235338 0.0143756 -3.0591e-19)
(0.102514 0.333991 -4.74601e-19)
(0.423806 1.11772 1.25438e-19)
(0.585416 1.56279 3.51353e-19)
(0.638498 1.69363 2.34695e-19)
(0.632127 1.70483 -1.90107e-19)
(0.617954 1.67294 -1.22696e-19)
(0.594172 1.63567 8.17021e-20)
(0.575099 1.59915 0)
(0.552138 1.56899 0)
(0.536483 1.60153 0)
(0.651077 1.91881 -5.68944e-20)
(0.927196 2.85182 -1.08011e-19)
(1.02553 3.22539 6.71975e-20)
(0.915955 3.05066 -2.38152e-20)
(0.503216 1.92004 9.12837e-20)
(-0.160016 0.496983 0)
(-0.444761 -0.232055 1.65309e-19)
(-0.517588 -0.759874 -5.97289e-19)
(-0.490431 -0.888816 1.36375e-18)
(-0.211719 -0.611015 -7.47294e-19)
(0.0567033 0.2382 5.02375e-19)
(0.354023 1.04227 -4.12736e-19)
(0.519644 1.52864 0)
(0.583195 1.69269 1.16998e-19)
(0.584927 1.71878 8.33135e-20)
(0.576837 1.69351 1.72612e-19)
(0.558855 1.6565 -7.6373e-20)
(0.545542 1.6162 0)
(0.532557 1.58186 0)
(0.521707 1.61 -1.13969e-19)
(0.645996 1.90318 -3.00715e-21)
(0.94878 2.8274 6.84798e-20)
(1.09698 3.22258 2.87189e-20)
(1.07653 3.13439 3.39914e-19)
(0.75954 2.18851 -7.85799e-19)
(0.198786 0.641896 1.19308e-18)
(-0.233332 -0.271425 -8.48849e-19)
(-0.51453 -0.975641 0)
(-0.493866 -1.37432 -4.15948e-20)
(-0.345302 -1.15085 1.65714e-18)
(0.0187501 0.150071 5.14659e-19)
(0.269537 0.913867 0)
(0.452561 1.48115 0)
(0.526002 1.6893 0)
(0.534129 1.72584 6.83051e-20)
(0.532328 1.70625 -1.71807e-19)
(0.518405 1.66747 -7.31675e-20)
(0.51223 1.62802 0)
(0.507954 1.58895 0)
(0.506589 1.60527 7.21216e-20)
(0.622216 1.85445 2.37432e-20)
(0.972506 2.71646 -3.18618e-20)
(1.2258 3.14883 3.45434e-20)
(1.30435 3.0296 1.22409e-19)
(1.23837 2.51825 -3.39914e-19)
(0.88927 1.49521 3.29575e-19)
(0.414378 0.433417 -4.09036e-19)
(0.0483665 -0.494175 0)
(-0.3026 -1.52941 3.98069e-20)
(-0.313749 -1.50534 5.93362e-19)
(-0.00111872 0.0818969 -4.80183e-19)
(0.181486 0.755383 1.65466e-19)
(0.371658 1.37673 2.53019e-19)
(0.462113 1.65356 -1.69353e-20)
(0.481522 1.72342 -1.5114e-19)
(0.484439 1.71574 -9.26935e-20)
(0.475962 1.67897 2.04792e-19)
(0.471787 1.6344 -6.67662e-21)
(0.476769 1.58617 0)
(0.482199 1.58802 1.92118e-20)
(0.57938 1.76469 -3.00298e-21)
(0.898814 2.53472 1.73966e-20)
(1.21348 2.98829 0)
(1.27635 2.9077 -3.51395e-20)
(1.2176 2.55287 0)
(1.05433 1.81729 -4.03917e-20)
(0.681527 0.845153 4.70121e-20)
(0.385126 -0.0813619 0)
(0.101821 -0.736942 0)
(-0.0858529 -1.0736 -3.74092e-19)
(-0.00304413 0.0227527 3.83073e-19)
(0.0916642 0.48062 -1.43544e-19)
(0.303634 1.24448 1.12734e-19)
(0.397417 1.60249 -1.76394e-19)
(0.423421 1.70882 6.86235e-20)
(0.431292 1.71137 -2.2279e-20)
(0.42669 1.68231 1.28429e-20)
(0.424759 1.63638 -2.81016e-20)
(0.432581 1.57757 -1.65761e-20)
(0.446042 1.55829 -7.15485e-21)
(0.501961 1.65735 6.38551e-21)
(0.72344 2.25428 0)
(1.04228 2.81682 2.06612e-20)
(1.1019 2.78551 0)
(1.08617 2.57749 0)
(0.991858 2.13746 0)
(0.730012 1.41071 6.09566e-19)
(0.446427 0.657213 -1.48955e-18)
(0.190733 -0.00900785 1.10471e-20)
(0.0128974 -0.388824 1.06722e-18)
(0.00533957 -0.0339927 6.73319e-20)
(0.0272165 0.198997 6.31635e-20)
(0.208239 0.98162 -5.14625e-20)
(0.328453 1.49502 -3.81474e-20)
(0.365702 1.68076 3.08402e-20)
(0.375508 1.7043 2.07998e-20)
(0.373593 1.68529 1.39441e-20)
(0.367848 1.63388 0)
(0.369995 1.56696 -6.38932e-21)
(0.382411 1.52255 -2.51879e-21)
(0.397584 1.56625 2.81804e-22)
(0.484693 1.95302 0)
(0.769802 2.65062 1.56046e-20)
(0.794254 2.71347 -4.0058e-20)
(0.773779 2.63299 0)
(0.718117 2.39413 0)
(0.576706 1.92888 -3.84576e-20)
(0.372073 1.31136 0)
(0.190951 0.726765 -2.98417e-20)
(0.0514126 0.276038 0)
(0.0068422 -0.0749792 0)
(0.00657082 0.0373344 0)
(0.102705 0.640214 0)
(0.240899 1.31631 0)
(0.293364 1.61596 -7.5175e-34)
(0.309306 1.68486 5.41469e-34)
(0.311138 1.67792 0)
(0.306483 1.63273 0)
(0.303801 1.5589 0)
(0.309558 1.49858 0)
(0.311847 1.52034 0)
(0.315192 1.80527 0)
(0.548934 2.49982 0)
(0.56442 2.71958 0)
(0.54054 2.71349 0)
(0.499604 2.60818 0)
(0.423407 2.32889 0)
(0.278063 1.83206 0)
(0.136058 1.33772 0)
(0.0297902 0.793563 0)
(-0.000244817 -0.0891662 0)
(0.00945531 -0.0519362 0)
(0.041208 0.320139 0)
(0.172283 1.11451 0)
(0.223367 1.535 0)
(0.241319 1.6598 0)
(0.245818 1.66559 0)
(0.244577 1.63144 0)
(0.238954 1.55429 0)
(0.241582 1.49104 0)
(0.249558 1.50732 0)
(0.207344 1.74597 0)
(0.391633 2.41925 0)
(0.417384 2.74036 0)
(0.380207 2.78896 0)
(0.348532 2.74644 0)
(0.297437 2.56251 0)
(0.196589 2.15668 0)
(0.0876127 1.67898 0)
(0.0148652 1.05285 0)
(0.0011676 -0.117895 0)
(0.0268623 -0.116488 0)
(0.0226499 0.155854 0)
(0.102044 0.944858 0)
(0.149021 1.45231 0)
(0.168243 1.63134 0)
(0.176634 1.65287 0)
(0.18226 1.62746 0)
(0.177933 1.55557 0)
(0.180704 1.49664 0)
(0.199833 1.51047 0)
(0.135034 1.71355 0)
(0.266749 2.36195 0)
(0.301676 2.75739 0)
(0.263572 2.85472 0)
(0.231922 2.84534 0)
(0.19776 2.72269 0)
(0.129272 2.39398 0)
(0.0515171 1.95428 0)
(0.00392578 1.23998 0)
(0.00339757 -0.175933 0)
(0.0270389 -0.168402 0)
(0.0105609 0.14401 0)
(0.0334173 0.865671 0)
(0.0712283 1.40025 0)
(0.0938376 1.60258 0)
(0.109381 1.63756 0)
(0.12147 1.62118 0)
(0.125931 1.55674 0)
(0.128092 1.50217 0)
(0.156361 1.51908 0)
(0.0870015 1.69668 0)
(0.17524 2.32887 0)
(0.207538 2.77586 0)
(0.174692 2.90898 0)
(0.14474 2.92214 0)
(0.119332 2.83843 0)
(0.0706987 2.55285 0)
(0.0169086 2.11508 0)
(-0.00747406 1.30231 0)
(0.00355676 -0.212011 0)
(0.0119012 -0.186861 0)
(-0.00915687 0.179893 0)
(-0.0241155 0.843071 0)
(-0.00216473 1.36229 0)
(0.0187254 1.57508 0)
(0.044832 1.61807 0)
(0.0653617 1.60865 0)
(0.0820984 1.55096 0)
(0.0820546 1.50457 0)
(0.116039 1.52635 0)
(0.0555014 1.6845 0)
(0.113087 2.29887 0)
(0.136129 2.78932 0)
(0.106122 2.95201 0)
(0.0809802 2.98343 0)
(0.0646892 2.91633 0)
(0.0306672 2.65832 0)
(-0.000643053 2.21803 0)
(-0.0134611 1.29102 0)
(0.00107702 -0.219131 0)
(-0.0108309 -0.138238 0)
(-0.0456511 0.263747 0)
(-0.0707126 0.87642 0)
(-0.0608632 1.33734 0)
(-0.040337 1.53932 0)
(-0.0107463 1.59051 0)
(0.0162103 1.58816 0)
(0.0412607 1.5391 0)
(0.0413874 1.50126 0)
(0.0787541 1.53066 0)
(0.0312502 1.68087 0)
(0.0688002 2.28161 0)
(0.0823318 2.79742 0)
(0.0561593 2.98145 0)
(0.0383508 3.02499 0)
(0.0270417 2.97229 0)
(0.00344584 2.72747 0)
(-0.0205219 2.27177 0)
(-0.0164215 1.24917 0)
(-0.00484656 -0.177309 0)
(-0.0281608 -0.0493563 0)
(-0.0693144 0.358909 0)
(-0.0983878 0.918054 0)
(-0.0955428 1.30989 0)
(-0.0765203 1.49208 0)
(-0.0476965 1.5506 0)
(-0.0207323 1.56105 0)
(0.00759559 1.52197 0)
(0.0106068 1.49031 0)
(0.0476716 1.52939 0)
(0.0112439 1.67741 0)
(0.037712 2.26866 0)
(0.0429075 2.80173 0)
(0.0211653 3.00193 0)
(0.00557874 3.05592 0)
(-0.00508775 3.00536 0)
(-0.0204678 2.761 0)
(-0.0328232 2.26887 0)
(-0.018379 1.1599 0)
(-0.00740933 -0.10831 0)
(-0.0345496 0.0606706 0)
(-0.077164 0.454239 0)
(-0.106056 0.956151 0)
(-0.106428 1.28554 0)
(-0.0897627 1.4479 0)
(-0.0649162 1.51041 0)
(-0.0423708 1.52964 0)
(-0.0126716 1.50039 0)
(-0.0108283 1.47497 0)
(0.0239302 1.52752 0)
(-0.00563845 1.67954 0)
(0.0135242 2.26154 0)
(0.0128981 2.80614 0)
(-0.00288977 3.01806 0)
(-0.0149002 3.07844 0)
(-0.024276 3.03092 0)
(-0.0351605 2.78249 0)
(-0.0388504 2.24978 0)
(-0.0208996 1.04953 0)
(-0.00761854 -0.0306291 0)
(-0.0339638 0.175529 0)
(-0.0745828 0.547273 0)
(-0.101787 0.990781 0)
(-0.103442 1.26708 0)
(-0.0903001 1.4101 0)
(-0.0704879 1.47309 0)
(-0.0520306 1.49732 0)
(-0.0234074 1.47836 0)
(-0.0251341 1.46156 0)
(0.00817002 1.52376 0)
(-0.0171415 1.67913 0)
(-0.00586569 2.26142 0)
(-0.00907515 2.81187 0)
(-0.020922 3.02984 0)
(-0.0296754 3.09221 0)
(-0.037734 3.04366 0)
(-0.0452687 2.78417 0)
(-0.0417648 2.20887 0)
(-0.0188288 0.932531 0)
(-0.00627594 0.0404216 0)
(-0.0285249 0.278003 0)
(-0.0633368 0.625677 0)
(-0.0867307 1.02048 0)
(-0.0896169 1.26076 0)
(-0.0806737 1.38799 0)
(-0.0679141 1.44736 0)
(-0.053906 1.47139 0)
(-0.0299742 1.46121 0)
(-0.033671 1.45079 0)
(-0.00334569 1.52165 0)
(-0.0239894 1.68118 0)
(-0.0169392 2.25962 0)
(-0.0216288 2.81726 0)
(-0.0313726 3.04135 0)
(-0.038514 3.10653 0)
(-0.0429796 3.0531 0)
(-0.048113 2.7776 0)
(-0.0401679 2.1497 0)
(-0.0135652 0.825061 0)
(-0.0042757 0.0973072 0)
(-0.0212931 0.365762 0)
(-0.0495762 0.69647 0)
(-0.0692122 1.05026 0)
(-0.0729869 1.26339 0)
(-0.0686937 1.37748 0)
(-0.0615964 1.43247 0)
(-0.0518847 1.45545 0)
(-0.0335885 1.4504 0)
(-0.0371157 1.44161 0)
(-0.0117531 1.51843 0)
(-0.0280507 1.6868 0)
(-0.0250638 2.2662 0)
(-0.0304516 2.82873 0)
(-0.0382575 3.0532 0)
(-0.0425888 3.11564 0)
(-0.0472106 3.05866 0)
(-0.046343 2.76656 0)
(-0.0359691 2.09081 0)
(-0.00854633 0.737182 0)
(-0.00252877 0.136581 0)
(-0.0142933 0.430817 0)
(-0.0358217 0.750074 0)
(-0.0511167 1.07407 0)
(-0.0559463 1.27011 0)
(-0.054117 1.37583 0)
(-0.0508356 1.42724 0)
(-0.0453545 1.44751 0)
(-0.0326506 1.44435 0)
(-0.0362487 1.43516 0)
(-0.0159188 1.51329 0)
(-0.0310165 1.68859 0)
(-0.0272882 2.27065 0)
(-0.035772 2.83655 0)
(-0.0423284 3.06295 0)
(-0.0465785 3.12428 0)
(-0.0485019 3.05767 0)
(-0.0468537 2.74186 0)
(-0.0322871 2.0174 0)
(-0.00544166 0.663823 0)
(-0.00141379 0.162556 0)
(-0.00934379 0.480317 0)
(-0.0256579 0.7955 0)
(-0.0381421 1.09784 0)
(-0.043556 1.27849 0)
(-0.0435587 1.37538 0)
(-0.0427798 1.42263 0)
(-0.0389871 1.44177 0)
(-0.0299789 1.43975 0)
(-0.0339012 1.43117 0)
(-0.0180479 1.51153 0)
(-0.0330026 1.69372 0)
(-0.0321385 2.28021 0)
(-0.0391205 2.84707 0)
(-0.045362 3.0719 0)
(-0.0489702 3.12977 0)
(-0.0480144 3.05464 0)
(-0.0455224 2.72053 0)
(-0.0285953 1.94801 0)
(-0.00277817 0.604777 0)
(-0.000762998 0.178337 0)
(-0.00588287 0.513708 0)
(-0.0181636 0.826725 0)
(-0.026857 1.11547 0)
(-0.0333193 1.28703 0)
(-0.0341863 1.37743 0)
(-0.0350255 1.4209 0)
(-0.0331712 1.43786 0)
(-0.0254626 1.43587 0)
(-0.0314329 1.42945 0)
(-0.0185998 1.51191 0)
(-0.0331477 1.69743 0)
(-0.0351989 2.28748 0)
(-0.0420118 2.8562 0)
(-0.0477944 3.07715 0)
(-0.0492472 3.12958 0)
(-0.0463982 3.04727 0)
(-0.0411387 2.68707 0)
(-0.0238307 1.87632 0)
(-0.000343224 0.556827 0)
(-0.000498284 0.189104 0)
(-0.00396678 0.540097 0)
(-0.0137631 0.854146 0)
(-0.0207412 1.13219 0)
(-0.025664 1.29672 0)
(-0.0274442 1.38057 0)
(-0.0298012 1.41931 0)
(-0.0277888 1.4343 0)
(-0.0219628 1.43392 0)
(-0.029455 1.4292 0)
(-0.0190668 1.51368 0)
(-0.033125 1.70543 0)
(-0.0379897 2.29426 0)
(-0.0457751 2.861 0)
(-0.049501 3.07856 0)
(-0.0494136 3.12794 0)
(-0.0485451 3.03688 0)
(-0.0384884 2.65291 0)
(-0.0196476 1.80734 0)
(0.000896592 0.521467 0)
(-0.000315381 0.195515 0)
(-0.00251583 0.55713 0)
(-0.0100378 0.872445 0)
(-0.0144903 1.14081 0)
(-0.0177577 1.30418 0)
(-0.0201548 1.38546 0)
(-0.0229544 1.42136 0)
(-0.0233268 1.43332 0)
(-0.0190879 1.43352 0)
(-0.0280679 1.43012 0)
(-0.0192667 1.51496 0)
(-0.0306754 1.71522 0)
(-0.0411792 2.30535 0)
(-0.0452868 2.86728 0)
(-0.0499973 3.07887 0)
(-0.0483642 3.12369 0)
(-0.0436343 3.0177 0)
(-0.0376709 2.60732 0)
(-0.0169308 1.7317 0)
(0.00137094 0.492597 0)
(-0.00027027 0.200638 0)
(-0.00182118 0.572043 0)
(-0.00790977 0.89021 0)
(-0.0125246 1.14831 0)
(-0.0132375 1.31013 0)
(-0.015724 1.38998 0)
(-0.0185834 1.42284 0)
(-0.0193254 1.43299 0)
(-0.0172977 1.43495 0)
(-0.0258606 1.4313 0)
(-0.0193702 1.51523 0)
(-0.0284741 1.72217 0)
(-0.038773 2.31193 0)
(-0.0449782 2.87188 0)
(-0.0497646 3.07985 0)
(-0.0492348 3.12038 0)
(-0.0445402 3.0071 0)
(-0.0358892 2.58049 0)
(-0.0161412 1.67145 0)
(0.00300146 0.471676 0)
(-0.000279146 0.203704 0)
(-0.00151276 0.581224 0)
(-0.00609304 0.90232 0)
(-0.0100719 1.15184 0)
(-0.0103778 1.31332 0)
(-0.0121468 1.3941 0)
(-0.0139608 1.42622 0)
(-0.0172084 1.43531 0)
(-0.0160901 1.43645 0)
(-0.0241827 1.43436 0)
(-0.020029 1.51593 0)
(-0.0272696 1.73445 0)
(-0.0405718 2.32426 0)
(-0.0470834 2.88114 0)
(-0.0514041 3.08169 0)
(-0.05228 3.11683 0)
(-0.0504396 2.98606 0)
(-0.0389686 2.52374 0)
(-0.0157737 1.58685 0)
(0.00284473 0.449459 0)
(-0.000353823 0.20768 0)
(-0.00160526 0.591518 0)
(-0.0054861 0.915614 0)
(-0.0103342 1.15762 0)
(-0.0103144 1.31534 0)
(-0.0111123 1.39622 0)
(-0.012359 1.42839 0)
(-0.0163121 1.43719 0)
(-0.0146228 1.43824 0)
(-0.022888 1.43682 0)
(-0.0209946 1.51512 0)
(-0.0222942 1.7421 0)
(-0.0402921 2.33364 0)
(-0.0484468 2.89069 0)
(-0.0555894 3.0851 0)
(-0.0544158 3.11366 0)
(-0.052531 2.97375 0)
(-0.0419831 2.48939 0)
(-0.014394 1.5189 0)
(0.00193816 0.433243 0)
(-0.000461498 0.210766 0)
(-0.00180589 0.597963 0)
(-0.00465849 0.925179 0)
(-0.00907069 1.16319 0)
(-0.0100278 1.31658 0)
(-0.00995593 1.39733 0)
(-0.0101007 1.43159 0)
(-0.0167925 1.44169 0)
(-0.0157184 1.44005 0)
(-0.0244945 1.44143 0)
(-0.026213 1.51387 0)
(-0.0203196 1.75386 0)
(-0.0451055 2.3531 0)
(-0.0473723 2.90128 0)
(-0.0588168 3.08772 0)
(-0.0585957 3.11078 0)
(-0.0519085 2.94978 0)
(-0.0474157 2.42472 0)
(-0.0138419 1.42485 0)
(0.00172193 0.411476 0)
(-0.000534015 0.215667 0)
(-0.00203541 0.606582 0)
(-0.00474184 0.934975 0)
(-0.00865897 1.16973 0)
(-0.00968953 1.31689 0)
(-0.00962645 1.3974 0)
(-0.00834552 1.43441 0)
(-0.0138888 1.44497 0)
(-0.0144854 1.44243 0)
(-0.0251013 1.44586 0)
(-0.030412 1.51013 0)
(-0.0186484 1.76143 0)
(-0.044696 2.36767 0)
(-0.0573568 2.91252 0)
(-0.067354 3.09318 0)
(-0.0690882 3.11016 0)
(-0.0646548 2.93388 0)
(-0.0440283 2.37831 0)
(-0.0168552 1.3579 0)
(0.00400147 0.395781 0)
(-0.000712589 0.219979 0)
(-0.00235494 0.612687 0)
(-0.0045053 0.942746 0)
(-0.0077939 1.17614 0)
(-0.00936184 1.31789 0)
(-0.00938113 1.3965 0)
(-0.00745736 1.43556 0)
(-0.0120789 1.44924 0)
(-0.0156787 1.44719 0)
(-0.0279954 1.45551 0)
(-0.0323732 1.50869 0)
(-0.0250201 1.76922 0)
(-0.0493267 2.40071 0)
(-0.0649666 2.93524 0)
(-0.076511 3.1006 0)
(-0.0714018 3.10597 0)
(-0.0677702 2.90171 0)
(-0.0495294 2.29044 0)
(-0.0144354 1.25162 0)
(0.00398885 0.37697 0)
(-0.000841533 0.226037 0)
(-0.00264239 0.620059 0)
(-0.00487065 0.948552 0)
(-0.00605557 1.18057 0)
(-0.00719667 1.31821 0)
(-0.00501811 1.3961 0)
(-0.00317451 1.4367 0)
(-0.00315303 1.45899 0)
(-0.0124 1.46001 0)
(-0.0247242 1.46067 0)
(-0.0303872 1.50814 0)
(-0.0310498 1.77353 0)
(-0.0521424 2.42004 0)
(-0.0716612 2.94412 0)
(-0.0800797 3.09954 0)
(-0.0758556 3.10181 0)
(-0.0638323 2.87649 0)
(-0.0502714 2.23717 0)
(-0.00794359 1.1742 0)
(0.0024822 0.368452 0)
(-0.000779078 0.2324 0)
(-0.00287766 0.627398 0)
(-0.00514553 0.953088 0)
(-0.005942 1.18216 0)
(-0.00701706 1.31691 0)
(-0.00339527 1.39053 0)
(-0.00122542 1.43202 0)
(0.00436767 1.45562 0)
(-0.00139639 1.46071 0)
(-0.015308 1.47006 0)
(-0.0317188 1.51496 0)
(-0.0421348 1.78439 0)
(-0.0596662 2.4563 0)
(-0.0841809 2.95991 0)
(-0.0892142 3.09849 0)
(-0.0862043 3.08623 0)
(-0.0801494 2.82071 0)
(-0.0543565 2.11638 0)
(-0.00939424 1.05809 0)
(-0.00224773 0.348559 0)
(-0.000792307 0.238046 0)
(-0.00428732 0.63376 0)
(-0.00628766 0.957912 0)
(-0.00495737 1.18257 0)
(-0.00387082 1.31566 0)
(0.00462214 1.38808 0)
(0.009145 1.43154 0)
(0.0226442 1.46305 0)
(0.0202086 1.48284 0)
(0.00369215 1.48106 0)
(-0.0237916 1.52284 0)
(-0.0535584 1.79661 0)
(-0.07199 2.4787 0)
(-0.0948354 2.97425 0)
(-0.0936713 3.10069 0)
(-0.0908348 3.07648 0)
(-0.0820764 2.78958 0)
(-0.049354 2.05742 0)
(-0.00782852 1.01509 0)
(-0.00712708 0.328731 0)
(-0.000501504 0.249232 0)
(-0.00236632 0.646905 0)
(-0.00410444 0.955972 0)
(-0.00058833 1.17051 0)
(0.00498159 1.29289 0)
(0.0199807 1.35679 0)
(0.0339359 1.39599 0)
(0.0616684 1.43062 0)
(0.0784483 1.46363 0)
(0.0911855 1.51499 0)
(0.0233645 1.58503 0)
(-0.0428586 1.83469 0)
(-0.0636989 2.51804 0)
(-0.0867135 2.98673 0)
(-0.0874299 3.09886 0)
(-0.0815926 3.05654 0)
(-0.0687258 2.71346 0)
(-0.0397673 1.92274 0)
(-0.00652703 0.929236 0)
(-0.00601303 0.294649 0)
(-0.24285 1.58786 1.25015e-22)
(0.399335 3.24171 2.99189e-20)
(0.0927789 3.47074 5.45295e-20)
(0.2006 3.43828 0)
(0.161288 3.39123 0)
(0.155796 3.34353 -3.99223e-19)
(0.158154 3.31735 4.21352e-19)
(0.13068 3.27246 -4.3637e-19)
(0.11534 3.1771 8.00132e-21)
(0.100389 2.56722 5.93657e-19)
(-0.104933 2.33666 8.05326e-24)
(0.133772 3.29653 1.68421e-19)
(0.0114577 3.44091 0)
(0.0987725 3.39311 0)
(0.0748669 3.34655 1.18675e-20)
(0.0803 3.3085 8.27194e-19)
(0.0760574 3.27605 -4.60634e-19)
(0.0519328 3.24012 -7.72769e-21)
(0.0513928 3.08186 7.37439e-21)
(0.000857857 2.08512 0)
(-0.0274529 2.08005 1.93922e-19)
(0.0871865 3.14493 -2.04313e-19)
(0.0262437 3.34799 0)
(0.0736808 3.32622 3.8108e-19)
(0.0533958 3.30362 -1.39333e-21)
(0.0545505 3.28164 -4.29673e-19)
(0.0467231 3.26666 -5.31167e-19)
(0.0314353 3.2454 -2.18907e-22)
(0.0413059 3.11858 7.6189e-21)
(-0.0166225 2.21086 0)
(-0.0402335 2.02335 -5.19652e-20)
(0.0285785 3.12095 0)
(-0.0129046 3.31059 -2.00736e-19)
(0.0221953 3.30817 -1.66312e-19)
(0.0170212 3.2847 1.49317e-20)
(0.023413 3.26177 -2.76839e-19)
(0.0279216 3.24599 2.47464e-19)
(0.0219475 3.23341 -8.8352e-21)
(0.0423266 3.12501 1.17057e-20)
(0.00736027 2.24998 3.03337e-19)
(-0.0525405 2.02624 -1.56663e-19)
(0.0142261 3.0914 0)
(-0.00703223 3.26767 4.32704e-19)
(0.0123395 3.26252 -2.3881e-19)
(0.0145198 3.24858 -7.08914e-22)
(0.0175891 3.2376 -1.42063e-21)
(0.0214985 3.23342 -1.54978e-20)
(0.0222197 3.224 -3.1332e-19)
(0.0431687 3.12736 8.61753e-21)
(-0.00311148 2.31194 -6.34677e-19)
(-0.0498849 2.08677 0)
(-0.00989338 3.0868 -2.36994e-19)
(-0.0282468 3.24349 1.89043e-20)
(-0.0145065 3.24732 -1.6469e-20)
(-0.00515232 3.23255 1.68917e-20)
(0.00353283 3.21994 2.8051e-19)
(0.0161254 3.21103 2.93239e-19)
(0.0211404 3.20543 6.15784e-19)
(0.0427517 3.12396 3.40841e-19)
(0.0106478 2.35411 -1.66149e-20)
(-0.0511154 2.14102 0)
(-0.0196206 3.08235 2.45214e-19)
(-0.018794 3.21416 -2.57198e-19)
(-0.0113779 3.21289 -1.77643e-20)
(-0.000152657 3.20253 3.67252e-20)
(0.0077614 3.19589 3.69397e-22)
(0.0164809 3.19557 -1.97401e-20)
(0.0219423 3.19093 -3.21636e-19)
(0.0424154 3.12141 -3.31927e-19)
(0.00384087 2.41969 -1.72371e-20)
(-0.0478392 2.22948 2.8172e-19)
(-0.0285441 3.0858 -1.30876e-20)
(-0.0319059 3.19414 9.03254e-21)
(-0.0235438 3.19558 0)
(-0.0132442 3.18567 0)
(-0.00130894 3.17797 0)
(0.0134737 3.17167 0)
(0.0206884 3.16937 3.57485e-19)
(0.0411378 3.11258 -3.6874e-19)
(0.0154052 2.46388 3.64352e-19)
(-0.0461109 2.30608 2.6625e-20)
(-0.0329869 3.08485 2.99223e-19)
(-0.0210082 3.16963 0)
(-0.0146831 3.16542 -2.01614e-20)
(-0.0040264 3.15768 2.06198e-20)
(0.00533287 3.15321 0)
(0.014727 3.15423 -1.11703e-20)
(0.0207489 3.15271 -3.46966e-19)
(0.040194 3.10929 3.69706e-19)
(0.0103962 2.53302 0)
(-0.0439004 2.40405 1.59181e-20)
(-0.0359617 3.08625 -4.58642e-19)
(-0.0300267 3.14984 0)
(-0.022544 3.14696 0)
(-0.0136565 3.1392 2.20791e-20)
(-0.0021765 3.13365 -1.86169e-19)
(0.0117397 3.12891 -2.32926e-20)
(0.0191762 3.12935 1.98331e-19)
(0.0385164 3.09614 0)
(0.0192712 2.58106 0)
(-0.0395665 2.49032 -4.84168e-19)
(-0.0384935 3.08226 1.64139e-19)
(-0.0205601 3.12421 0)
(-0.0131334 3.11618 0)
(-0.00355003 3.1095 0)
(0.00554447 3.10655 3.83156e-19)
(0.0142268 3.10885 0)
(0.0201664 3.11056 -2.11586e-19)
(0.0378887 3.09049 1.30662e-20)
(0.0149237 2.65379 2.21124e-19)
(-0.0380621 2.58941 1.72527e-19)
(-0.0402254 3.07537 -1.67582e-20)
(-0.029703 3.10117 2.00663e-19)
(-0.0211783 3.095 1.94984e-19)
(-0.0124319 3.08844 0)
(-0.000813651 3.08421 -1.9676e-19)
(0.0126398 3.0812 0)
(0.0210315 3.08452 0)
(0.0384683 3.07217 0)
(0.0223311 2.70642 -2.2215e-19)
(-0.034673 2.6783 -1.82105e-19)
(-0.0429095 3.06237 1.88043e-19)
(-0.0233344 3.07193 -1.89153e-19)
(-0.0132168 3.06205 -2.97999e-19)
(-0.00290835 3.0569 0)
(0.00715 3.05545 2.66394e-20)
(0.0166497 3.05885 -1.36001e-20)
(0.0248209 3.06306 1.01293e-19)
(0.0417329 3.06163 1.25777e-19)
(0.0208081 2.78042 -1.29436e-19)
(-0.0349179 2.7723 1.86854e-19)
(-0.0468126 3.04452 -1.80669e-19)
(-0.032816 3.04566 1.28609e-20)
(-0.020781 3.04035 7.58238e-20)
(-0.0110241 3.03632 -1.08718e-19)
(0.000352048 3.03383 0)
(0.0140151 3.03189 1.16826e-19)
(0.0256541 3.03561 4.95043e-21)
(0.0446012 3.0366 -2.43364e-19)
(0.0287007 2.83262 -6.55147e-21)
(-0.0292336 2.85539 -5.3192e-20)
(-0.0436472 3.02206 1.30187e-20)
(-0.0229859 3.01791 -6.75536e-20)
(-0.011064 3.01451 2.7625e-20)
(-0.00220015 3.0141 1.32529e-19)
(0.00626874 3.01344 -5.6285e-20)
(0.0142711 3.01438 -5.60748e-20)
(0.0233585 3.01696 -5.82932e-20)
(0.0418412 3.02183 1.24938e-19)
(0.0247946 2.9003 6.11528e-20)
(-0.0177615 2.9399 4.2763e-20)
(-0.0262797 3.00012 1.89014e-20)
(-0.0162319 3.00069 3.72298e-20)
(-0.00942864 3.00169 -7.62568e-20)
(-0.00414111 3.00264 2.57928e-20)
(0.000660541 3.00217 5.24341e-20)
(0.0055827 3.00062 -5.46907e-20)
(0.0107206 2.99898 -5.71658e-20)
(0.0218062 2.99715 7.72985e-21)
(0.0165363 2.94915 5.4841e-20)
)
;

boundaryField
{
    wall-4
    {
        type            noSlip;
    }
    pressure-outlet-7
    {
        type            zeroGradient;
    }
    velocity-inlet-6
    {
        type            fixedValue;
        value           uniform (0 3 0);
    }
    velocity-inlet-5
    {
        type            fixedValue;
        value           uniform (1 0 0);
    }
    frontAndBackPlanes
    {
        type            empty;
    }
}


// ************************************************************************* //
