/*--------------------------------*- C++ -*----------------------------------*\
| =========                 |                                                 |
| \\      /  F ield         | OpenFOAM: The Open Source CFD Toolbox           |
|  \\    /   O peration     | Version:  v2012                                 |
|   \\  /    A nd           | Website:  www.openfoam.com                      |
|    \\/     M anipulation  |                                                 |
\*---------------------------------------------------------------------------*/
FoamFile
{
    version     2.0;
    format      ascii;
    class       volVectorField;
    location    "61";
    object      U;
}
// * * * * * * * * * * * * * * * * * * * * * * * * * * * * * * * * * * * * * //

dimensions      [0 1 -1 0 0 0 0];


internalField   nonuniform List<vector> 
2200
(
(0.878854 -0.0304104 0)
(1.0058 -0.0512778 0)
(1.0033 -0.0353821 0)
(1.00031 -0.0244214 0)
(0.999909 -0.0166315 0)
(1.00002 -0.0107047 0)
(1.00001 -0.00680927 0)
(0.999987 -0.00417375 0)
(0.999945 -0.0021427 0)
(1.00019 -0.000579472 0)
(1.00004 0.00112468 0)
(1.00016 0.00259837 0)
(1.00028 0.00451054 0)
(1.0002 0.0070962 0)
(1.00014 0.0108446 0)
(1.00007 0.016659 0)
(1.00037 0.0243741 0)
(1.00348 0.0348602 0)
(1.00599 0.0513797 0)
(0.879054 0.030296 0)
(0.712013 -0.0327664 0)
(0.99665 -0.0630146 0)
(1.03332 -0.0561754 0)
(1.02489 -0.0464426 0)
(1.01586 -0.0361467 0)
(1.00964 -0.0264042 0)
(1.00593 -0.018168 0)
(1.00381 -0.0114337 0)
(1.00267 -0.00609337 0)
(1.00208 -0.00167078 0)
(1.00191 0.00247332 0)
(1.0022 0.00703897 0)
(1.00331 0.0123178 0)
(1.00553 0.0189044 0)
(1.00932 0.0271997 0)
(1.01543 0.0369487 0)
(1.02456 0.0474591 0)
(1.03316 0.058002 0)
(0.996709 0.063138 0)
(0.711777 0.0330363 0)
(0.535563 -0.0238909 0)
(0.969923 -0.0569266 0)
(1.05644 -0.0547113 0)
(1.05228 -0.0487391 0)
(1.03629 -0.0404129 0)
(1.02448 -0.0322562 0)
(1.01591 -0.0239763 0)
(1.01038 -0.0161115 0)
(1.0071 -0.0088103 0)
(1.00558 -0.002105 0)
(1.00584 0.00436168 0)
(1.0074 0.0107834 0)
(1.01049 0.0177932 0)
(1.0158 0.0254716 0)
(1.0242 0.0334317 0)
(1.03624 0.0414057 0)
(1.0523 0.0493962 0)
(1.05633 0.0532386 0)
(0.969221 0.0576477 0)
(0.534412 0.0239358 0)
(0.392341 -0.0136481 0)
(0.911829 -0.0463863 0)
(1.05751 -0.0468987 0)
(1.06952 -0.0442946 0)
(1.05483 -0.0381524 0)
(1.03932 -0.0314559 0)
(1.02756 -0.024665 0)
(1.01911 -0.0174327 0)
(1.01379 -0.00995548 0)
(1.01114 -0.00244088 0)
(1.01064 0.00502035 0)
(1.01281 0.0125287 0)
(1.01807 0.0197896 0)
(1.02653 0.0266431 0)
(1.03839 0.0330828 0)
(1.0539 0.0395631 0)
(1.06811 0.0456538 0)
(1.05548 0.0483317 0)
(0.909884 0.0470007 0)
(0.389921 0.013781 0)
(0.307723 -0.00451609 0)
(0.846754 -0.032386 0)
(1.04943 -0.0399378 0)
(1.07952 -0.0381912 0)
(1.06827 -0.0335296 0)
(1.05173 -0.0279225 0)
(1.03835 -0.022502 0)
(1.0281 -0.016441 0)
(1.02097 -0.00953427 0)
(1.01708 -0.00186646 0)
(1.0172 0.00611339 0)
(1.02084 0.0133088 0)
(1.02752 0.0197566 0)
(1.03739 0.0254204 0)
(1.05034 0.0303383 0)
(1.06675 0.0356522 0)
(1.0778 0.0399927 0)
(1.04739 0.0417287 0)
(0.843042 0.0329527 0)
(0.303764 0.00473505 0)
(0.264302 0.000102873 0)
(0.789035 -0.0200655 0)
(1.03342 -0.0314467 0)
(1.08357 -0.0320116 0)
(1.07732 -0.0287332 0)
(1.06088 -0.0238454 0)
(1.04724 -0.0193822 0)
(1.03637 -0.0142708 0)
(1.02857 -0.00818884 0)
(1.02422 -0.00121311 0)
(1.02349 0.00603597 0)
(1.027 0.01288 0)
(1.03437 0.0186132 0)
(1.04497 0.0231711 0)
(1.0586 0.0271645 0)
(1.07487 0.0315757 0)
(1.08029 0.0342702 0)
(1.02915 0.0333472 0)
(0.782593 0.0207341 0)
(0.25875 0.000121206 0)
(0.240387 0.00107076 0)
(0.738438 -0.0122732 0)
(1.01376 -0.0249722 0)
(1.08409 -0.0267372 0)
(1.08306 -0.0244575 0)
(1.06784 -0.0203203 0)
(1.05431 -0.0163068 0)
(1.04343 -0.0117861 0)
(1.03519 -0.00640997 0)
(1.03013 4.40895e-05 0)
(1.02994 0.00687757 0)
(1.03422 0.0127157 0)
(1.04162 0.0173637 0)
(1.05179 0.0213067 0)
(1.06478 0.0246413 0)
(1.07948 0.0280623 0)
(1.07998 0.0296829 0)
(1.00762 0.0272287 0)
(0.728957 0.013147 0)
(0.23313 -0.00083575 0)
(0.226067 0.000957293 0)
(0.695559 -0.00803936 0)
(0.993142 -0.0207452 0)
(1.08224 -0.0231121 0)
(1.08686 -0.0212527 0)
(1.07339 -0.0176693 0)
(1.05993 -0.0138598 0)
(1.04937 -0.00956425 0)
(1.04146 -0.00458429 0)
(1.03668 0.0010288 0)
(1.03567 0.00687452 0)
(1.03886 0.0121767 0)
(1.04581 0.0165813 0)
(1.05586 0.0199834 0)
(1.0692 0.0230412 0)
(1.08193 0.025803 0)
(1.07567 0.0267513 0)
(0.983306 0.0234254 0)
(0.681855 0.00911162 0)
(0.216684 -0.000715167 0)
(0.2165 0.000622527 0)
(0.660189 -0.00566763 0)
(0.972664 -0.0176127 0)
(1.07961 -0.0201881 0)
(1.09033 -0.0186025 0)
(1.0783 -0.0154455 0)
(1.06489 -0.0117767 0)
(1.05436 -0.00758336 0)
(1.04635 -0.00275747 0)
(1.0411 0.00268383 0)
(1.04035 0.00806125 0)
(1.04417 0.0128002 0)
(1.0508 0.0163972 0)
(1.06015 0.0196858 0)
(1.07262 0.0223781 0)
(1.0835 0.0245365 0)
(1.07094 0.0250172 0)
(0.959335 0.021 0)
(0.641839 0.0070709 0)
(0.204618 -0.000334871 0)
(0.209317 0.000298153 0)
(0.631625 -0.00421292 0)
(0.953775 -0.0150089 0)
(1.07647 -0.0179541 0)
(1.09342 -0.0166184 0)
(1.08299 -0.0136606 0)
(1.06956 -0.010016 0)
(1.05913 -0.0059394 0)
(1.05143 -0.00129145 0)
(1.0466 0.00366153 0)
(1.04511 0.00874869 0)
(1.04721 0.0130419 0)
(1.05318 0.0169136 0)
(1.0626 0.0196774 0)
(1.07558 0.022106 0)
(1.08443 0.0238639 0)
(1.06394 0.0237757 0)
(0.93454 0.0191081 0)
(0.606905 0.00592171 0)
(0.194164 3.94854e-05 0)
(0.203489 8.44036e-05 0)
(0.608347 -0.00314977 0)
(0.935816 -0.012553 0)
(1.07337 -0.0155599 0)
(1.0968 -0.0144078 0)
(1.0877 -0.0116676 0)
(1.07413 -0.0081581 0)
(1.0633 -0.00405822 0)
(1.05506 0.000680048 0)
(1.0495 0.00585555 0)
(1.04797 0.0106027 0)
(1.05111 0.0148541 0)
(1.05722 0.0177346 0)
(1.06614 0.0204342 0)
(1.07804 0.0224962 0)
(1.08479 0.0236603 0)
(1.05723 0.0230246 0)
(0.91084 0.0175817 0)
(0.5767 0.00526493 0)
(0.184574 0.000319068 0)
(0.19893 7.01829e-06 0)
(0.59017 -0.00229562 0)
(0.920485 -0.0102462 0)
(1.07042 -0.0134539 0)
(1.10008 -0.0123895 0)
(1.09256 -0.00965934 0)
(1.07904 -0.00606221 0)
(1.06823 -0.00216606 0)
(1.06008 0.00230441 0)
(1.05468 0.00710493 0)
(1.05239 0.0119777 0)
(1.05352 0.015861 0)
(1.05866 0.0192012 0)
(1.06773 0.0211925 0)
(1.08023 0.0228524 0)
(1.08452 0.0237321 0)
(1.048 0.0224546 0)
(0.886128 0.0163629 0)
(0.549024 0.00489822 0)
(0.175117 0.0004918 0)
(0.195333 2.44599e-05 0)
(0.575413 -0.00156541 0)
(0.905868 -0.00813373 0)
(1.06764 -0.0110524 0)
(1.10371 -0.00995679 0)
(1.09753 -0.00722819 0)
(1.08378 -0.00369792 0)
(1.07227 0.000340389 0)
(1.06315 0.0050001 0)
(1.05661 0.0101286 0)
(1.05414 0.014658 0)
(1.05646 0.018284 0)
(1.06216 0.0204183 0)
(1.07076 0.0223766 0)
(1.08172 0.0237235 0)
(1.08374 0.0241274 0)
(1.03917 0.0222608 0)
(0.862433 0.0155131 0)
(0.524038 0.0047117 0)
(0.166004 0.000575769 0)
(0.193245 6.66201e-05 0)
(0.564951 -0.000765438 0)
(0.894671 -0.00588223 0)
(1.06538 -0.00870927 0)
(1.10732 -0.00746311 0)
(1.10271 -0.00458602 0)
(1.08902 -0.000819156 0)
(1.07751 0.00310292 0)
(1.06853 0.00754245 0)
(1.06196 0.0121999 0)
(1.0583 0.0167056 0)
(1.0585 0.0201198 0)
(1.06285 0.0226107 0)
(1.07167 0.0238456 0)
(1.0828 0.0247542 0)
(1.0818 0.0247663 0)
(1.02705 0.0224023 0)
(0.836864 0.0149784 0)
(0.499574 0.00465026 0)
(0.156739 0.000616534 0)
(0.192375 0.000106665 0)
(0.557457 -0.000220383 0)
(0.884333 -0.00392703 0)
(1.06369 -0.0060385 0)
(1.11138 -0.00455255 0)
(1.10814 -0.00146223 0)
(1.09429 0.0023747 0)
(1.0819 0.00660726 0)
(1.07158 0.0113345 0)
(1.06359 0.0163963 0)
(1.05982 0.0206653 0)
(1.06089 0.0233996 0)
(1.06603 0.0248742 0)
(1.07427 0.0260285 0)
(1.08286 0.0265112 0)
(1.07933 0.0260072 0)
(1.01541 0.0229338 0)
(0.812203 0.0147654 0)
(0.476636 0.0046927 0)
(0.147714 0.000635054 0)
(0.192966 8.41198e-05 0)
(0.55319 0.000832252 0)
(0.878155 -0.00156263 0)
(1.06313 -0.00341364 0)
(1.11583 -0.0015973 0)
(1.11399 0.00167037 0)
(1.10013 0.0058506 0)
(1.08768 0.0102249 0)
(1.07752 0.0149798 0)
(1.06943 0.0197407 0)
(1.06392 0.0237797 0)
(1.06255 0.0266318 0)
(1.06553 0.0280986 0)
(1.07378 0.028582 0)
(1.08277 0.0287557 0)
(1.07467 0.0277286 0)
(0.999815 0.0237865 0)
(0.78496 0.0149297 0)
(0.452859 0.00483724 0)
(0.138234 0.000655167 0)
(0.195023 0.000233087 0)
(0.553427 0.00152675 0)
(0.873287 0.000499772 0)
(1.06375 -6.3976e-05 0)
(1.12084 0.00213113 0)
(1.12014 0.00583045 0)
(1.10618 0.0103047 0)
(1.09283 0.0152406 0)
(1.08103 0.0205053 0)
(1.07085 0.025567 0)
(1.065 0.0294517 0)
(1.06446 0.0313212 0)
(1.06847 0.0323038 0)
(1.07571 0.0325866 0)
(1.08095 0.0318221 0)
(1.06951 0.0300244 0)
(0.984601 0.0252213 0)
(0.758108 0.0154479 0)
(0.429569 0.00510723 0)
(0.128701 0.000684485 0)
(0.199203 0.000672528 0)
(0.556088 0.00233986 0)
(0.873654 0.00336634 0)
(1.06633 0.00333429 0)
(1.1268 0.00621084 0)
(1.12712 0.0101695 0)
(1.11279 0.0151205 0)
(1.09902 0.0202707 0)
(1.08706 0.0256241 0)
(1.07685 0.0306758 0)
(1.069 0.0343917 0)
(1.06516 0.0363398 0)
(1.06615 0.036831 0)
(1.07319 0.0361995 0)
(1.07934 0.0355518 0)
(1.06175 0.0330698 0)
(0.964624 0.0270582 0)
(0.727605 0.0163572 0)
(0.404151 0.00548262 0)
(0.118264 0.000714981 0)
(0.205596 0.000873525 0)
(0.56283 0.00344615 0)
(0.87743 0.00580084 0)
(1.07103 0.00748906 0)
(1.13366 0.0110251 0)
(1.13489 0.0157984 0)
(1.12029 0.0213573 0)
(1.1056 0.0273414 0)
(1.09193 0.0334803 0)
(1.07901 0.0389189 0)
(1.0697 0.0422416 0)
(1.06661 0.0431605 0)
(1.06868 0.0429611 0)
(1.07421 0.0424346 0)
(1.07522 0.040296 0)
(1.05297 0.0368278 0)
(0.944414 0.0296218 0)
(0.696525 0.0176137 0)
(0.378118 0.00596054 0)
(0.107417 0.000750762 0)
(0.214009 0.00105457 0)
(0.574032 0.00473926 0)
(0.885663 0.00894516 0)
(1.07869 0.0120872 0)
(1.14219 0.0167382 0)
(1.1439 0.0221129 0)
(1.12828 0.0285612 0)
(1.11227 0.0349033 0)
(1.09725 0.0411026 0)
(1.08324 0.0463913 0)
(1.0722 0.0500635 0)
(1.06586 0.0510184 0)
(1.06468 0.0502013 0)
(1.06941 0.0478061 0)
(1.07155 0.0460723 0)
(1.04101 0.04142 0)
(0.918028 0.0325507 0)
(0.660373 0.0191993 0)
(0.34877 0.0064782 0)
(0.0953391 0.000772426 0)
(0.22632 0.00140415 0)
(0.592285 0.00668246 0)
(0.900557 0.0132166 0)
(1.08951 0.0182238 0)
(1.15229 0.0237036 0)
(1.15421 0.0300798 0)
(1.13759 0.0373539 0)
(1.12011 0.0448211 0)
(1.10319 0.0522393 0)
(1.08673 0.058511 0)
(1.07281 0.0610315 0)
(1.066 0.0604468 0)
(1.06543 0.0587037 0)
(1.06896 0.0568224 0)
(1.06442 0.0529743 0)
(1.02699 0.046955 0)
(0.890643 0.0364664 0)
(0.622408 0.0211148 0)
(0.317863 0.00705349 0)
(0.0826911 0.000793134 0)
(0.241945 0.00194244 0)
(0.615352 0.00852421 0)
(0.920988 0.0178682 0)
(1.10469 0.0252192 0)
(1.16473 0.0325502 0)
(1.16611 0.040043 0)
(1.14763 0.0487615 0)
(1.12802 0.0569504 0)
(1.1084 0.0643331 0)
(1.08867 0.0694209 0)
(1.07246 0.0717533 0)
(1.0634 0.0715194 0)
(1.06007 0.069013 0)
(1.06137 0.0647663 0)
(1.05734 0.0608757 0)
(1.00884 0.0534039 0)
(0.8549 0.0403192 0)
(0.577368 0.0231318 0)
(0.282667 0.00753847 0)
(0.0687322 0.000786474 0)
(0.264006 0.0028146 0)
(0.648752 0.0123012 0)
(0.950375 0.0247911 0)
(1.12452 0.0349362 0)
(1.17992 0.043361 0)
(1.1803 0.0528615 0)
(1.15959 0.0625488 0)
(1.13732 0.0718196 0)
(1.11478 0.0801317 0)
(1.09268 0.0862155 0)
(1.07401 0.0879741 0)
(1.06227 0.0848515 0)
(1.05811 0.0808665 0)
(1.05883 0.0768484 0)
(1.04593 0.0703398 0)
(0.986999 0.0606964 0)
(0.817263 0.0454669 0)
(0.529915 0.0253961 0)
(0.245802 0.00796977 0)
(0.0544941 0.000767373 0)
(0.295056 0.00369827 0)
(0.693337 0.0154013 0)
(0.988724 0.032702 0)
(1.15082 0.0464259 0)
(1.19872 0.0579181 0)
(1.19636 0.0694795 0)
(1.17199 0.0810734 0)
(1.14635 0.0911447 0)
(1.12022 0.0991291 0)
(1.09343 0.102965 0)
(1.0701 0.101642 0)
(1.05708 0.0986581 0)
(1.05158 0.0940029 0)
(1.04793 0.0874541 0)
(1.03385 0.0807028 0)
(0.960047 0.0690422 0)
(0.768199 0.0499961 0)
(0.472136 0.0271865 0)
(0.203884 0.00809255 0)
(0.0391346 0.000663953 0)
(0.331477 0.00708973 0)
(0.751442 0.0247244 0)
(1.03826 0.0466452 0)
(1.18306 0.0646602 0)
(1.22116 0.0775172 0)
(1.21454 0.0922097 0)
(1.18552 0.104555 0)
(1.15554 0.114631 0)
(1.12478 0.121662 0)
(1.0944 0.124734 0)
(1.07018 0.123624 0)
(1.05426 0.117492 0)
(1.04582 0.109943 0)
(1.0426 0.102708 0)
(1.01596 0.0928924 0)
(0.926145 0.0775366 0)
(0.715673 0.0555679 0)
(0.413613 0.0292094 0)
(0.162224 0.00804738 0)
(0.0250826 0.000600713 0)
(0.411457 0.0106618 0)
(0.838962 0.0356815 0)
(1.10436 0.0673647 0)
(1.2235 0.0901227 0)
(1.24827 0.106377 6.24566e-34)
(1.23452 0.122801 -2.81804e-34)
(1.19909 0.135124 0)
(1.16427 0.143941 0)
(1.12951 0.149299 0)
(1.09514 0.149516 0)
(1.06455 0.14317 0)
(1.04594 0.134262 0)
(1.03734 0.125847 0)
(1.0267 0.11614 0)
(0.996216 0.104722 0)
(0.886257 0.0868669 0)
(0.648642 0.0593113 0)
(0.339442 0.0291715 0)
(0.112766 0.00751086 0)
(0.00941239 0.000757723 0)
(0.482367 0.0258582 4.58609e-20)
(0.941205 0.0597918 -3.47394e-20)
(1.17542 0.101908 0)
(1.26497 0.128984 2.69582e-20)
(1.27649 0.144462 -2.18615e-20)
(1.2534 0.162944 2.9733e-34)
(1.21097 0.173429 0)
(1.17072 0.180188 1.5865e-20)
(1.12987 0.182557 -5.21186e-20)
(1.0894 0.179434 1.06455e-20)
(1.05759 0.171534 0)
(1.0383 0.161529 -2.70594e-20)
(1.02579 0.149797 -3.25167e-20)
(1.01586 0.138222 5.69299e-20)
(0.962316 0.122685 -4.49631e-20)
(0.82082 0.0963634 0)
(0.555452 0.0627353 -1.61754e-20)
(0.25388 0.028041 0)
(0.0628908 0.00716167 -8.93282e-20)
(-0.0073653 0.000458277 1.05278e-19)
(0.518703 0.0536901 -6.03594e-21)
(1.00634 0.10245 1.03158e-19)
(1.22636 0.152441 -5.5498e-21)
(1.29894 0.176869 -6.6002e-20)
(1.30136 0.194369 -4.62476e-20)
(1.26919 0.210943 7.52479e-20)
(1.22021 0.218549 0)
(1.17434 0.222458 0)
(1.12871 0.222378 8.28712e-20)
(1.08502 0.216698 0)
(1.04837 0.205842 9.76131e-20)
(1.02262 0.190814 2.90351e-20)
(1.00743 0.176995 4.74838e-22)
(0.981656 0.162196 -6.18422e-20)
(0.92078 0.141282 0)
(0.758585 0.111041 0)
(0.480015 0.0665229 -2.635e-19)
(0.195161 0.0265622 6.62573e-19)
(0.0311775 0.00530239 -3.91665e-19)
(-0.0189083 -0.00134215 -4.6134e-19)
(0.526006 0.076175 -5.69958e-20)
(1.04232 0.159567 2.20101e-20)
(1.2625 0.212597 1.21897e-20)
(1.32549 0.236036 1.14917e-19)
(1.32075 0.25196 1.45581e-20)
(1.28117 0.264055 -1.95931e-19)
(1.22655 0.267689 6.69181e-20)
(1.1754 0.268203 0)
(1.12397 0.264505 -1.75121e-19)
(1.07363 0.254893 1.55774e-19)
(1.03075 0.238836 -2.63427e-19)
(1.00371 0.221479 1.23493e-19)
(0.986594 0.206097 -8.00634e-20)
(0.964813 0.190328 1.80461e-19)
(0.887707 0.166874 0)
(0.712884 0.125002 -6.57855e-20)
(0.434851 0.0725373 0)
(0.176138 0.027692 3.61838e-19)
(0.0229257 0.00425543 -8.57803e-19)
(-0.0225682 -0.00315682 5.3702e-19)
(0.522473 0.108068 1.52739e-19)
(1.06499 0.216945 -6.74532e-20)
(1.28519 0.278261 -1.45633e-20)
(1.34278 0.300896 0)
(1.33303 0.314552 -8.52071e-20)
(1.28826 0.321451 1.05216e-19)
(1.22892 0.320271 -7.15342e-20)
(1.17274 0.31658 0)
(1.1166 0.308922 1.24403e-19)
(1.06266 0.2951 -1.09407e-19)
(1.01755 0.275589 2.2782e-19)
(0.987137 0.256614 0)
(0.965306 0.238996 -1.7007e-19)
(0.931003 0.217479 9.58352e-20)
(0.854668 0.187978 2.41307e-19)
(0.681069 0.142672 -2.12321e-19)
(0.416715 0.0830047 3.35614e-19)
(0.173118 0.0322466 -7.42119e-19)
(0.0237676 0.00445315 4.69726e-19)
(-0.022865 -0.00469379 -5.87428e-19)
(0.509759 0.132055 -4.87288e-20)
(1.07022 0.269717 3.46526e-20)
(1.29521 0.343407 -4.85476e-20)
(1.35182 0.366468 9.86874e-20)
(1.33893 0.37808 -9.43322e-20)
(1.29052 0.379869 3.30321e-20)
(1.22762 0.374015 3.73069e-21)
(1.1679 0.366007 -1.40109e-19)
(1.10801 0.353602 -1.30144e-19)
(1.04938 0.334811 -2.34676e-19)
(0.999232 0.311745 -4.89942e-19)
(0.964018 0.289605 -1.51153e-19)
(0.940781 0.269063 2.21676e-21)
(0.912965 0.247716 -3.28189e-19)
(0.830556 0.216857 -5.33028e-21)
(0.658821 0.1617 3.08953e-19)
(0.408935 0.0952292 -9.28611e-20)
(0.177986 0.0396872 -5.37629e-20)
(0.0316155 0.00599843 0)
(-0.0197394 -0.0051293 1.24928e-18)
(0.494068 0.153189 0)
(1.06707 0.320549 -1.53027e-21)
(1.29816 0.407253 0)
(1.35406 0.430622 -1.29103e-20)
(1.3386 0.440961 9.04967e-20)
(1.28781 0.438372 -7.7385e-20)
(1.22235 0.427999 7.78982e-20)
(1.15934 0.415465 2.30153e-19)
(1.09556 0.398965 -7.24909e-20)
(1.03252 0.376294 1.15754e-19)
(0.978564 0.348925 2.63405e-19)
(0.943666 0.323961 3.29581e-19)
(0.917689 0.301216 -1.98611e-19)
(0.878303 0.275892 3.55507e-19)
(0.801381 0.238372 -2.81763e-19)
(0.639206 0.184048 0)
(0.404898 0.111258 -7.05116e-19)
(0.188285 0.0497135 9.49065e-19)
(0.0438319 0.0104917 7.08355e-20)
(-0.0142241 -0.00456165 -1.32169e-18)
(0.478186 0.172786 -5.09207e-21)
(1.05659 0.367284 -2.19205e-20)
(1.29432 0.467347 5.34441e-20)
(1.35126 0.492462 -7.59256e-20)
(1.33402 0.50191 7.58896e-20)
(1.28149 0.495167 -7.45301e-20)
(1.21391 0.480875 1.53921e-19)
(1.14828 0.464542 -6.87528e-20)
(1.08132 0.443755 -2.92437e-19)
(1.01496 0.416453 -2.09265e-22)
(0.959537 0.385664 -2.8651e-19)
(0.919564 0.357502 -3.54898e-19)
(0.890707 0.331372 2.19493e-19)
(0.860308 0.306193 -1.27905e-19)
(0.779216 0.269399 3.06648e-19)
(0.623299 0.204364 0)
(0.402514 0.12852 -4.38409e-19)
(0.197553 0.0608698 6.47529e-19)
(0.0553615 0.0162721 1.22473e-18)
(-0.00845976 -0.00329474 -1.44025e-18)
(0.464651 0.190773 -8.31394e-20)
(1.04607 0.413012 3.60621e-20)
(1.28785 0.525555 -3.21697e-20)
(1.34459 0.551653 7.81869e-20)
(1.3256 0.560367 1.21594e-20)
(1.27165 0.550309 -1.45765e-19)
(1.20234 0.532571 -8.96259e-20)
(1.13458 0.512318 -8.85027e-20)
(1.06536 0.487706 -1.65352e-19)
(0.996918 0.456426 2.66067e-19)
(0.937787 0.421699 2.89314e-19)
(0.896642 0.389201 5.63131e-19)
(0.867479 0.362933 0)
(0.826343 0.333847 6.51155e-21)
(0.7527 0.290295 -8.43424e-19)
(0.606423 0.227943 1.97828e-19)
(0.399726 0.145887 9.51257e-19)
(0.205759 0.0732066 -2.80741e-19)
(0.0663176 0.0231013 5.82625e-19)
(-0.00264427 -0.00140455 -4.85502e-20)
(0.453287 0.208081 5.82909e-21)
(1.03207 0.454217 5.5568e-20)
(1.27757 0.579667 -1.02036e-20)
(1.33501 0.60812 7.95618e-20)
(1.31471 0.616394 -1.44991e-19)
(1.25974 0.603 1.44339e-19)
(1.18929 0.582031 9.27565e-20)
(1.1202 0.558532 2.63944e-19)
(1.04893 0.53024 3.31431e-19)
(0.977185 0.495116 -3.07911e-19)
(0.915034 0.457214 0)
(0.871418 0.422604 -2.13401e-19)
(0.840023 0.391999 2.45009e-19)
(0.808302 0.361976 3.09611e-19)
(0.732111 0.320864 -1.79169e-19)
(0.59092 0.247793 -4.35918e-19)
(0.395549 0.16341 -1.29915e-19)
(0.211482 0.0855273 -1.96211e-21)
(0.0749745 0.0301671 0)
(0.00227712 0.000651316 0)
(0.445338 0.224445 -8.10226e-20)
(1.02106 0.495449 0)
(1.26676 0.632084 4.8553e-21)
(1.32343 0.661822 -1.49467e-20)
(1.30193 0.669245 1.66256e-19)
(1.24615 0.653222 -4.19376e-20)
(1.1747 0.629595 9.42318e-20)
(1.10417 0.602948 -1.78422e-19)
(1.03096 0.571646 2.51372e-19)
(0.957607 0.533506 -1.01725e-19)
(0.893479 0.491299 1.66048e-19)
(0.84902 0.452785 6.77322e-19)
(0.81658 0.421591 1.43758e-20)
(0.774727 0.38839 -3.23146e-19)
(0.706048 0.339162 5.98619e-19)
(0.572812 0.27086 3.68003e-21)
(0.389454 0.179665 1.3899e-19)
(0.213834 0.097663 -6.62629e-19)
(0.0805163 0.0365108 6.82897e-19)
(0.00595392 0.00256117 -8.04514e-19)
(0.437846 0.241339 2.63147e-23)
(1.00764 0.532068 0)
(1.25379 0.680149 0)
(1.31041 0.712703 5.37902e-22)
(1.28805 0.719751 -4.84381e-20)
(1.23162 0.700972 6.70629e-20)
(1.15946 0.674672 -1.74622e-19)
(1.08803 0.645397 0)
(1.01317 0.611113 -3.70885e-19)
(0.937122 0.569582 4.46388e-19)
(0.870193 0.524197 4.74542e-19)
(0.822601 0.483908 -2.48668e-19)
(0.789261 0.447724 -3.01484e-19)
(0.757182 0.412479 7.07139e-19)
(0.684494 0.367678 -2.1287e-19)
(0.55514 0.287365 -2.53791e-19)
(0.379735 0.194705 -1.51781e-19)
(0.212098 0.107413 -7.15924e-19)
(0.0827565 0.0417152 1.04965e-19)
(0.00836795 0.00403761 8.70829e-19)
(0.433221 0.259102 -3.94931e-20)
(0.997586 0.569366 -5.27894e-20)
(1.24118 0.726693 2.36849e-20)
(1.29658 0.760696 -1.97799e-22)
(1.2734 0.766834 -5.24183e-20)
(1.21641 0.745984 1.06673e-19)
(1.14353 0.717657 0)
(1.0709 0.685929 1.08169e-19)
(0.994408 0.649345 -8.52914e-20)
(0.916965 0.605629 7.45337e-19)
(0.848376 0.556814 -1.0735e-19)
(0.799847 0.512177 1.23259e-19)
(0.765904 0.474889 0)
(0.723947 0.436627 -3.83007e-19)
(0.658204 0.381033 4.64232e-19)
(0.535334 0.306873 0)
(0.368938 0.207249 -3.26815e-19)
(0.208029 0.115738 9.61965e-19)
(0.0818844 0.0455065 1.14115e-19)
(0.00936798 0.00495079 -1.07322e-18)
(0.430021 0.276173 -9.88722e-20)
(0.98604 0.602329 1.26141e-19)
(1.22734 0.76901 0)
(1.28219 0.805801 2.08469e-20)
(1.25832 0.81181 0)
(1.2008 0.788763 -1.39807e-19)
(1.1274 0.75822 0)
(1.05419 0.724399 0)
(0.976573 0.685599 -1.13461e-19)
(0.896695 0.639092 -7.08619e-19)
(0.825163 0.587053 -8.77501e-19)
(0.773293 0.54013 1.44446e-19)
(0.738196 0.497808 5.21709e-19)
(0.705672 0.456603 4.22194e-19)
(0.636458 0.405877 -1.48981e-18)
(0.515919 0.317644 -5.96142e-19)
(0.355734 0.217865 3.49434e-19)
(0.201133 0.121826 0)
(0.0795727 0.0474726 9.78206e-19)
(0.00933877 0.00548271 -1.15658e-18)
(0.428288 0.291749 1.1755e-19)
(0.977431 0.636027 -1.46119e-19)
(1.21441 0.81018 0)
(1.26767 0.848166 -1.12673e-20)
(1.24311 0.85334 -2.67075e-21)
(1.18516 0.828708 0)
(1.11135 0.796671 5.39528e-20)
(1.03734 0.761008 7.53972e-20)
(0.958393 0.720583 -2.13085e-19)
(0.876944 0.672511 9.38006e-20)
(0.803366 0.618295 0)
(0.750532 0.56689 5.98598e-19)
(0.714115 0.522299 5.79572e-21)
(0.672081 0.477457 2.27844e-19)
(0.609899 0.413018 2.70414e-19)
(0.495297 0.331827 0)
(0.342676 0.224827 -5.69442e-19)
(0.19301 0.125651 1.11575e-18)
(0.0759529 0.0484893 -1.18269e-18)
(0.00873639 0.00564225 2.49024e-18)
(0.426753 0.306638 0)
(0.967142 0.665489 0)
(1.20083 0.847242 -7.18053e-20)
(1.25314 0.887803 0)
(1.22795 0.893085 0)
(1.16961 0.866751 -1.13639e-19)
(1.09554 0.832904 5.51993e-20)
(1.02119 0.795602 1.77903e-20)
(0.941203 0.753619 -4.85866e-20)
(0.857123 0.703525 0)
(0.780201 0.646541 -1.33965e-19)
(0.723719 0.591932 -4.88321e-19)
(0.684943 0.54257 -5.88527e-19)
(0.65279 0.49228 -2.36835e-19)
(0.587329 0.433225 2.92832e-19)
(0.475418 0.335354 -6.8991e-19)
(0.328832 0.229371 1.2256e-18)
(0.184759 0.126715 1.69002e-21)
(0.0721163 0.0487431 -1.13149e-18)
(0.00809186 0.00573888 -1.67946e-19)
(0.425691 0.320932 0)
(0.959523 0.696178 -1.18636e-19)
(1.18847 0.883597 8.74386e-20)
(1.23891 0.925033 0)
(1.21311 0.929508 0)
(1.15451 0.901964 2.2673e-19)
(1.08028 0.867091 0)
(1.00527 0.828473 0)
(0.923938 0.785373 -4.67911e-19)
(0.838425 0.73429 1.30239e-19)
(0.759302 0.675826 -1.18796e-18)
(0.700736 0.617886 0)
(0.660523 0.565919 -6.40265e-19)
(0.617109 0.509979 1.03429e-20)
(0.558935 0.432314 -9.42526e-19)
(0.454298 0.342203 3.71048e-19)
(0.316799 0.228655 1.29204e-21)
(0.179366 0.124294 -1.27749e-18)
(0.0698107 0.0470624 6.08821e-19)
(0.00614413 0.00376584 1.79643e-19)
(0.424492 0.335008 0)
(0.950434 0.722801 -1.62347e-19)
(1.17571 0.91606 9.21417e-20)
(1.22499 0.959766 1.25125e-19)
(1.19864 0.96448 -8.46765e-21)
(1.13974 0.935622 2.25894e-20)
(1.06537 0.899302 -3.19413e-20)
(0.990094 0.859432 4.44839e-19)
(0.907841 0.815257 5.00531e-19)
(0.819789 0.762934 9.9159e-19)
(0.736573 0.702737 9.87007e-19)
(0.673436 0.642062 1.73796e-19)
(0.6289 0.584139 9.21e-19)
(0.595106 0.520198 5.69568e-19)
(0.533252 0.446832 6.76442e-19)
(0.433757 0.334731 -4.06007e-19)
(0.303412 0.221544 -4.687e-19)
(0.178567 0.120299 5.49425e-19)
(0.0758642 0.0534152 -3.27295e-19)
(0.0127686 0.0124477 5.82e-19)
(0.423666 0.348589 2.27524e-19)
(0.943863 0.750804 2.54391e-19)
(1.16424 0.948262 5.31442e-20)
(1.21154 0.992447 1.57059e-20)
(1.18468 0.996304 -6.6954e-21)
(1.12562 0.966493 -6.26704e-20)
(1.05121 0.929524 3.0602e-20)
(0.975422 0.888809 -1.94333e-20)
(0.891972 0.84395 -5.83053e-19)
(0.802576 0.791181 -1.07637e-18)
(0.717125 0.730252 6.85381e-20)
(0.650864 0.667473 0)
(0.603763 0.607388 0)
(0.555164 0.536614 -2.97155e-19)
(0.499333 0.436859 -1.10888e-18)
(0.410373 0.330111 8.74676e-19)
(0.299865 0.202997 5.12977e-19)
(0.188999 0.100229 0)
(0.0920971 0.0248228 1.04753e-18)
(0.00665089 -0.0138522 -6.20615e-19)
(0.422674 0.36174 -1.20703e-19)
(0.935829 0.7746 1.06606e-19)
(1.15239 0.976672 -1.27342e-19)
(1.19853 1.02281 -1.05569e-19)
(1.17119 1.02697 -1.8202e-20)
(1.11192 0.996136 -1.99735e-20)
(1.03746 0.958019 0)
(0.961543 0.916394 -5.59357e-19)
(0.877352 0.870859 7.07737e-20)
(0.785545 0.817443 0)
(0.695896 0.756072 0)
(0.624192 0.692172 1.11301e-19)
(0.569444 0.625217 1.49743e-19)
(0.528593 0.543825 -3.21367e-19)
(0.466829 0.447908 7.95886e-19)
(0.381007 0.307255 -9.53362e-19)
(0.280427 0.178241 -1.09985e-18)
(0.207617 0.0866918 9.74621e-19)
(0.157626 0.0747465 -3.72424e-19)
(0.111425 0.0766069 2.16671e-19)
(0.421967 0.374025 1.50486e-19)
(0.93003 0.799847 0)
(1.1418 1.00518 0)
(1.18604 1.05143 -2.93828e-20)
(1.15827 1.05467 2.37874e-20)
(1.09895 1.02306 -2.00631e-20)
(1.02461 0.984589 1.38733e-19)
(0.948327 0.942525 5.72561e-19)
(0.863063 0.896656 1.05844e-18)
(0.77011 0.843252 -8.12958e-20)
(0.678541 0.78204 1.68343e-19)
(0.602811 0.717156 -9.96494e-19)
(0.544591 0.649743 -9.95257e-19)
(0.482845 0.563027 -1.72783e-19)
(0.418474 0.43158 0)
(0.343845 0.298642 -5.15924e-21)
(0.260222 0.105809 6.07131e-19)
(0.248144 -0.016548 -1.01958e-18)
(0.214006 -0.103898 7.74847e-19)
(0.0875873 -0.098443 6.41504e-19)
(0.420856 0.386026 -3.32095e-19)
(0.922606 0.820812 -1.49596e-19)
(1.13071 1.03002 6.92862e-21)
(1.17391 1.07808 5.95365e-20)
(1.14572 1.08178 0)
(1.08623 1.04946 -5.64749e-20)
(1.01188 1.01016 -2.00774e-19)
(0.935532 0.967548 -1.94115e-21)
(0.849682 0.921433 -5.546e-19)
(0.754543 0.867977 -7.98377e-20)
(0.658776 0.80752 7.41566e-20)
(0.577037 0.743888 8.75546e-19)
(0.507023 0.670332 9.70886e-19)
(0.450099 0.570305 1.68658e-19)
(0.377479 0.450525 8.61036e-19)
(0.279661 0.264869 0)
(0.152959 0.0889601 0)
(-0.00713114 0.183644 6.97817e-19)
(-0.0786479 0.63008 -2.77849e-20)
(0.0089907 1.54245 -8.64399e-19)
(0.420139 0.397239 1.83294e-19)
(0.917368 0.84373 4.21322e-19)
(1.12084 1.05563 -5.81135e-19)
(1.16217 1.10369 2.94321e-19)
(1.13356 1.10659 -9.53675e-21)
(1.07403 1.07383 -7.82674e-21)
(0.999813 1.03467 0)
(0.923095 0.992227 -4.77016e-19)
(0.836217 0.946459 0)
(0.740011 0.893845 1.12292e-18)
(0.642203 0.834616 -9.07101e-20)
(0.55569 0.771395 1.01714e-19)
(0.482694 0.700917 1.11662e-18)
(0.395275 0.604226 -3.66419e-19)
(0.286112 0.436884 -4.37324e-19)
(0.187259 0.316172 0)
(0.0778039 0.472047 0)
(0.0249009 1.35258 0)
(0.0713535 2.47064 -3.9615e-19)
(0.0981543 2.91425 -2.44498e-19)
(0.41868 0.407981 0)
(0.910404 0.862136 0)
(1.11042 1.07751 2.1173e-19)
(1.15086 1.12747 -2.39379e-19)
(1.12182 1.13116 1.09289e-19)
(1.06209 1.09813 1.61037e-20)
(0.98783 1.05858 2.62043e-20)
(0.911079 1.01609 -2.04018e-20)
(0.823805 0.97075 7.86126e-20)
(0.725528 0.918894 -1.28877e-18)
(0.623473 0.861701 1.64262e-19)
(0.531144 0.802798 8.78907e-19)
(0.44148 0.729557 -1.11199e-18)
(0.35813 0.613484 -1.22701e-18)
(0.265285 0.494812 4.12323e-19)
(0.182949 0.637343 0)
(0.115477 1.57942 5.63806e-19)
(0.119433 2.69905 6.11089e-19)
(0.12702 3.08987 -6.8286e-19)
(0.119526 3.22311 7.2892e-19)
(0.417717 0.418442 0)
(0.905675 0.882806 3.70277e-19)
(1.10131 1.10054 -5.30526e-20)
(1.13998 1.1504 3.32881e-19)
(1.11052 1.15341 -1.14717e-19)
(1.05078 1.12022 0)
(0.976701 1.0812 0)
(0.899658 1.03943 0)
(0.811474 0.995068 4.41005e-19)
(0.712346 0.944962 5.9321e-20)
(0.60856 0.890213 0)
(0.511192 0.832347 -8.73613e-19)
(0.424747 0.764895 0)
(0.30357 0.659629 8.77845e-19)
(0.201447 0.711653 -5.94355e-19)
(0.147457 1.46505 -4.76746e-19)
(0.151004 2.68588 -1.10151e-18)
(0.174072 3.12628 -5.79377e-19)
(0.164752 3.26585 -7.8125e-19)
(0.151594 3.30606 5.7425e-19)
(0.416119 0.427863 -1.29088e-19)
(0.899101 0.898692 1.50139e-20)
(1.09158 1.11965 -5.89195e-20)
(1.12957 1.17156 -2.57768e-19)
(1.09969 1.17566 0)
(1.03976 1.14256 0)
(0.965609 1.10348 0)
(0.888601 1.06202 3.35692e-20)
(0.800255 1.0186 -5.57673e-19)
(0.699419 0.969941 0)
(0.592075 0.918167 0)
(0.491697 0.866943 0)
(0.380885 0.794706 0)
(0.308651 0.751582 6.43846e-19)
(0.267241 1.14646 1.58084e-18)
(0.240968 2.39629 4.65121e-19)
(0.257215 3.08201 9.3262e-19)
(0.251842 3.27983 -7.14738e-19)
(0.203489 3.34527 2.62234e-19)
(0.171613 3.35833 0)
(0.41499 0.437143 1.32747e-19)
(0.894711 0.917836 -8.20823e-19)
(1.08302 1.14101 -2.21108e-19)
(1.11934 1.19269 -4.8879e-20)
(1.08905 1.19616 2.66104e-20)
(1.02916 1.16308 -1.00573e-19)
(0.955282 1.12481 -1.60764e-21)
(0.878092 1.08446 -3.70188e-19)
(0.788995 1.0425 0)
(0.687713 0.996421 -7.57493e-20)
(0.579447 0.948421 6.89095e-20)
(0.474302 0.897323 0)
(0.381229 0.840257 0)
(0.32091 0.942045 -8.06562e-19)
(0.267889 1.85323 1.00759e-19)
(0.264347 2.94459 -3.49869e-19)
(0.288685 3.28324 7.31584e-19)
(0.260282 3.38147 5.26263e-19)
(0.195573 3.40598 -7.13491e-19)
(0.171106 3.416 3.52492e-19)
(0.412914 0.446685 2.60322e-19)
(0.887526 0.932939 7.99321e-19)
(1.07283 1.15954 2.65827e-19)
(1.10872 1.21356 0)
(1.07811 1.21839 0)
(1.0181 1.1855 7.8131e-20)
(0.944226 1.1472 5.96408e-20)
(0.867263 1.10721 3.29788e-19)
(0.778391 1.0664 2.16831e-20)
(0.676004 1.02212 9.6648e-19)
(0.565661 0.977202 -1.14832e-18)
(0.454974 0.929934 0)
(0.377225 0.914258 0)
(0.333731 1.31497 -5.50084e-19)
(0.330469 2.49412 -6.60937e-19)
(0.374658 3.19534 0)
(0.3995 3.36412 -7.40735e-19)
(0.328984 3.4269 4.9445e-20)
(0.260499 3.47225 3.45166e-19)
(0.238325 3.49765 -1.13337e-19)
(0.411152 0.456537 -4.9484e-19)
(0.882483 0.954145 -3.83614e-19)
(1.06315 1.18302 0)
(1.09727 1.23625 0)
(1.06635 1.24006 0)
(1.0066 1.20697 0)
(0.933285 1.16946 -7.12387e-20)
(0.856433 1.13065 2.88214e-19)
(0.767145 1.09138 0)
(0.665125 1.05008 -8.7979e-19)
(0.55521 1.00972 2.06062e-18)
(0.445802 0.971665 8.43825e-20)
(0.395777 1.03937 1.13442e-19)
(0.385436 1.74495 8.96372e-19)
(0.396651 2.90174 -4.8255e-19)
(0.436125 3.31535 0)
(0.419327 3.43713 2.08244e-19)
(0.333666 3.52602 9.12303e-20)
(0.259571 3.58995 1.47984e-19)
(0.184146 3.56942 -1.30922e-20)
(0.408138 0.466954 2.35176e-19)
(0.873372 0.970153 -3.91163e-19)
(1.05098 1.20288 0)
(1.08501 1.25881 -7.15457e-20)
(1.05388 1.2642 2.46407e-19)
(0.994167 1.23119 0)
(0.921063 1.19336 0)
(0.84479 1.15462 -4.99879e-19)
(0.756312 1.11637 -5.61966e-20)
(0.654037 1.07681 8.62948e-19)
(0.540615 1.03853 -9.79027e-19)
(0.449745 1.01875 5.74295e-19)
(0.410464 1.22301 0)
(0.420202 2.18691 -4.75301e-19)
(0.462722 3.14366 3.11688e-19)
(0.527301 3.41768 1.96105e-19)
(0.518484 3.51326 0)
(0.455999 3.59489 -3.6378e-20)
(0.386927 3.63489 -4.0846e-19)
(0.30654 3.60687 -9.60098e-20)
(0.405448 0.477529 -4.67838e-19)
(0.867145 0.994401 5.59973e-19)
(1.03962 1.22947 3.88443e-19)
(1.0717 1.28374 -9.65647e-20)
(1.04037 1.28745 -3.76229e-19)
(0.98119 1.2539 0)
(0.90908 1.21675 1.75187e-20)
(0.833326 1.17917 1.80462e-19)
(0.744894 1.14238 2.94588e-20)
(0.644011 1.1058 -7.45511e-19)
(0.531809 1.07407 -5.18317e-20)
(0.451873 1.08218 -6.47943e-19)
(0.448161 1.45852 7.10709e-19)
(0.492734 2.55339 1.56565e-19)
(0.558049 3.30428 -2.75855e-19)
(0.61036 3.4686 1.45173e-19)
(0.569891 3.51911 0)
(0.512704 3.52295 0)
(0.420096 3.48638 -6.79431e-19)
(0.192909 3.27679 1.25385e-18)
(0.400869 0.488509 2.23844e-19)
(0.855474 1.01128 5.51381e-19)
(1.02507 1.2506 -3.96406e-19)
(1.05757 1.308 3.52035e-19)
(1.0262 1.31348 3.9266e-19)
(0.967313 1.27985 0)
(0.895707 1.24204 -9.83235e-21)
(0.82098 1.20415 1.44852e-19)
(0.734092 1.16806 0)
(0.633914 1.13283 0)
(0.527118 1.10583 0)
(0.461612 1.15912 0)
(0.487629 1.69726 -8.0222e-19)
(0.549755 2.86025 -2.08925e-19)
(0.626379 3.39019 0)
(0.669523 3.48074 -2.60045e-20)
(0.667333 3.48629 0)
(0.744892 3.32654 1.39577e-19)
(0.840173 2.95669 -1.76951e-18)
(0.447475 2.57465 1.85713e-18)
(0.397084 0.498878 -4.54027e-19)
(0.847548 1.03885 -3.53447e-19)
(1.01163 1.28076 -2.62823e-19)
(1.04207 1.33543 -3.29223e-19)
(1.01065 1.33843 -1.91261e-19)
(0.952717 1.30382 0)
(0.882666 1.26652 2.50663e-21)
(0.808975 1.22972 -4.07762e-20)
(0.722676 1.19491 -2.2287e-19)
(0.62525 1.16243 0)
(0.521906 1.14513 5.12896e-20)
(0.477137 1.25535 -5.83041e-20)
(0.535027 1.95446 0)
(0.625239 3.08164 2.72247e-19)
(0.716866 3.43196 0)
(0.746978 3.46753 -9.88254e-20)
(0.750093 3.37622 2.72518e-19)
(0.743581 2.99442 -1.37755e-19)
(0.498521 1.98317 2.71951e-19)
(-0.341324 0.493011 -6.60706e-19)
(0.389358 0.510029 -1.30529e-20)
(0.832231 1.05627 -1.80383e-19)
(0.993905 1.30312 3.62245e-19)
(1.02545 1.3618 -1.98263e-20)
(0.9942 1.36703 -6.04372e-20)
(0.936863 1.33239 0)
(0.867618 1.29424 7.30892e-20)
(0.795427 1.25689 -7.17492e-20)
(0.711541 1.22264 3.99224e-19)
(0.612734 1.19108 -4.9997e-19)
(0.524935 1.18327 -6.03714e-19)
(0.502209 1.37214 0)
(0.588837 2.25993 4.03765e-19)
(0.68777 3.2149 -5.69146e-20)
(0.761917 3.41198 2.72859e-20)
(0.769285 3.40157 0)
(0.698815 3.16979 -1.43407e-19)
(0.529734 2.39506 1.50681e-19)
(0.100262 0.620642 -1.78746e-19)
(-0.248254 -0.392459 -1.6443e-19)
(0.384141 0.520401 4.25641e-19)
(0.821805 1.08725 -1.76587e-19)
(0.977535 1.33758 2.54894e-19)
(1.00694 1.39257 1.9691e-19)
(0.975839 1.39458 1.2131e-19)
(0.919938 1.35868 2.32872e-19)
(0.852926 1.32113 -1.60549e-19)
(0.782368 1.28511 6.59018e-21)
(0.699505 1.25231 -2.89792e-19)
(0.604062 1.22449 3.36157e-20)
(0.526283 1.23321 9.79625e-20)
(0.530235 1.52059 -3.97262e-19)
(0.639888 2.52156 1.08692e-19)
(0.749935 3.28732 -2.15469e-19)
(0.813636 3.38718 3.70647e-20)
(0.788239 3.30618 7.69329e-20)
(0.661135 2.85791 -2.0354e-19)
(0.402855 1.62049 1.32815e-19)
(0.059099 0.0486104 0)
(-0.0796229 -0.157646 -2.88677e-19)
(0.372176 0.528558 0)
(0.801499 1.10406 -6.68868e-19)
(0.955698 1.36063 2.37809e-20)
(0.987244 1.42107 -3.24509e-19)
(0.956591 1.42601 0)
(0.901755 1.3903 -1.72203e-19)
(0.835944 1.35185 1.59917e-19)
(0.767469 1.31516 -6.16502e-21)
(0.688174 1.28283 2.01759e-19)
(0.596112 1.25719 3.5748e-19)
(0.531212 1.28468 4.65113e-19)
(0.564601 1.67729 4.85136e-20)
(0.696988 2.76993 -2.96238e-19)
(0.800096 3.31724 1.32596e-20)
(0.83355 3.34404 7.87094e-21)
(0.758004 3.12559 7.40046e-20)
(0.523148 2.31087 8.65933e-20)
(0.115993 0.439074 -1.02628e-19)
(-0.137994 -0.245177 0)
(-0.115532 -0.206818 0)
(0.3635 0.539749 -4.10822e-19)
(0.787067 1.13773 6.62879e-19)
(0.935571 1.39916 0)
(0.965066 1.45505 0)
(0.934834 1.456 0)
(0.882159 1.41876 0)
(0.819445 1.38096 -8.35193e-20)
(0.753358 1.34568 -1.61399e-20)
(0.675828 1.315 -3.58067e-20)
(0.589849 1.29398 3.73934e-20)
(0.537642 1.3507 -3.82261e-19)
(0.599855 1.86104 2.80466e-19)
(0.746447 2.95179 0)
(0.839076 3.31454 3.63978e-20)
(0.86005 3.28121 5.7395e-20)
(0.718365 2.85925 -2.22635e-20)
(0.390416 1.6763 1.02285e-19)
(0.0171769 -0.0419644 5.91938e-20)
(-0.156812 -0.201365 -2.39618e-19)
(-0.0570779 -0.137325 -2.80043e-19)
(0.346954 0.542287 2.08539e-19)
(0.760691 1.15033 3.10357e-19)
(0.908859 1.42141 -9.34055e-21)
(0.941675 1.48496 1.70806e-19)
(0.912192 1.4896 0)
(0.861361 1.45288 3.234e-19)
(0.8003 1.41412 -6.72271e-20)
(0.736975 1.37809 1.93595e-20)
(0.662924 1.3475 -3.60424e-20)
(0.584069 1.33045 2.68236e-20)
(0.549096 1.41952 2.58239e-19)
(0.641789 2.06799 -1.27635e-19)
(0.796745 3.07517 -1.11664e-19)
(0.874584 3.30805 1.75821e-21)
(0.853629 3.17856 -3.0213e-20)
(0.620818 2.50418 1.38099e-19)
(0.186844 0.702958 -7.68295e-20)
(-0.0847935 -0.270419 1.14009e-19)
(-0.128057 -0.221734 -3.49358e-19)
(-0.060009 -0.122131 2.44432e-19)
(0.331358 0.550065 -1.95067e-19)
(0.738981 1.1828 0)
(0.88436 1.46278 -2.27874e-19)
(0.914969 1.52152 -3.29213e-19)
(0.886243 1.52137 0)
(0.838678 1.48294 -2.52355e-19)
(0.781618 1.44487 0)
(0.721501 1.40999 -1.23788e-19)
(0.648314 1.38112 -1.73243e-20)
(0.580504 1.37122 6.30719e-20)
(0.56127 1.50453 -1.23396e-19)
(0.682168 2.2708 7.06312e-20)
(0.834265 3.14271 1.76759e-19)
(0.899432 3.27599 1.08104e-20)
(0.839278 3.02819 -3.10391e-20)
(0.523814 2.06857 -4.74581e-20)
(0.072805 0.11491 1.22416e-19)
(-0.184587 -0.251007 -1.35616e-19)
(-0.105587 -0.210198 4.96802e-22)
(-0.0532199 -0.0760953 -2.55972e-20)
(0.308109 0.545237 3.87492e-19)
(0.705539 1.18919 -2.9691e-19)
(0.852129 1.48169 2.42091e-19)
(0.886775 1.5515 1.5851e-19)
(0.859514 1.55597 2.83359e-20)
(0.815008 1.51844 1.57991e-19)
(0.759907 1.47927 0)
(0.703407 1.44365 -3.84603e-20)
(0.634381 1.41535 0)
(0.57571 1.41146 -5.89884e-20)
(0.577443 1.58974 1.22655e-19)
(0.723833 2.44964 -2.85529e-21)
(0.874891 3.18632 -5.89313e-20)
(0.920497 3.24248 3.6866e-20)
(0.798417 2.83936 -1.22436e-20)
(0.371649 1.50226 6.26548e-20)
(-0.0507628 -0.133059 -1.86212e-19)
(-0.227767 -0.252786 -1.05305e-19)
(-0.124297 -0.24888 -3.98417e-20)
(-0.0745149 -0.0890397 1.90671e-19)
(0.285446 0.543977 4.26559e-21)
(0.677006 1.21734 1.5206e-19)
(0.821875 1.52234 0)
(0.854043 1.58886 2.9779e-19)
(0.828802 1.58843 -4.25066e-19)
(0.788829 1.54914 1.59463e-19)
(0.738506 1.51081 -1.07014e-19)
(0.686293 1.4757 1.03905e-19)
(0.619727 1.44961 -9.30639e-20)
(0.571549 1.45528 -1.3289e-21)
(0.592022 1.68463 2.36421e-20)
(0.764212 2.60565 4.75086e-20)
(0.897513 3.19429 3.51043e-20)
(0.92204 3.18027 -5.78552e-20)
(0.736337 2.58302 -5.78626e-20)
(0.282525 0.996548 1.09854e-19)
(-0.0470764 -0.257473 -1.06982e-19)
(-0.192954 -0.290848 7.59014e-20)
(-0.112659 -0.276157 2.0085e-21)
(-0.0814012 -0.108621 -1.61025e-19)
(0.255015 0.525461 7.19713e-19)
(0.634781 1.21095 -1.5131e-19)
(0.782363 1.5332 -4.1438e-19)
(0.820016 1.61565 3.36388e-19)
(0.798031 1.62229 -1.86057e-19)
(0.761829 1.58413 3.08141e-19)
(0.71371 1.54453 1.67234e-19)
(0.666289 1.50895 0)
(0.606216 1.48383 1.07005e-19)
(0.564832 1.49776 -1.55147e-20)
(0.608472 1.77208 -1.10158e-20)
(0.79907 2.72586 -4.30706e-21)
(0.919372 3.1954 1.78993e-20)
(0.928849 3.12208 7.95493e-21)
(0.680264 2.39001 -8.22777e-20)
(0.17174 0.455527 -2.95103e-20)
(-0.0395256 -0.272618 1.02193e-19)
(-0.113329 -0.286707 4.64256e-20)
(-0.0859353 -0.243619 1.56014e-20)
(-0.0477942 -0.103744 1.31388e-19)
(0.224092 0.505699 0)
(0.596689 1.22678 1.40812e-19)
(0.744239 1.56868 -1.88245e-19)
(0.780616 1.64998 3.25966e-19)
(0.763007 1.65322 -4.05304e-19)
(0.731259 1.61391 1.68958e-19)
(0.689076 1.57572 0)
(0.646683 1.53971 0)
(0.592317 1.51581 0)
(0.558123 1.54178 2.2442e-20)
(0.620146 1.85813 -2.10271e-20)
(0.828093 2.81458 1.72693e-20)
(0.931504 3.19168 4.51405e-20)
(0.909878 3.03981 4.32213e-20)
(0.591006 2.11668 -7.64671e-20)
(0.0505053 0.116635 5.06261e-20)
(-0.127413 -0.285635 5.26824e-21)
(-0.10336 -0.289047 -1.03576e-19)
(-0.0774879 -0.202251 1.25839e-20)
(-0.0220075 -0.0643727 0)
(0.185843 0.462015 6.58582e-19)
(0.542848 1.19521 -1.31671e-19)
(0.696128 1.56475 4.55779e-21)
(0.741411 1.67 0)
(0.727987 1.68269 -1.95025e-19)
(0.700338 1.64601 1.84651e-20)
(0.660938 1.60591 0)
(0.624393 1.57032 5.20348e-20)
(0.577743 1.54707 -4.10612e-20)
(0.549891 1.58072 0)
(0.631092 1.93122 0)
(0.846073 2.87651 -3.12719e-20)
(0.937992 3.18382 -5.41201e-20)
(0.898593 2.97283 2.58261e-21)
(0.530006 1.89732 -1.96659e-20)
(-0.00295048 -0.0112817 2.7172e-20)
(-0.162536 -0.273873 0)
(-0.131642 -0.315308 -6.07718e-20)
(-0.0878643 -0.200121 -9.4699e-20)
(-0.0187877 -0.0580654 2.25992e-19)
(0.146203 0.408857 5.42979e-19)
(0.493282 1.18473 -1.25922e-19)
(0.648926 1.58649 1.78843e-19)
(0.695569 1.69616 -4.43928e-19)
(0.687165 1.70775 0)
(0.665829 1.67341 0)
(0.633064 1.63531 0)
(0.602127 1.5984 5.49537e-20)
(0.561738 1.57436 -4.33608e-20)
(0.540283 1.61664 0)
(0.63385 1.99501 0)
(0.857854 2.91332 9.59466e-20)
(0.937036 3.18343 -3.18059e-20)
(0.872175 2.89959 3.46967e-20)
(0.490302 1.71949 5.65832e-20)
(0.0023174 -0.0521631 0)
(-0.173943 -0.290415 -1.40493e-20)
(-0.131986 -0.358108 -1.95683e-20)
(-0.0953846 -0.24576 1.80244e-19)
(-0.0151059 -0.0756828 -2.19045e-19)
(0.102196 0.324607 -5.04577e-19)
(0.424882 1.10498 1.31767e-19)
(0.591331 1.55463 3.74953e-19)
(0.650899 1.70372 2.56035e-19)
(0.647692 1.72838 -2.073e-19)
(0.631377 1.69908 -1.38384e-19)
(0.601641 1.65843 9.52607e-20)
(0.577547 1.62362 0)
(0.545543 1.59973 0)
(0.527798 1.64221 0)
(0.631604 2.02595 -7.93423e-20)
(0.860605 2.93746 -9.20592e-20)
(0.934544 3.18708 3.09427e-20)
(0.857239 2.90464 -1.90755e-20)
(0.50098 1.67619 -9.92296e-22)
(0.0162035 0.0274434 0)
(-0.172185 -0.275098 2.6936e-20)
(-0.148582 -0.387454 -1.44545e-19)
(-0.0889783 -0.284119 3.35759e-19)
(0.00311957 -0.0377868 -1.9267e-19)
(0.052271 0.221256 5.33573e-19)
(0.360248 1.04507 -4.38344e-19)
(0.531672 1.54452 0)
(0.5968 1.71144 1.2675e-19)
(0.602104 1.7433 9.20921e-20)
(0.593767 1.72128 1.95093e-19)
(0.570921 1.68429 -8.90448e-20)
(0.551825 1.64652 0)
(0.526303 1.62041 0)
(0.512868 1.66161 -1.59593e-19)
(0.617604 2.03191 -2.83459e-21)
(0.863898 2.94083 8.1435e-20)
(0.929244 3.19937 4.90781e-20)
(0.835544 2.90589 6.31884e-20)
(0.460985 1.7123 -6.63273e-20)
(-0.0779 0.263496 1.16065e-19)
(-0.25819 -0.267037 -8.51627e-20)
(-0.274974 -0.460552 0)
(-0.187668 -0.388849 -1.22055e-20)
(-0.0227775 0.00310558 2.18496e-19)
(0.0131782 0.130668 5.45523e-19)
(0.265925 0.876846 0)
(0.462364 1.4582 0)
(0.547338 1.69491 0)
(0.559361 1.74971 7.7764e-20)
(0.556044 1.73565 -1.93087e-19)
(0.536564 1.69666 -8.76133e-20)
(0.524531 1.6628 0)
(0.507033 1.63663 0)
(0.496026 1.67154 9.84561e-20)
(0.599627 2.00723 3.28535e-20)
(0.844101 2.90586 -4.056e-20)
(0.939938 3.20204 1.47112e-20)
(0.847634 3.01647 8.03803e-20)
(0.492326 1.83762 -1.41335e-19)
(-0.0298169 0.383456 2.35893e-19)
(-0.349598 -0.347925 -2.17201e-19)
(-0.355963 -0.793125 0)
(-0.357637 -0.918781 1.11275e-20)
(-0.143662 -0.584802 3.12281e-19)
(-0.00642588 0.0723031 -5.06378e-19)
(0.182358 0.732666 1.74341e-19)
(0.387664 1.37519 2.72073e-19)
(0.484499 1.66107 -1.36572e-20)
(0.511604 1.74761 -1.67469e-19)
(0.515964 1.74882 -1.09485e-19)
(0.503783 1.71855 2.46177e-19)
(0.493992 1.67801 -4.83816e-21)
(0.482508 1.64666 0)
(0.476224 1.67369 2.71885e-20)
(0.569878 1.95522 -1.5434e-20)
(0.840308 2.83691 4.27701e-20)
(0.981417 3.18246 0)
(1.02561 3.06042 -4.58379e-20)
(0.867826 2.38487 0)
(0.462197 1.05143 -5.96983e-20)
(0.0553134 0.020897 -2.79108e-20)
(-0.222433 -0.889841 0)
(-0.299485 -1.19346 0)
(-0.179595 -1.08649 4.74776e-19)
(-0.00105973 0.00560924 4.08186e-19)
(0.0760854 0.351384 -1.53055e-19)
(0.323697 1.17606 1.21974e-19)
(0.436049 1.59232 -1.92902e-19)
(0.466351 1.72993 7.59096e-20)
(0.474251 1.74165 -2.64095e-20)
(0.467849 1.72274 1.69144e-20)
(0.46196 1.68481 -3.23792e-20)
(0.456534 1.64948 -2.14383e-20)
(0.452643 1.66248 -2.10833e-20)
(0.526056 1.87297 3.6454e-21)
(0.801861 2.66761 0)
(1.01554 3.08115 -1.52923e-21)
(1.04896 2.99936 0)
(1.02862 2.6377 0)
(0.85396 1.84766 0)
(0.538016 0.833844 -2.6488e-20)
(0.209559 0.000322522 1.12919e-19)
(0.0285919 -0.96557 -2.12661e-20)
(-0.120526 -1.24185 -1.30217e-20)
(0.00899768 -0.0453722 7.3225e-20)
(0.0161127 0.130258 6.86276e-20)
(0.206817 0.891479 -5.59152e-20)
(0.360023 1.45425 -4.27297e-20)
(0.420929 1.69425 3.45386e-20)
(0.433183 1.74532 2.46408e-20)
(0.429525 1.73611 1.75663e-20)
(0.422563 1.69388 0)
(0.42084 1.64742 -9.04927e-21)
(0.423173 1.64533 -5.60357e-21)
(0.457422 1.772 1.51212e-20)
(0.661041 2.42948 0)
(0.901889 2.94219 1.30605e-20)
(0.960181 2.91692 -1.27501e-20)
(0.941113 2.68896 0)
(0.843972 2.20273 0)
(0.610866 1.37523 -8.5251e-21)
(0.37989 0.573329 0)
(0.188516 -0.223686 -8.10958e-21)
(0.0622414 -0.560747 0)
(-9.62559e-05 -0.0718429 0)
(0.00334963 -0.0176149 0)
(0.079192 0.398363 0)
(0.280788 1.22637 0)
(0.358242 1.60284 -8.643e-34)
(0.386433 1.71645 6.62869e-34)
(0.387721 1.72696 0)
(0.382486 1.70118 0)
(0.377489 1.64174 0)
(0.379969 1.62259 0)
(0.388277 1.69388 0)
(0.496011 2.14465 0)
(0.730893 2.80619 0)
(0.770626 2.84122 0)
(0.760358 2.72837 0)
(0.706074 2.43197 0)
(0.561353 1.8555 0)
(0.370946 1.1706 0)
(0.189798 0.506842 0)
(0.0425873 0.0185803 0)
(-0.00492087 -0.0708618 0)
(0.0109965 -0.0966127 0)
(0.0243485 0.103297 0)
(0.184399 0.886074 0)
(0.298567 1.47885 0)
(0.333444 1.688 0)
(0.340124 1.72236 0)
(0.337974 1.70598 0)
(0.331273 1.64245 0)
(0.332335 1.60613 0)
(0.326597 1.64773 0)
(0.371617 1.98155 0)
(0.574435 2.68411 0)
(0.604839 2.81295 0)
(0.585532 2.76985 0)
(0.55149 2.58731 0)
(0.459618 2.17815 0)
(0.300392 1.56143 0)
(0.152537 0.946002 0)
(0.0375701 0.418268 0)
(-0.00327481 -0.0823195 0)
(0.00981349 -0.136389 0)
(0.00666831 -0.0190841 0)
(0.0915329 0.585657 0)
(0.228179 1.30863 0)
(0.282395 1.63531 0)
(0.289976 1.71078 0)
(0.287761 1.7047 0)
(0.279115 1.64665 0)
(0.277583 1.59786 0)
(0.268759 1.62439 0)
(0.267834 1.89368 0)
(0.436583 2.58703 0)
(0.457121 2.81656 0)
(0.434205 2.81622 0)
(0.404648 2.71758 0)
(0.345969 2.43162 0)
(0.226121 1.90555 0)
(0.109992 1.34959 0)
(0.0228766 0.75915 0)
(-0.0032644 -0.0812078 0)
(-0.00265913 -0.143703 0)
(-0.00558922 -0.0663998 0)
(0.0338651 0.351897 0)
(0.167559 1.16074 0)
(0.222194 1.56815 0)
(0.240173 1.69558 0)
(0.240411 1.70142 0)
(0.229908 1.65352 0)
(0.223718 1.59712 0)
(0.219964 1.61753 0)
(0.187075 1.84992 0)
(0.320215 2.5243 0)
(0.340615 2.82798 0)
(0.308566 2.86929 0)
(0.281263 2.81802 0)
(0.240219 2.61058 0)
(0.154971 2.16258 0)
(0.0671569 1.62748 0)
(0.0103383 0.961877 0)
(-0.00451194 -0.052797 0)
(-0.0097031 -0.13227 0)
(0.00350606 -0.0949887 0)
(0.0107895 0.175389 0)
(0.121449 1.03149 0)
(0.169498 1.52114 0)
(0.185619 1.6834 0)
(0.185547 1.70027 0)
(0.178105 1.66197 0)
(0.17151 1.60374 0)
(0.177092 1.62127 0)
(0.12689 1.82654 0)
(0.225649 2.48112 0)
(0.246139 2.84101 0)
(0.211493 2.91787 0)
(0.187862 2.89718 0)
(0.158742 2.74095 0)
(0.0986745 2.35161 0)
(0.0376333 1.83913 0)
(0.00130817 1.09483 0)
(-0.00150584 -0.0358569 0)
(0.0108838 -0.165101 0)
(0.0440904 -0.13521 0)
(0.034984 0.0761612 0)
(0.092833 0.853419 0)
(0.136322 1.45351 0)
(0.140854 1.66771 0)
(0.13771 1.69769 0)
(0.130703 1.6669 0)
(0.123395 1.61232 0)
(0.138335 1.62925 0)
(0.0823916 1.81665 0)
(0.151733 2.45829 0)
(0.170485 2.85642 0)
(0.13895 2.96101 0)
(0.118439 2.95684 0)
(0.0974525 2.83421 0)
(0.0557347 2.48163 0)
(0.0116654 1.97065 0)
(-0.00630498 1.13727 0)
(0.00942175 -0.0875465 0)
(0.0439477 -0.27024 0)
(0.0818953 -0.212852 0)
(0.0692786 0.0646192 0)
(0.0646988 0.798009 0)
(0.0950227 1.4268 0)
(0.0891437 1.65722 0)
(0.0859778 1.69509 0)
(0.08573 1.66867 0)
(0.0793466 1.61841 0)
(0.102155 1.63721 0)
(0.0503304 1.81063 0)
(0.0972003 2.44278 0)
(0.110518 2.87143 0)
(0.083393 2.99705 0)
(0.0665041 3.00587 0)
(0.0532545 2.9001 0)
(0.0233677 2.56877 0)
(-0.000399752 2.05322 0)
(-0.0106701 1.12724 0)
(0.0198919 -0.239779 0)
(0.0537333 -0.417535 0)
(0.0828865 -0.278766 0)
(0.0507769 0.117642 0)
(0.00727856 0.808884 0)
(0.0251324 1.42146 0)
(0.018713 1.65807 0)
(0.0294837 1.69317 0)
(0.0398446 1.66619 0)
(0.0387263 1.62029 0)
(0.067783 1.64245 0)
(0.0261971 1.80984 0)
(0.0576704 2.43562 0)
(0.064553 2.88335 0)
(0.0413688 3.02433 0)
(0.0292946 3.04132 0)
(0.019148 2.94594 0)
(0.000729074 2.62333 0)
(-0.0187625 2.09316 0)
(-0.0126134 1.09204 0)
(0.0150502 -0.367339 0)
(0.0364272 -0.484881 0)
(0.0281423 -0.231338 0)
(-0.0221511 0.251595 0)
(-0.0792296 0.89377 0)
(-0.0789665 1.44141 0)
(-0.0636521 1.65167 0)
(-0.032355 1.6829 0)
(-0.00414496 1.65641 0)
(0.00234003 1.61473 0)
(0.0369843 1.64272 0)
(0.00600355 1.80825 0)
(0.0282109 2.42957 0)
(0.0292803 2.89118 0)
(0.01087 3.04351 0)
(0.00108984 3.06815 0)
(-0.0064308 2.9742 0)
(-0.0187894 2.65033 0)
(-0.0256905 2.08999 0)
(-0.0150136 1.01999 0)
(0.00624624 -0.409632 0)
(-0.0148079 -0.439966 0)
(-0.0577143 -0.0956375 0)
(-0.116683 0.409493 0)
(-0.172826 1.0149 0)
(-0.165724 1.4402 0)
(-0.136333 1.61671 0)
(-0.09004 1.65596 0)
(-0.0453565 1.63669 0)
(-0.0296968 1.6003 0)
(0.010022 1.63876 0)
(-0.00973759 1.80874 0)
(0.00545458 2.42946 0)
(0.002257 2.89752 0)
(-0.0106746 3.05722 0)
(-0.0175842 3.08427 0)
(-0.0241468 2.99 0)
(-0.0308428 2.66159 0)
(-0.0310721 2.07248 0)
(-0.0167821 0.931067 0)
(-0.00972158 -0.334328 0)
(-0.0493565 -0.294831 0)
(-0.108583 0.0495648 0)
(-0.161358 0.530789 0)
(-0.209738 1.06409 0)
(-0.200498 1.39572 0)
(-0.171764 1.55373 0)
(-0.123629 1.60704 0)
(-0.0745425 1.60229 0)
(-0.0549014 1.57875 0)
(-0.00990467 1.63033 0)
(-0.0234549 1.80824 0)
(-0.0118846 2.42822 0)
(-0.0172508 2.9025 0)
(-0.0262013 3.06641 0)
(-0.0312801 3.09532 0)
(-0.0350499 2.99693 0)
(-0.0391217 2.65718 0)
(-0.0338128 2.0366 0)
(-0.0146317 0.840756 0)
(-0.0131775 -0.218156 0)
(-0.0550804 -0.126069 0)
(-0.117561 0.205582 0)
(-0.173129 0.640238 0)
(-0.205859 1.0818 0)
(-0.198827 1.34697 0)
(-0.172741 1.48952 0)
(-0.132644 1.55056 0)
(-0.0893304 1.56088 0)
(-0.0688376 1.55243 0)
(-0.0225946 1.61845 0)
(-0.033449 1.80847 0)
(-0.0246518 2.43005 0)
(-0.0303901 2.90815 0)
(-0.0363169 3.07314 0)
(-0.0387843 3.10124 0)
(-0.0414433 2.99748 0)
(-0.04169 2.64288 0)
(-0.0330293 1.98144 0)
(-0.0109196 0.753688 0)
(-0.0118594 -0.0955874 0)
(-0.0499671 0.0422576 0)
(-0.105786 0.346151 0)
(-0.156147 0.729036 0)
(-0.183308 1.09486 0)
(-0.175508 1.31443 0)
(-0.153991 1.43981 0)
(-0.123965 1.50088 0)
(-0.0889894 1.52026 0)
(-0.0720887 1.5246 0)
(-0.0291408 1.60281 0)
(-0.0414391 1.80654 0)
(-0.0327958 2.43075 0)
(-0.0381589 2.91097 0)
(-0.0424627 3.07648 0)
(-0.0436872 3.10422 0)
(-0.0433893 2.99373 0)
(-0.0409893 2.62885 0)
(-0.029629 1.92954 0)
(-0.00694678 0.681752 0)
(-0.00862253 0.00710042 0)
(-0.0384551 0.185796 0)
(-0.0837067 0.46853 0)
(-0.124377 0.807683 0)
(-0.148452 1.11691 0)
(-0.144258 1.30258 0)
(-0.130532 1.41118 0)
(-0.109444 1.46751 0)
(-0.0808423 1.48911 0)
(-0.0686871 1.50095 0)
(-0.0307603 1.58816 0)
(-0.0440267 1.80383 0)
(-0.0377216 2.43423 0)
(-0.0420709 2.9145 0)
(-0.0444443 3.07833 0)
(-0.0437869 3.10359 0)
(-0.0428576 2.98503 0)
(-0.0384079 2.60034 0)
(-0.0252564 1.86672 0)
(-0.00373047 0.622492 0)
(-0.00529962 0.0802834 0)
(-0.0262278 0.29674 0)
(-0.0605797 0.567236 0)
(-0.0922393 0.872273 0)
(-0.112889 1.13977 0)
(-0.112774 1.30074 0)
(-0.106845 1.39625 0)
(-0.0934197 1.4476 0)
(-0.0702809 1.46869 0)
(-0.06283 1.48361 0)
(-0.0292993 1.57613 0)
(-0.043044 1.80384 0)
(-0.0380646 2.43626 0)
(-0.0427199 2.91604 0)
(-0.0438878 3.07826 0)
(-0.0426156 3.10214 0)
(-0.0406216 2.97793 0)
(-0.0350729 2.58033 0)
(-0.0208549 1.81348 0)
(-0.00150377 0.579346 0)
(-0.00280289 0.126957 0)
(-0.0163539 0.3759 0)
(-0.0412351 0.642956 0)
(-0.0651885 0.9267 0)
(-0.0823843 1.16475 0)
(-0.0850887 1.30702 0)
(-0.0844793 1.39139 0)
(-0.077323 1.4372 0)
(-0.0595045 1.45654 0)
(-0.0564929 1.47221 0)
(-0.0270544 1.56859 0)
(-0.0418497 1.80591 0)
(-0.0373756 2.44058 0)
(-0.0418885 2.91791 0)
(-0.042579 3.07721 0)
(-0.0405803 3.09804 0)
(-0.0376099 2.96294 0)
(-0.0314959 2.54601 0)
(-0.0167763 1.75207 0)
(-0.000124952 0.544271 0)
(-0.00124656 0.154415 0)
(-0.00932893 0.429762 0)
(-0.0268617 0.697601 0)
(-0.0448761 0.966053 0)
(-0.0585847 1.18392 0)
(-0.062643 1.31341 0)
(-0.0649551 1.38951 0)
(-0.062363 1.43025 0)
(-0.0490233 1.4478 0)
(-0.0502453 1.46481 0)
(-0.0242682 1.56409 0)
(-0.0384032 1.80785 0)
(-0.0350603 2.44235 0)
(-0.0398521 2.91858 0)
(-0.0403665 3.07616 0)
(-0.0382012 3.09515 0)
(-0.0352145 2.95409 0)
(-0.0285697 2.52358 0)
(-0.0133803 1.70438 0)
(0.000584454 0.521098 0)
(-0.000401909 0.168821 0)
(-0.00474783 0.464731 0)
(-0.0165031 0.738998 0)
(-0.0300267 0.99979 0)
(-0.0411658 1.20379 0)
(-0.0457909 1.3234 0)
(-0.0491153 1.39197 0)
(-0.0492671 1.42729 0)
(-0.0390923 1.44181 0)
(-0.0440876 1.45938 0)
(-0.0217081 1.56158 0)
(-0.035851 1.81284 0)
(-0.0330189 2.44711 0)
(-0.0377205 2.91959 0)
(-0.0377885 3.07346 0)
(-0.0355234 3.08878 0)
(-0.0325434 2.93695 0)
(-0.0258623 2.48771 0)
(-0.0107226 1.64848 0)
(0.000903354 0.500539 0)
(-3.16429e-05 0.175436 0)
(-0.00212564 0.485401 0)
(-0.00987409 0.765969 0)
(-0.0198334 1.02211 0)
(-0.028631 1.21746 0)
(-0.0334842 1.33101 0)
(-0.0373381 1.39453 0)
(-0.0395036 1.42563 0)
(-0.0308992 1.43753 0)
(-0.0384681 1.45565 0)
(-0.0183666 1.56001 0)
(-0.0325073 1.81474 0)
(-0.0306591 2.44874 0)
(-0.0358295 2.91988 0)
(-0.0358308 3.07196 0)
(-0.0337235 3.08542 0)
(-0.0308751 2.92776 0)
(-0.0239833 2.46604 0)
(-0.00887952 1.60934 0)
(0.000883437 0.488283 0)
(0.000105534 0.177937 0)
(-0.000631881 0.498253 0)
(-0.00551364 0.787199 0)
(-0.0131207 1.04226 0)
(-0.0200913 1.2317 0)
(-0.0246754 1.34049 0)
(-0.0286189 1.39935 0)
(-0.0321661 1.42638 0)
(-0.0249331 1.43538 0)
(-0.033828 1.45311 0)
(-0.0157594 1.55875 0)
(-0.0303399 1.8197 0)
(-0.0283692 2.45317 0)
(-0.0335835 2.92064 0)
(-0.0333051 3.06938 0)
(-0.0313431 3.07932 0)
(-0.0285938 2.91086 0)
(-0.0220092 2.43112 0)
(-0.00746802 1.56015 0)
(0.000784875 0.474049 0)
(0.000166882 0.177867 0)
(0.000128819 0.504076 0)
(-0.00276436 0.799567 0)
(-0.00844373 1.05441 0)
(-0.0139911 1.24052 0)
(-0.0183392 1.34693 0)
(-0.0218599 1.40314 0)
(-0.0263833 1.42716 0)
(-0.0198421 1.43389 0)
(-0.0295951 1.4512 0)
(-0.0124969 1.55746 0)
(-0.0279762 1.82201 0)
(-0.0262322 2.45531 0)
(-0.0319117 2.92118 0)
(-0.0314246 3.06822 0)
(-0.0298921 3.0762 0)
(-0.0272223 2.90219 0)
(-0.0205621 2.41145 0)
(-0.00631761 1.52934 0)
(0.000532203 0.466606 0)
(0.000184304 0.177212 0)
(0.00041968 0.507981 0)
(-0.00134244 0.810836 0)
(-0.00581826 1.06733 0)
(-0.0101789 1.25125 0)
(-0.0142217 1.35549 0)
(-0.0173919 1.40916 0)
(-0.0221729 1.43029 0)
(-0.0165412 1.4344 0)
(-0.0261142 1.45052 0)
(-0.0105245 1.55774 0)
(-0.0258304 1.82752 0)
(-0.0243084 2.46055 0)
(-0.0302586 2.92292 0)
(-0.0297186 3.06663 0)
(-0.0282344 3.07097 0)
(-0.0254233 2.88601 0)
(-0.019026 2.37776 0)
(-0.00570326 1.48642 0)
(0.000365082 0.454791 0)
(0.000184713 0.175817 0)
(0.000480258 0.508645 0)
(-0.000494586 0.816216 0)
(-0.00410801 1.07382 0)
(-0.00771075 1.25659 0)
(-0.0114299 1.35987 0)
(-0.0139437 1.4121 0)
(-0.0190079 1.43152 0)
(-0.0135126 1.43434 0)
(-0.0238918 1.45009 0)
(-0.00937063 1.55829 0)
(-0.0248714 1.83064 0)
(-0.0230062 2.46347 0)
(-0.0296253 2.92416 0)
(-0.0288302 3.06617 0)
(-0.0276956 3.0685 0)
(-0.0249 2.87791 0)
(-0.0182528 2.36012 0)
(-0.00506643 1.46273 0)
(0.000167361 0.449311 0)
(0.00017952 0.174763 0)
(0.000443588 0.509659 0)
(-0.000246111 0.822947 0)
(-0.00318042 1.08324 0)
(-0.00632851 1.26494 0)
(-0.00969858 1.3669 0)
(-0.0118304 1.41687 0)
(-0.0167755 1.43391 0)
(-0.0119313 1.43518 0)
(-0.0225108 1.45056 0)
(-0.00878557 1.55994 0)
(-0.0242021 1.83703 0)
(-0.0223812 2.46969 0)
(-0.0291641 2.92654 0)
(-0.0280854 3.06497 0)
(-0.0269489 3.06349 0)
(-0.0239358 2.86164 0)
(-0.0172732 2.32662 0)
(-0.00498398 1.42388 0)
(9.35718e-05 0.438322 0)
(0.000132941 0.17345 0)
(0.000270169 0.509635 0)
(-0.000210892 0.825508 0)
(-0.00268093 1.08717 0)
(-0.00560969 1.26856 0)
(-0.00889292 1.37002 0)
(-0.0107384 1.41903 0)
(-0.0158438 1.43508 0)
(-0.0112434 1.43578 0)
(-0.0218011 1.45075 0)
(-0.0089019 1.56083 0)
(-0.0242566 1.84023 0)
(-0.0222805 2.473 0)
(-0.0296333 2.92766 0)
(-0.0279903 3.06444 0)
(-0.0270458 3.061 0)
(-0.0239521 2.85345 0)
(-0.0168124 2.3102 0)
(-0.00447756 1.40582 0)
(0.000128354 0.434405 0)
(-7.72548e-05 0.173789 0)
(-0.000199167 0.511537 0)
(-0.00098178 0.832129 0)
(-0.00317282 1.09667 0)
(-0.00573152 1.2774 0)
(-0.00893837 1.37757 0)
(-0.0104144 1.42459 0)
(-0.0154227 1.43832 0)
(-0.0112152 1.4379 0)
(-0.0217152 1.45153 0)
(-0.00974273 1.56345 0)
(-0.0251029 1.84854 0)
(-0.0230836 2.48123 0)
(-0.0302869 2.93043 0)
(-0.0279033 3.06253 0)
(-0.0270658 3.05398 0)
(-0.0235303 2.83205 0)
(-0.0167037 2.26845 0)
(-0.0055999 1.35987 0)
(-0.000890554 0.418861 0)
(-0.233716 1.55893 1.26287e-22)
(0.392971 3.22902 1.68504e-20)
(0.0898466 3.46136 6.3093e-20)
(0.195986 3.43145 0)
(0.153979 3.38678 0)
(0.147879 3.34058 -3.74894e-19)
(0.149974 3.31398 3.84217e-19)
(0.122915 3.27301 -4.07428e-19)
(0.111558 3.18173 7.53098e-21)
(0.0932765 2.56941 5.59607e-19)
(-0.105204 2.31518 1.06249e-23)
(0.129022 3.28467 1.6536e-19)
(0.00875075 3.43503 0)
(0.0950031 3.3887 0)
(0.070292 3.34347 1.11185e-20)
(0.0752807 3.30676 7.77165e-19)
(0.0718289 3.27707 -4.33321e-19)
(0.0485908 3.24217 -7.27401e-21)
(0.0494436 3.08524 6.93764e-21)
(0.000638017 2.08798 0)
(-0.0280542 2.06794 1.77604e-19)
(0.0840461 3.13776 -1.88414e-19)
(0.0217641 3.34357 0)
(0.070086 3.32364 3.57724e-19)
(0.049691 3.30261 -1.33544e-21)
(0.0505186 3.2815 -4.04115e-19)
(0.044891 3.26629 -5.02262e-19)
(0.0294991 3.24634 -2.08492e-22)
(0.0404016 3.12005 7.15438e-21)
(-0.0168703 2.21231 0)
(-0.0410807 2.01387 -4.48229e-20)
(0.0269041 3.11559 0)
(-0.0148472 3.30774 -1.89271e-19)
(0.0197697 3.30671 -1.55373e-19)
(0.0151304 3.28306 1.41426e-20)
(0.0210981 3.26134 -2.62033e-19)
(0.0262224 3.24677 2.33155e-19)
(0.0209941 3.23381 -8.38799e-21)
(0.0416628 3.12597 1.10492e-20)
(0.00713658 2.25096 2.88301e-19)
(-0.0530913 2.02327 -1.46374e-19)
(0.0122932 3.0887 0)
(-0.00838533 3.26619 4.08701e-19)
(0.0100017 3.26185 -2.25768e-19)
(0.0134244 3.24813 -6.94088e-22)
(0.016169 3.23791 -2.26882e-21)
(0.0211365 3.23321 -1.55665e-20)
(0.0216381 3.22454 -2.98103e-19)
(0.0427923 3.12801 8.18719e-21)
(-0.0031346 2.31246 -6.04137e-19)
(-0.0500098 2.08283 0)
(-0.0107235 3.08529 -2.25237e-19)
(-0.0289074 3.2423 1.88861e-20)
(-0.0156709 3.24667 -1.56733e-20)
(-0.00615639 3.2321 1.60509e-20)
(0.00300769 3.21959 2.66463e-19)
(0.0152815 3.2116 2.78774e-19)
(0.0208146 3.20549 5.86761e-19)
(0.0426697 3.12411 3.25337e-19)
(0.0105548 2.35441 -1.67144e-20)
(-0.0513337 2.14077 0)
(-0.0201776 3.08161 2.3302e-19)
(-0.0193854 3.21366 -2.44648e-19)
(-0.0118674 3.21269 -1.69375e-20)
(-0.000594035 3.20249 3.50269e-20)
(0.00731863 3.19615 3.63318e-22)
(0.0166187 3.19528 -1.88431e-20)
(0.0217721 3.19122 -3.06904e-19)
(0.0422796 3.12176 -3.16307e-19)
(0.00383728 2.4199 -1.73019e-20)
(-0.0476682 2.22768 2.69147e-19)
(-0.0287638 3.08525 -1.25049e-20)
(-0.0322563 3.19378 8.62777e-21)
(-0.023826 3.19526 0)
(-0.013571 3.18545 0)
(-0.00135771 3.17767 0)
(0.0130183 3.17209 0)
(0.020614 3.16933 3.42794e-19)
(0.0412118 3.11268 -3.53148e-19)
(0.0153023 2.46396 3.49051e-19)
(-0.0464401 2.30646 2.62796e-20)
(-0.0330332 3.08461 2.86961e-19)
(-0.0211777 3.16954 0)
(-0.0146494 3.16539 -1.93273e-20)
(-0.00402503 3.15771 1.97656e-20)
(0.00520641 3.15346 0)
(0.0150373 3.15393 -1.07203e-20)
(0.0207118 3.15292 -3.32698e-19)
(0.0401336 3.10935 3.54674e-19)
(0.0104167 2.53311 0)
(-0.0437119 2.4033 1.60219e-20)
(-0.0358922 3.08615 -4.4018e-19)
(-0.0300736 3.14971 0)
(-0.0225204 3.14682 0)
(-0.0137012 3.13907 2.12182e-20)
(-0.00206908 3.1334 -1.79123e-19)
(0.0114431 3.12927 -2.23922e-20)
(0.0191545 3.12929 1.90967e-19)
(0.0385969 3.09616 0)
(0.0191966 2.58107 0)
(-0.0400811 2.49065 -4.65467e-19)
(-0.0385674 3.08228 1.57748e-19)
(-0.0206096 3.12431 0)
(-0.0128429 3.1163 0)
(-0.00335331 3.10963 0)
(0.00552553 3.10681 3.69054e-19)
(0.0145348 3.10859 0)
(0.0201523 3.11072 -2.03742e-19)
(0.0378498 3.09052 1.25941e-20)
(0.0149504 2.65385 2.13412e-19)
(-0.0377025 2.58949 1.66109e-19)
(-0.0398287 3.07577 -1.61544e-20)
(-0.0296344 3.10132 1.93656e-19)
(-0.0210699 3.09501 1.88257e-19)
(-0.0124642 3.08836 0)
(-0.000748309 3.084 -1.89705e-19)
(0.0123456 3.08152 0)
(0.0209832 3.08445 0)
(0.0385478 3.07215 0)
(0.0222781 2.70642 -2.14402e-19)
(-0.0351313 2.67845 -1.76041e-19)
(-0.0429716 3.0624 1.81793e-19)
(-0.0235544 3.07218 -1.8255e-19)
(-0.0130688 3.06222 -2.8789e-19)
(-0.00280147 3.05705 0)
(0.00708924 3.05567 2.57586e-20)
(0.0168829 3.05861 -1.31485e-20)
(0.0247775 3.0632 9.80784e-20)
(0.0417182 3.06164 1.21776e-19)
(0.020854 2.78046 -1.25303e-19)
(-0.0343541 2.77298 1.80626e-19)
(-0.0460992 3.04527 -1.74179e-19)
(-0.0329215 3.04587 1.24193e-20)
(-0.0209233 3.04032 7.33406e-20)
(-0.0112135 3.03619 -1.05338e-19)
(0.000313297 3.0336 0)
(0.0137402 3.03215 1.13211e-19)
(0.0256208 3.03557 4.95032e-21)
(0.0446202 3.03659 -2.35745e-19)
(0.0286849 2.83262 -6.55249e-21)
(-0.0295931 2.85519 -5.16513e-20)
(-0.0442533 3.02153 1.26258e-20)
(-0.0231741 3.01778 -6.55346e-20)
(-0.0111743 3.01444 2.68262e-20)
(-0.00220606 3.01413 1.28362e-19)
(0.00627239 3.01344 -5.46127e-20)
(0.0145508 3.01418 -5.43406e-20)
(0.0233411 3.01709 -5.64067e-20)
(0.0418073 3.02184 1.21114e-19)
(0.0248436 2.90033 5.91891e-20)
(-0.0176304 2.94051 4.15206e-20)
(-0.0259917 3.00083 1.83566e-20)
(-0.0161427 3.00084 3.61124e-20)
(-0.00938907 3.00162 -7.40114e-20)
(-0.00416798 3.00264 2.50128e-20)
(0.000690317 3.00215 5.08475e-20)
(0.00537915 3.00066 -5.30963e-20)
(0.0107406 2.999 -5.54386e-20)
(0.0217923 2.99714 7.51076e-21)
(0.0165206 2.94913 5.32703e-20)
)
;

boundaryField
{
    wall-4
    {
        type            noSlip;
    }
    pressure-outlet-7
    {
        type            zeroGradient;
    }
    velocity-inlet-6
    {
        type            fixedValue;
        value           uniform (0 3 0);
    }
    velocity-inlet-5
    {
        type            fixedValue;
        value           uniform (1 0 0);
    }
    frontAndBackPlanes
    {
        type            empty;
    }
}


// ************************************************************************* //
