/*--------------------------------*- C++ -*----------------------------------*\
| =========                 |                                                 |
| \\      /  F ield         | OpenFOAM: The Open Source CFD Toolbox           |
|  \\    /   O peration     | Version:  v2012                                 |
|   \\  /    A nd           | Website:  www.openfoam.com                      |
|    \\/     M anipulation  |                                                 |
\*---------------------------------------------------------------------------*/
FoamFile
{
    version     2.0;
    format      ascii;
    class       volVectorField;
    location    "45";
    object      U;
}
// * * * * * * * * * * * * * * * * * * * * * * * * * * * * * * * * * * * * * //

dimensions      [0 1 -1 0 0 0 0];


internalField   nonuniform List<vector> 
2200
(
(0.878844 -0.0304136 0)
(1.00579 -0.0512804 0)
(1.00329 -0.0353993 0)
(1.00026 -0.0244329 0)
(0.999866 -0.0166607 0)
(1.00004 -0.0107317 0)
(1.00004 -0.00686154 0)
(1.00004 -0.0042333 0)
(1.00003 -0.00226738 0)
(1.00017 -0.000727972 0)
(1.00005 0.000890225 0)
(0.999994 0.00244525 0)
(1.00001 0.00441931 0)
(1.00013 0.0070299 0)
(1.00014 0.0108297 0)
(0.999923 0.0166578 0)
(1.00028 0.0244025 0)
(1.00349 0.0349821 0)
(1.00595 0.0513607 0)
(0.879008 0.030325 0)
(0.712007 -0.0327669 0)
(0.996636 -0.0630277 0)
(1.03332 -0.0561658 0)
(1.02493 -0.0464489 0)
(1.01589 -0.0361408 0)
(1.00963 -0.0264335 0)
(1.00591 -0.018172 0)
(1.00373 -0.0114415 0)
(1.00254 -0.00604972 0)
(1.00198 -0.00150738 0)
(1.002 0.00270305 0)
(1.00254 0.00719908 0)
(1.00371 0.0124542 0)
(1.0057 0.0190392 0)
(1.00937 0.0271516 0)
(1.01562 0.0368934 0)
(1.0247 0.0473005 0)
(1.0331 0.0576696 0)
(0.996665 0.0631568 0)
(0.711794 0.0329947 0)
(0.53547 -0.0239015 0)
(0.969869 -0.0569563 0)
(1.05641 -0.0547785 0)
(1.05219 -0.0488018 0)
(1.03617 -0.0404784 0)
(1.02438 -0.0322964 0)
(1.01585 -0.0240815 0)
(1.01038 -0.0162205 0)
(1.0072 -0.00898628 0)
(1.00568 -0.00237513 0)
(1.00559 0.00395688 0)
(1.00703 0.0104786 0)
(1.01011 0.0175463 0)
(1.0155 0.0252008 0)
(1.0241 0.0333748 0)
(1.03605 0.0413186 0)
(1.0521 0.0493797 0)
(1.05633 0.053626 0)
(0.96922 0.057581 0)
(0.534409 0.0239352 0)
(0.392212 -0.0136512 0)
(0.911748 -0.0464075 0)
(1.05743 -0.046914 0)
(1.06958 -0.0443501 0)
(1.05492 -0.0382224 0)
(1.03934 -0.0315314 0)
(1.02751 -0.0247174 0)
(1.01905 -0.0175297 0)
(1.0137 -0.0100616 0)
(1.01107 -0.00248548 0)
(1.011 0.00506353 0)
(1.01346 0.0124347 0)
(1.01856 0.0195873 0)
(1.02693 0.02652 0)
(1.03851 0.0328931 0)
(1.05397 0.0393711 0)
(1.06832 0.0454495 0)
(1.0557 0.0481223 0)
(0.9101 0.0469122 0)
(0.390132 0.0137549 0)
(0.307517 -0.00452298 0)
(0.846519 -0.0324215 0)
(1.04924 -0.0400155 0)
(1.07934 -0.0383145 0)
(1.0681 -0.0336766 0)
(1.05165 -0.0280868 0)
(1.03825 -0.0226965 0)
(1.02805 -0.0166335 0)
(1.02103 -0.00977735 0)
(1.01716 -0.00225391 0)
(1.01686 0.00557903 0)
(1.02031 0.0129143 0)
(1.02718 0.0194497 0)
(1.03717 0.0251475 0)
(1.05046 0.0302356 0)
(1.0669 0.0355884 0)
(1.07792 0.0399606 0)
(1.04734 0.0415757 0)
(0.84318 0.0329313 0)
(0.304086 0.00470975 0)
(0.264021 9.11784e-05 0)
(0.78869 -0.0201204 0)
(1.03316 -0.0315502 0)
(1.08342 -0.0321143 0)
(1.07723 -0.0288693 0)
(1.06076 -0.0240693 0)
(1.04714 -0.0195993 0)
(1.03624 -0.0144967 0)
(1.02839 -0.0084196 0)
(1.024 -0.00142802 0)
(1.0238 0.0059673 0)
(1.02765 0.0125976 0)
(1.03493 0.0182841 0)
(1.04548 0.0229514 0)
(1.05877 0.0269149 0)
(1.07496 0.0312482 0)
(1.08052 0.0340071 0)
(1.02948 0.0331305 0)
(0.783193 0.020687 0)
(0.259285 9.87028e-05 0)
(0.239986 0.00105828 0)
(0.737906 -0.0123202 0)
(1.0135 -0.0251024 0)
(1.08387 -0.0269567 0)
(1.08275 -0.0246824 0)
(1.06764 -0.0205586 0)
(1.05423 -0.0166116 0)
(1.0434 -0.0121271 0)
(1.03526 -0.00680672 0)
(1.03034 -0.000532296 0)
(1.0297 0.00614997 0)
(1.03375 0.0121583 0)
(1.04138 0.0169243 0)
(1.05181 0.0208097 0)
(1.06494 0.0242039 0)
(1.07977 0.0277516 0)
(1.08034 0.0294156 0)
(1.00812 0.0269819 0)
(0.729765 0.0130559 0)
(0.233765 -0.000862911 0)
(0.225583 0.000951968 0)
(0.694827 -0.00807755 0)
(0.992408 -0.0208065 0)
(1.08181 -0.0231787 0)
(1.08668 -0.0213898 0)
(1.07317 -0.0178648 0)
(1.05971 -0.0140855 0)
(1.04917 -0.0098693 0)
(1.04123 -0.00496706 0)
(1.03645 0.000684079 0)
(1.03602 0.00658579 0)
(1.0397 0.0117764 0)
(1.04653 0.0160044 0)
(1.05635 0.0195279 0)
(1.06949 0.0225622 0)
(1.08216 0.0253538 0)
(1.07601 0.0264066 0)
(0.984036 0.0231768 0)
(0.683117 0.00903237 0)
(0.217543 -0.000731989 0)
(0.215937 0.000615818 0)
(0.659404 -0.00572744 0)
(0.97234 -0.0177865 0)
(1.07925 -0.0204432 0)
(1.0898 -0.0188853 0)
(1.07787 -0.0157682 0)
(1.06452 -0.0121842 0)
(1.05409 -0.00812938 0)
(1.04628 -0.00341505 0)
(1.04125 0.00178424 0)
(1.04021 0.00713342 0)
(1.04357 0.0118027 0)
(1.05052 0.0156848 0)
(1.06013 0.0188275 0)
(1.07295 0.0216368 0)
(1.08412 0.0239381 0)
(1.07195 0.0245428 0)
(0.960689 0.0206645 0)
(0.643574 0.00692555 0)
(0.205675 -0.000363014 0)
(0.208534 0.000271798 0)
(0.630191 -0.00429041 0)
(0.95235 -0.015232 0)
(1.07566 -0.0182742 0)
(1.09303 -0.017034 0)
(1.08258 -0.0141244 0)
(1.06902 -0.0105518 0)
(1.05853 -0.00649591 0)
(1.05077 -0.00193588 0)
(1.04595 0.00304916 0)
(1.04499 0.00804502 0)
(1.04788 0.012435 0)
(1.05375 0.0159744 0)
(1.06313 0.0189537 0)
(1.07603 0.0213851 0)
(1.08498 0.0231763 0)
(1.06465 0.0231962 0)
(0.936013 0.0186617 0)
(0.609192 0.00573678 0)
(0.195544 9.16043e-06 0)
(0.202694 8.05014e-05 0)
(0.607168 -0.00318518 0)
(0.935087 -0.0126059 0)
(1.07273 -0.0157539 0)
(1.09603 -0.0147406 0)
(1.08702 -0.0122276 0)
(1.07353 -0.00884129 0)
(1.06288 -0.00496916 0)
(1.05494 -0.000334852 0)
(1.04978 0.00463778 0)
(1.04818 0.00937082 0)
(1.05076 0.0134397 0)
(1.05711 0.0167683 0)
(1.06626 0.0193527 0)
(1.07866 0.0215422 0)
(1.08571 0.0227019 0)
(1.05893 0.0222323 0)
(0.91348 0.0169867 0)
(0.580003 0.00499983 0)
(0.18639 0.000282456 0)
(0.197924 8.85019e-06 0)
(0.588358 -0.00232112 0)
(0.918482 -0.0104255 0)
(1.06894 -0.0137061 0)
(1.09906 -0.0127999 0)
(1.09165 -0.0101829 0)
(1.07807 -0.00687949 0)
(1.06713 -0.00301791 0)
(1.05885 0.00128899 0)
(1.05332 0.00604474 0)
(1.05144 0.0106388 0)
(1.05356 0.0146848 0)
(1.05899 0.0176538 0)
(1.06825 0.0198402 0)
(1.08059 0.0214377 0)
(1.08553 0.0223654 0)
(1.04939 0.0213006 0)
(0.889141 0.0154932 0)
(0.553345 0.00452787 0)
(0.177494 0.000439926 0)
(0.194378 1.03617e-05 0)
(0.573735 -0.00157219 0)
(0.904448 -0.00812162 0)
(1.06631 -0.0112126 0)
(1.10227 -0.0102299 0)
(1.09613 -0.00774782 0)
(1.08253 -0.00428883 0)
(1.07127 -0.000629865 0)
(1.06245 0.00371818 0)
(1.05625 0.00847224 0)
(1.05398 0.0129087 0)
(1.05615 0.0162182 0)
(1.06201 0.0185977 0)
(1.07087 0.0204255 0)
(1.08243 0.0218059 0)
(1.08487 0.0222754 0)
(1.04204 0.0207488 0)
(0.867563 0.0144479 0)
(0.530229 0.00426474 0)
(0.169187 0.000526095 0)
(0.192133 2.99707e-05 0)
(0.563164 -0.000808205 0)
(0.892465 -0.00604503 0)
(1.06349 -0.00887389 0)
(1.10575 -0.00772731 0)
(1.10124 -0.00489513 0)
(1.0875 -0.00149945 0)
(1.07586 0.00227361 0)
(1.06671 0.00631688 0)
(1.06005 0.010601 0)
(1.05681 0.0146166 0)
(1.05803 0.0177648 0)
(1.06315 0.0197634 0)
(1.07221 0.0210919 0)
(1.08347 0.0222303 0)
(1.08337 0.0224991 0)
(1.0303 0.0204601 0)
(0.843081 0.0136381 0)
(0.507485 0.00411596 0)
(0.160727 0.000579003 0)
(0.19122 9.2096e-05 0)
(0.555626 -0.000182694 0)
(0.882504 -0.00375443 0)
(1.06199 -0.00606656 0)
(1.10968 -0.00475927 0)
(1.1064 -0.00199188 0)
(1.09263 0.00173215 0)
(1.08047 0.005398 0)
(1.07055 0.00955242 0)
(1.06317 0.0140675 0)
(1.05979 0.0181533 0)
(1.06081 0.020581 0)
(1.06577 0.0219127 0)
(1.07456 0.0228517 0)
(1.0843 0.0234165 0)
(1.08147 0.0230332 0)
(1.02083 0.0204357 0)
(0.821793 0.0131017 0)
(0.487589 0.0040545 0)
(0.152827 0.000599661 0)
(0.191799 3.00036e-05 0)
(0.551702 0.000864966 0)
(0.875791 -0.00156873 0)
(1.06053 -0.0034729 0)
(1.11343 -0.00191162 0)
(1.11179 0.00125483 0)
(1.09787 0.00502078 0)
(1.08526 0.00911226 0)
(1.07491 0.0134141 0)
(1.06682 0.0175256 0)
(1.06173 0.0207873 0)
(1.06135 0.0230895 0)
(1.06575 0.0241765 0)
(1.07451 0.0245988 0)
(1.08364 0.0249221 0)
(1.07741 0.0241443 0)
(1.00615 0.0207852 0)
(0.796523 0.0128051 0)
(0.466412 0.0040965 0)
(0.144386 0.000619164 0)
(0.193848 0.000228622 0)
(0.552087 0.00150294 0)
(0.871165 0.000703161 0)
(1.06117 3.61109e-06 0)
(1.11808 0.00189594 0)
(1.11737 0.00497871 0)
(1.10345 0.00908807 0)
(1.09031 0.0134001 0)
(1.07918 0.0179764 0)
(1.07004 0.0223789 0)
(1.06489 0.0256882 0)
(1.06437 0.0272889 0)
(1.06798 0.0278608 0)
(1.07573 0.0278521 0)
(1.08278 0.0269133 0)
(1.07316 0.0255222 0)
(0.993678 0.0214089 0)
(0.774652 0.0129978 0)
(0.447475 0.00432105 0)
(0.136304 0.00067006 0)
(0.197816 0.000649543 0)
(0.5549 0.00229426 0)
(0.871645 0.00350672 0)
(1.06297 0.00331925 0)
(1.12322 0.00581242 0)
(1.12365 0.00948911 0)
(1.10942 0.0138091 0)
(1.09587 0.0185273 0)
(1.08411 0.0233836 0)
(1.074 0.0276038 0)
(1.06656 0.0300508 0)
(1.0634 0.0310965 0)
(1.06588 0.0311821 0)
(1.07351 0.0303423 0)
(1.08024 0.0297457 0)
(1.06645 0.0274227 0)
(0.976234 0.0223614 0)
(0.748008 0.0133963 0)
(0.425786 0.00455566 0)
(0.127067 0.000717207 0)
(0.204384 0.000863209 0)
(0.562229 0.00353324 0)
(0.875759 0.00600777 0)
(1.06758 0.00772971 0)
(1.12931 0.0110744 0)
(1.13038 0.0148922 0)
(1.11588 0.0196715 0)
(1.1013 0.0247267 0)
(1.08801 0.029879 0)
(1.07594 0.0344528 0)
(1.0677 0.0372865 0)
(1.06524 0.0380352 0)
(1.06707 0.0372837 0)
(1.07345 0.0356872 0)
(1.077 0.0330576 0)
(1.0586 0.0299038 0)
(0.960103 0.0239908 0)
(0.724143 0.0141632 0)
(0.405643 0.00495357 0)
(0.117956 0.000789634 0)
(0.21268 0.00101182 0)
(0.573491 0.00483031 0)
(0.88382 0.00919083 0)
(1.07418 0.0121778 0)
(1.13656 0.0162996 0)
(1.1381 0.0213484 0)
(1.12256 0.0269952 0)
(1.10678 0.0326433 0)
(1.09192 0.0380554 0)
(1.07818 0.0424256 0)
(1.06761 0.0441835 0)
(1.06184 0.043302 0)
(1.06197 0.0416563 0)
(1.0682 0.038982 0)
(1.07224 0.0371788 0)
(1.04883 0.0329494 0)
(0.938477 0.0257665 0)
(0.694293 0.0150237 0)
(0.381556 0.00535854 0)
(0.107257 0.000833649 0)
(0.225317 0.00137961 0)
(0.592718 0.00690011 0)
(0.899576 0.0139624 0)
(1.08489 0.0190492 0)
(1.14576 0.0242078 0)
(1.14715 0.0296027 0)
(1.13064 0.036101 0)
(1.11319 0.0424641 0)
(1.09618 0.0483207 0)
(1.07964 0.0525593 0)
(1.06696 0.0540034 0)
(1.06189 0.052912 0)
(1.06257 0.0502034 0)
(1.06694 0.0468559 0)
(1.0655 0.042316 0)
(1.03608 0.0366554 0)
(0.917082 0.028223 0)
(0.666782 0.0163572 0)
(0.35856 0.00595811 0)
(0.0965883 0.000874 0)
(0.241309 0.00196965 0)
(0.617458 0.00873071 0)
(0.921161 0.0185977 0)
(1.09943 0.0259133 0)
(1.15698 0.0324075 0)
(1.15822 0.0395028 0)
(1.13992 0.0471171 0)
(1.12078 0.0541844 0)
(1.10184 0.0603223 0)
(1.08335 0.0642776 0)
(1.06793 0.0644481 0)
(1.05837 0.0615626 0)
(1.05469 0.0568882 0)
(1.05792 0.0521639 0)
(1.05785 0.0479596 0)
(1.02189 0.0413198 0)
(0.889625 0.0311185 0)
(0.631924 0.0181413 0)
(0.329931 0.00660429 0)
(0.0838665 0.000879214 0)
(0.263686 0.00282969 0)
(0.651632 0.0124958 0)
(0.950041 0.0252582 0)
(1.11848 0.0352808 0)
(1.17115 0.0433805 0)
(1.17085 0.0518495 0)
(1.15037 0.0605618 0)
(1.1285 0.0686757 0)
(1.10634 0.0754231 0)
(1.08401 0.0792687 0)
(1.0653 0.0785824 0)
(1.05524 0.0746046 0)
(1.05329 0.069205 0)
(1.05533 0.0635114 0)
(1.04741 0.0560986 0)
(1.00311 0.0472743 0)
(0.861336 0.0352932 0)
(0.598308 0.020607 0)
(0.301251 0.00740779 0)
(0.0710815 0.000867984 0)
(0.295322 0.00372074 0)
(0.697897 0.0156503 0)
(0.98907 0.0332786 0)
(1.14363 0.0466503 0)
(1.18808 0.0569485 0)
(1.18547 0.06791 0)
(1.16131 0.0781947 0)
(1.13605 0.086917 0)
(1.11045 0.0933433 0)
(1.08502 0.0959982 0)
(1.06353 0.0937233 0)
(1.04962 0.0879613 0)
(1.04253 0.0804068 0)
(1.04112 0.0722505 0)
(1.03463 0.0649144 0)
(0.982019 0.0547491 0)
(0.82476 0.0401544 0)
(0.553849 0.0234989 0)
(0.264221 0.00812872 0)
(0.0557217 0.000838716 0)
(0.331882 0.00713674 0)
(0.756274 0.0247756 0)
(1.03699 0.0464133 0)
(1.17439 0.0638082 0)
(1.20946 0.0763663 0)
(1.20178 0.0899245 0)
(1.17287 0.101063 0)
(1.14319 0.110097 0)
(1.11292 0.116001 0)
(1.08261 0.117466 0)
(1.05698 0.112782 0)
(1.0417 0.104663 0)
(1.03627 0.0953484 0)
(1.03563 0.0864738 0)
(1.01864 0.0761095 0)
(0.954553 0.0626727 0)
(0.785923 0.0458485 0)
(0.509484 0.0265581 0)
(0.227724 0.00877645 0)
(0.0410063 0.000706791 0)
(0.412331 0.0108256 0)
(0.843636 0.0358812 0)
(1.10186 0.0672164 0)
(1.21291 0.0892613 0)
(1.23444 0.104297 6.58291e-34)
(1.22001 0.119933 -2.9545e-34)
(1.18507 0.131175 0)
(1.1508 0.138995 0)
(1.11631 0.142712 0)
(1.08199 0.140654 0)
(1.05321 0.133017 0)
(1.0343 0.122463 0)
(1.02354 0.11102 0)
(1.0165 0.0987795 0)
(0.999288 0.0872502 0)
(0.923881 0.0720743 0)
(0.736341 0.0516609 0)
(0.450021 0.0291389 0)
(0.179271 0.00857091 0)
(0.0235161 0.000704559 0)
(0.48391 0.0260459 4.93679e-20)
(0.945051 0.0596778 -3.73507e-20)
(1.1704 0.100932 0)
(1.25246 0.1268 2.86681e-20)
(1.26172 0.142239 -2.32447e-20)
(1.23751 0.159785 3.11724e-34)
(1.19571 0.169133 0)
(1.15584 0.174859 1.64738e-20)
(1.11522 0.176235 -5.40348e-20)
(1.07518 0.172064 1.10083e-20)
(1.04171 0.161386 0)
(1.02039 0.146791 -2.78135e-20)
(1.01054 0.132862 -3.32879e-20)
(1.00498 0.12011 5.82086e-20)
(0.971202 0.104941 -4.59805e-20)
(0.874595 0.0843554 0)
(0.667087 0.0593662 -1.6621e-20)
(0.374557 0.0306325 0)
(0.126689 0.00877451 -9.15552e-20)
(0.00600176 0.000730352 1.07919e-19)
(0.519754 0.0537615 -6.46304e-21)
(1.00879 0.102539 1.13525e-19)
(1.22 0.151349 -6.83399e-21)
(1.28548 0.17468 -7.19572e-20)
(1.2855 0.191681 -4.9272e-20)
(1.25222 0.207074 8.01238e-20)
(1.20435 0.21375 0)
(1.15914 0.217057 0)
(1.11394 0.215697 8.61277e-20)
(1.06969 0.207653 0)
(1.03127 0.192197 1.00762e-19)
(1.00515 0.176781 2.98428e-20)
(0.988162 0.160939 3.69386e-22)
(0.969529 0.144502 -6.35975e-20)
(0.935407 0.12805 0)
(0.82896 0.105135 0)
(0.607779 0.0713129 -2.72017e-19)
(0.322508 0.0360313 6.8249e-19)
(0.102756 0.00993544 -4.04485e-19)
(-0.00242073 0.000263736 -4.76593e-19)
(0.527102 0.0763305 -6.71212e-20)
(1.04537 0.159456 2.53799e-20)
(1.25615 0.211267 1.35376e-20)
(1.31176 0.233213 1.258e-19)
(1.3042 0.248784 1.43098e-20)
(1.26341 0.260164 -2.09292e-19)
(1.20985 0.263124 7.11289e-20)
(1.15869 0.263166 0)
(1.1066 0.258593 -1.82468e-19)
(1.05424 0.247137 1.61487e-19)
(1.01062 0.23135 -2.72054e-19)
(0.981324 0.21101 1.27476e-19)
(0.964738 0.193589 -8.25587e-20)
(0.952573 0.177558 1.8592e-19)
(0.905774 0.15767 0)
(0.790624 0.126316 -6.81007e-20)
(0.57563 0.0853991 0)
(0.312394 0.0424328 3.76223e-19)
(0.102511 0.0138585 -8.91715e-19)
(-0.00124741 -0.000450918 5.58551e-19)
(0.522101 0.108159 1.93591e-19)
(1.0654 0.21635 -8.42781e-20)
(1.27791 0.276737 -1.77013e-20)
(1.32895 0.297997 0)
(1.31614 0.311294 -9.27997e-20)
(1.26991 0.317345 1.14339e-19)
(1.21164 0.315514 -7.61709e-20)
(1.15564 0.311651 0)
(1.09917 0.302769 1.29728e-19)
(1.04485 0.287576 -1.13522e-19)
(0.997818 0.266155 2.36001e-19)
(0.963673 0.245126 0)
(0.940315 0.226634 -1.7552e-19)
(0.9142 0.206237 9.88806e-20)
(0.872719 0.184275 2.49768e-19)
(0.764092 0.153089 -2.19775e-19)
(0.560478 0.106392 3.50351e-19)
(0.313995 0.0567135 -7.75839e-19)
(0.114757 0.0202491 4.89882e-19)
(0.00592773 0.000811722 -6.12828e-19)
(0.510234 0.132561 -7.12778e-20)
(1.07304 0.270364 5.12079e-20)
(1.28918 0.342508 -5.87019e-20)
(1.33832 0.363455 1.14885e-19)
(1.32188 0.374534 -1.07271e-19)
(1.27185 0.375811 3.63725e-20)
(1.21001 0.369553 3.64502e-21)
(1.14992 0.361483 -1.47922e-19)
(1.08899 0.348664 -1.36186e-19)
(1.02793 0.330157 -2.44034e-19)
(0.973762 0.305787 -5.07422e-19)
(0.93715 0.282577 -1.56167e-19)
(0.915135 0.260992 2.38697e-21)
(0.896258 0.241814 -3.39026e-19)
(0.846435 0.218513 -6.15719e-21)
(0.736476 0.178514 3.19966e-19)
(0.545612 0.126528 -9.66664e-20)
(0.317527 0.0717122 -5.60826e-20)
(0.127768 0.0285767 0)
(0.0138404 0.00308993 1.3037e-18)
(0.49351 0.153329 0)
(1.06732 0.320142 -6.03537e-21)
(1.29158 0.405808 0)
(1.34095 0.427398 -1.27447e-20)
(1.32187 0.4373 1.04489e-19)
(1.2692 0.434166 -8.44167e-20)
(1.20454 0.423534 8.32984e-20)
(1.14097 0.411476 2.42672e-19)
(1.0761 0.394576 -7.57202e-20)
(1.01137 0.371262 1.21057e-19)
(0.956594 0.343829 2.72743e-19)
(0.917202 0.318602 3.4032e-19)
(0.887224 0.297289 -2.04812e-19)
(0.857874 0.271903 3.66819e-19)
(0.814994 0.246231 -2.90624e-19)
(0.71656 0.208253 0)
(0.541312 0.150836 -7.33631e-19)
(0.327557 0.0903041 9.87414e-19)
(0.142934 0.0393731 7.36975e-20)
(0.0224311 0.00637615 -1.37727e-18)
(0.479288 0.173677 -5.13066e-21)
(1.05992 0.368717 -1.23633e-20)
(1.28949 0.467037 9.29422e-20)
(1.33895 0.489348 -1.01408e-19)
(1.31763 0.497927 8.55571e-20)
(1.26286 0.490954 -8.22071e-20)
(1.19607 0.476789 1.65529e-19)
(1.13006 0.460999 -7.32643e-20)
(1.06296 0.440427 -3.05608e-19)
(0.996323 0.414115 4.87323e-23)
(0.937103 0.384673 -2.96133e-19)
(0.892673 0.355756 -3.65621e-19)
(0.863115 0.328101 2.25872e-19)
(0.839204 0.306581 -1.31883e-19)
(0.790473 0.279047 3.15437e-19)
(0.692102 0.232679 0)
(0.528682 0.173782 -4.54718e-19)
(0.330606 0.10759 6.7154e-19)
(0.153011 0.0501779 1.27221e-18)
(0.0288789 0.00972542 -1.49659e-18)
(0.464875 0.191234 -3.34655e-20)
(1.04696 0.412929 1.03776e-20)
(1.28282 0.524414 -5.74115e-20)
(1.33299 0.54837 1.05147e-19)
(1.30982 0.556436 1.18254e-20)
(1.2536 0.545991 -1.61683e-19)
(1.18524 0.528285 -9.55323e-20)
(1.11726 0.508903 -9.28312e-20)
(1.04726 0.484471 -1.71914e-19)
(0.976024 0.454224 2.76944e-19)
(0.911803 0.41936 2.99715e-19)
(0.867769 0.38681 5.80232e-19)
(0.837019 0.361454 0)
(0.803789 0.333819 6.19592e-21)
(0.761292 0.303006 -8.65151e-19)
(0.674284 0.261987 2.01737e-19)
(0.523058 0.197372 9.81688e-19)
(0.335319 0.126595 -2.89608e-19)
(0.161301 0.0611714 6.03356e-19)
(0.0338027 0.013101 -5.03348e-20)
(0.455284 0.209676 5.92032e-21)
(1.03597 0.456293 3.38311e-20)
(1.27422 0.579675 -2.78905e-20)
(1.32441 0.604992 1.22112e-19)
(1.29969 0.611997 -1.78305e-19)
(1.24226 0.598352 1.61013e-19)
(1.17271 0.577851 9.89054e-20)
(1.10318 0.55557 2.78086e-19)
(1.03117 0.528402 3.46118e-19)
(0.958715 0.49565 -3.18611e-19)
(0.896563 0.458117 0)
(0.84826 0.423755 -2.18839e-19)
(0.811511 0.392683 2.51249e-19)
(0.786884 0.364422 3.16591e-19)
(0.738716 0.334352 -1.82995e-19)
(0.651491 0.283462 -4.46822e-19)
(0.508391 0.219304 -1.33452e-19)
(0.331998 0.142418 -1.53939e-21)
(0.163534 0.0703231 0)
(0.036303 0.0155776 0)
(0.446943 0.225588 -6.04632e-20)
(1.02331 0.496099 0)
(1.26326 0.631129 -1.37911e-20)
(1.31355 0.658468 -7.3399e-21)
(1.28762 0.664935 2.00608e-19)
(1.22935 0.648487 -5.13125e-20)
(1.15872 0.625251 1.00326e-19)
(1.08776 0.600106 -1.88452e-19)
(1.0142 0.569647 2.62115e-19)
(0.939177 0.532461 -1.0374e-19)
(0.87032 0.490345 1.712e-19)
(0.818733 0.452649 6.93372e-19)
(0.787967 0.420842 1.40665e-20)
(0.750906 0.389242 -3.29943e-19)
(0.710627 0.353493 6.109e-19)
(0.631763 0.310312 4.21361e-21)
(0.497227 0.239037 1.42774e-19)
(0.325915 0.15683 -6.81228e-19)
(0.16006 0.07743 7.00752e-19)
(0.0362759 0.0169566 -8.27033e-19)
(0.440212 0.243378 3.4425e-23)
(1.01185 0.534719 0)
(1.25157 0.680304 0)
(1.30145 0.709406 -7.23051e-21)
(1.27446 0.714815 -6.06811e-20)
(1.21538 0.695772 7.60399e-20)
(1.1441 0.670369 -1.88386e-19)
(1.07238 0.642862 0)
(0.997459 0.610328 -3.86271e-19)
(0.919927 0.571532 4.60713e-19)
(0.851369 0.528232 4.86529e-19)
(0.802359 0.485414 -2.54509e-19)
(0.760486 0.448368 -3.07247e-19)
(0.734433 0.415686 7.20079e-19)
(0.688482 0.38195 -2.16932e-19)
(0.608666 0.326002 -2.5915e-19)
(0.479439 0.256142 -1.55189e-19)
(0.317106 0.168009 -7.34279e-19)
(0.154877 0.0818829 1.06864e-19)
(0.0346795 0.0178825 8.91841e-19)
(0.435835 0.261704 -3.18374e-20)
(1.0005 0.570751 -4.02094e-20)
(1.23877 0.72594 2.36513e-20)
(1.2882 0.75715 -1.48997e-22)
(1.26038 0.762041 -5.81889e-20)
(1.20084 0.740738 1.25583e-19)
(1.12906 0.713197 0)
(1.0564 0.68348 1.13158e-19)
(0.979862 0.648494 -8.92261e-20)
(0.900948 0.606166 7.67174e-19)
(0.828564 0.557284 -1.11177e-19)
(0.772651 0.51107 1.26057e-19)
(0.737298 0.473414 0)
(0.699484 0.437111 -3.89709e-19)
(0.660321 0.396076 4.71587e-19)
(0.588407 0.348624 0)
(0.465526 0.26982 -3.34687e-19)
(0.304852 0.177464 9.83938e-19)
(0.14709 0.0842775 1.16011e-19)
(0.0317248 0.0180999 -1.09743e-18)
(0.433368 0.278644 -8.31064e-20)
(0.990615 0.605553 1.06675e-19)
(1.22599 0.769427 0)
(1.27464 0.802432 3.7338e-21)
(1.24607 0.806375 0)
(1.18602 0.782932 -1.59749e-19)
(1.11383 0.753679 0)
(1.04053 0.722173 0)
(0.962838 0.685456 -1.17202e-19)
(0.881446 0.641837 -7.29058e-19)
(0.806513 0.591789 -8.9835e-19)
(0.751461 0.541791 1.47111e-19)
(0.709749 0.497206 5.30069e-19)
(0.682565 0.458734 4.28685e-19)
(0.639013 0.420813 -1.51282e-18)
(0.565118 0.358469 -6.0768e-19)
(0.444422 0.281567 3.55688e-19)
(0.290673 0.182234 0)
(0.138029 0.0849373 9.97104e-19)
(0.0283661 0.0173948 -1.18194e-18)
(0.431711 0.294338 1.01393e-19)
(0.980748 0.637856 -1.25711e-19)
(1.21283 0.809588 0)
(1.26062 0.844542 -1.09457e-20)
(1.23142 0.848153 4.37229e-21)
(1.1711 0.822972 0)
(1.09861 0.792029 5.75028e-20)
(1.02463 0.758776 7.77608e-20)
(0.945701 0.720395 -2.20964e-19)
(0.862876 0.674173 9.67671e-20)
(0.78535 0.619278 0)
(0.725234 0.565716 6.09012e-19)
(0.686203 0.520745 4.83779e-21)
(0.647093 0.477087 2.31176e-19)
(0.61038 0.428507 2.74582e-19)
(0.543236 0.376364 0)
(0.428245 0.288663 -5.82059e-19)
(0.275304 0.185626 1.14281e-18)
(0.128469 0.0840412 -1.20832e-18)
(0.0249152 0.0163372 2.54472e-18)
(0.430466 0.309244 0)
(0.971805 0.669054 0)
(1.20014 0.847776 -6.0366e-20)
(1.24679 0.884414 0)
(1.21699 0.887264 0)
(1.15634 0.860402 -1.34193e-19)
(1.08367 0.82816 5.88444e-20)
(1.0093 0.793592 1.75386e-20)
(0.929301 0.753941 -5.06713e-20)
(0.843617 0.706478 0)
(0.762512 0.650617 -1.36405e-19)
(0.701495 0.594698 -4.96695e-19)
(0.655854 0.541519 -5.97732e-19)
(0.62918 0.494291 -2.4011e-19)
(0.588134 0.449525 2.97569e-19)
(0.51958 0.378745 -7.01675e-19)
(0.405334 0.294007 1.25235e-18)
(0.259386 0.184648 2.73571e-21)
(0.118855 0.0819625 -1.1592e-18)
(0.0219326 0.0150312 -1.71611e-19)
(0.42931 0.323772 0)
(0.963014 0.698341 -1.03914e-19)
(1.18748 0.882993 7.50673e-20)
(1.23293 0.9213 0)
(1.20263 0.923984 0)
(1.14187 0.895865 2.69941e-19)
(1.06914 0.862357 0)
(0.994238 0.826435 0)
(0.913023 0.785604 -4.83712e-19)
(0.82604 0.736686 1.33035e-19)
(0.742874 0.677697 -1.20952e-18)
(0.676657 0.61738 0)
(0.632898 0.563403 -6.47787e-19)
(0.591317 0.51024 1.06807e-20)
(0.557032 0.450137 -9.55451e-19)
(0.496112 0.390223 3.77651e-19)
(0.389608 0.292602 1.78838e-21)
(0.245921 0.182103 -1.31916e-18)
(0.111079 0.0786956 6.25231e-19)
(0.018887 0.0134321 1.83602e-19)
(0.428289 0.33795 0)
(0.955094 0.726651 -1.47337e-19)
(1.17545 0.916591 7.94398e-20)
(1.21956 0.956298 9.58162e-20)
(1.18876 0.958316 -1.55909e-20)
(1.12783 0.928892 2.71447e-20)
(1.05508 0.894459 -3.61999e-20)
(0.979832 0.857613 4.6755e-19)
(0.897427 0.815824 5.17436e-19)
(0.80763 0.765921 1.01419e-18)
(0.720671 0.706194 1.00501e-18)
(0.651812 0.644143 1.76355e-19)
(0.599608 0.583085 9.31983e-19)
(0.571033 0.524164 5.74929e-19)
(0.532031 0.467262 6.85941e-19)
(0.471344 0.382189 -4.13582e-19)
(0.366706 0.287916 -4.81861e-19)
(0.234261 0.17155 5.64799e-19)
(0.107433 0.0782067 -3.35154e-19)
(0.0212933 0.0186048 5.94154e-19)
(0.427336 0.351718 2.09547e-19)
(0.947452 0.753211 2.30417e-19)
(1.1636 0.947579 4.67996e-20)
(1.20638 0.988551 1.62885e-20)
(1.17517 0.990453 1.68863e-20)
(1.11425 0.960134 -7.50338e-20)
(1.04152 0.924802 3.49983e-20)
(0.965807 0.88696 -2.04043e-20)
(0.882477 0.844416 -6.01442e-19)
(0.79187 0.793866 -1.10033e-18)
(0.703018 0.733078 6.97943e-20)
(0.628458 0.667631 0)
(0.5772 0.605244 0)
(0.529422 0.54014 -2.99589e-19)
(0.495007 0.460621 -1.12148e-18)
(0.442884 0.384163 8.90881e-19)
(0.356214 0.26689 5.27475e-19)
(0.240613 0.153521 0)
(0.120179 0.0530509 1.06898e-18)
(0.0148449 -0.006686 -6.34993e-19)
(0.426509 0.364884 -1.11066e-19)
(0.940438 0.778615 9.8444e-20)
(1.15238 0.977179 -1.13632e-19)
(1.19381 1.01924 -8.89993e-20)
(1.16218 1.02049 -1.00462e-20)
(1.10118 0.989127 -2.39164e-20)
(1.02856 0.953167 0)
(0.952697 0.914789 -5.87195e-19)
(0.868507 0.871686 7.40664e-20)
(0.775175 0.820499 0)
(0.681598 0.75903 0)
(0.604071 0.693269 1.12124e-19)
(0.541856 0.625446 1.50495e-19)
(0.505385 0.552609 -3.23276e-19)
(0.463557 0.47677 8.05161e-19)
(0.408547 0.36144 -9.70745e-19)
(0.325043 0.245203 -1.12829e-18)
(0.243774 0.132203 9.98602e-19)
(0.173114 0.092156 -3.80945e-19)
(0.113143 0.0804747 2.21766e-19)
(0.425594 0.377285 1.40736e-19)
(0.933596 0.802332 0)
(1.14134 1.00437 0)
(1.18149 1.04736 -2.39496e-20)
(1.14958 1.04852 1.93882e-20)
(1.08868 1.01652 -2.08708e-20)
(1.01623 0.979972 1.53835e-19)
(0.940106 0.940927 6.01462e-19)
(0.855193 0.897423 1.09037e-18)
(0.761113 0.846151 -8.256e-20)
(0.666108 0.785016 1.70354e-19)
(0.58312 0.718068 -1.00236e-18)
(0.5201 0.649616 -9.96984e-19)
(0.459003 0.572768 -1.73299e-19)
(0.412532 0.466198 0)
(0.365008 0.364063 -7.96676e-21)
(0.298201 0.179262 6.20632e-19)
(0.266853 0.0310404 -1.04574e-18)
(0.22846 -0.0843854 7.95126e-19)
(0.0834322 -0.0968432 6.59789e-19)
(0.424663 0.389221 -3.11448e-19)
(0.927086 0.82487 -1.4098e-19)
(1.13082 1.03047 6.9961e-21)
(1.16972 1.0744 5.37444e-20)
(1.13745 1.075 0)
(1.07656 1.04224 -8.15503e-20)
(1.00429 1.00538 -2.20472e-19)
(0.928142 0.966219 -1.49327e-21)
(0.842464 0.922544 -5.7134e-19)
(0.745714 0.871032 -8.0971e-20)
(0.646195 0.809864 7.52075e-20)
(0.559315 0.744128 8.80404e-19)
(0.482467 0.67296 9.73111e-19)
(0.430557 0.587116 1.68549e-19)
(0.374309 0.49314 8.62213e-19)
(0.29449 0.333494 0)
(0.177513 0.165504 0)
(0.00707689 0.211421 7.21621e-19)
(-0.0773621 0.629675 -3.03681e-20)
(0.00628023 1.53439 -8.86065e-19)
(0.423599 0.400518 1.72318e-19)
(0.9208 0.846149 3.93485e-19)
(1.12045 1.05462 -5.36277e-19)
(1.1581 1.09941 2.65086e-19)
(1.12557 1.10016 -5.34294e-21)
(1.06479 1.0672 -3.577e-20)
(0.992709 1.03023 0)
(0.916265 0.990897 -5.01455e-19)
(0.829823 0.947423 0)
(0.732535 0.896716 1.14179e-18)
(0.631751 0.837511 -9.11725e-20)
(0.538341 0.77299 1.0223e-19)
(0.462453 0.704214 1.11142e-18)
(0.376924 0.623679 -3.65167e-19)
(0.282795 0.491492 -4.39202e-19)
(0.199367 0.390289 0)
(0.0903836 0.512462 0)
(0.026747 1.32303 0)
(0.0728981 2.45961 -4.10048e-19)
(0.100674 2.90903 -2.52083e-19)
(0.422361 0.411241 0)
(0.914718 0.86617 0)
(1.11059 1.07786 1.96019e-19)
(1.14708 1.12366 -2.14823e-19)
(1.11418 1.1241 9.14847e-20)
(1.0534 1.09074 4.18412e-20)
(0.981475 1.05387 2.82534e-20)
(0.905021 1.01498 -2.19976e-20)
(0.81804 0.972027 8.03419e-20)
(0.718387 0.921934 -1.31033e-18)
(0.612837 0.863188 1.6543e-19)
(0.516638 0.801823 8.77422e-19)
(0.422368 0.735016 -1.10753e-18)
(0.346327 0.641604 -1.21296e-18)
(0.267863 0.553533 4.08623e-19)
(0.192791 0.685721 0)
(0.124346 1.55059 5.67854e-19)
(0.124943 2.69108 6.25359e-19)
(0.133066 3.08719 -6.99308e-19)
(0.124511 3.22183 7.52713e-19)
(0.421004 0.421604 0)
(0.908924 0.885079 3.50561e-19)
(1.10093 1.09926 -4.90801e-20)
(1.13628 1.14587 3.04951e-19)
(1.10312 1.14671 -9.6028e-20)
(1.04247 1.11349 0)
(0.970725 1.0769 0)
(0.894041 1.03827 0)
(0.806481 0.996141 4.53826e-19)
(0.70642 0.947682 6.05859e-20)
(0.599605 0.892167 0)
(0.496246 0.834071 -8.72872e-19)
(0.410633 0.771583 0)
(0.296655 0.692364 8.68354e-19)
(0.206391 0.760188 -5.84202e-19)
(0.156622 1.46086 -4.70435e-19)
(0.158875 2.6791 -1.10455e-18)
(0.180328 3.12674 -5.82888e-19)
(0.171179 3.26772 -7.94054e-19)
(0.157056 3.30804 6.05416e-19)
(0.419574 0.431093 -1.22814e-19)
(0.90324 0.902667 1.54059e-20)
(1.09177 1.1199 -5.48175e-20)
(1.12611 1.16759 -2.35067e-19)
(1.09258 1.16831 0)
(1.03193 1.13497 0)
(0.960319 1.09877 0)
(0.883716 1.06102 3.49046e-20)
(0.795838 1.01993 -5.73544e-19)
(0.693686 0.972763 0)
(0.583413 0.918648 0)
(0.481382 0.864879 0)
(0.368367 0.804281 0)
(0.305576 0.784038 6.33657e-19)
(0.272304 1.1689 1.55812e-18)
(0.251218 2.37986 4.62186e-19)
(0.264136 3.08314 9.33351e-19)
(0.2586 3.28391 -7.15633e-19)
(0.20963 3.34979 2.65087e-19)
(0.176944 3.36245 0)
(0.418067 0.440304 1.26586e-19)
(0.89771 0.919834 -7.80626e-19)
(1.08259 1.13938 -2.09114e-19)
(1.11591 1.18787 -4.57097e-20)
(1.08215 1.18919 2.2284e-20)
(1.02167 1.15626 -6.92853e-20)
(0.950281 1.12062 -3.91441e-21)
(0.873537 1.08338 -3.92365e-19)
(0.785227 1.04352 0)
(0.683175 0.998716 -7.64354e-20)
(0.572401 0.949168 6.95326e-20)
(0.461792 0.898129 0)
(0.374906 0.853076 0)
(0.320184 0.970062 -7.92662e-19)
(0.275476 1.85465 9.74596e-20)
(0.271555 2.94235 -3.46803e-19)
(0.293481 3.28822 7.24158e-19)
(0.266106 3.3869 5.26437e-19)
(0.20025 3.41141 -7.1627e-19)
(0.175374 3.42084 3.55614e-19)
(0.41617 0.449698 2.49582e-19)
(0.891586 0.937025 7.62283e-19)
(1.07308 1.15986 2.50778e-19)
(1.10554 1.20951 0)
(1.07146 1.2107 0)
(1.01106 1.17765 5.43112e-20)
(0.939923 1.14243 7.53315e-20)
(0.863462 1.10622 3.50032e-19)
(0.775164 1.06758 2.26079e-20)
(0.671565 1.02444 9.80003e-19)
(0.558952 0.976519 -1.15286e-18)
(0.449081 0.928341 0)
(0.370001 0.925837 0)
(0.335274 1.33473 -5.39821e-19)
(0.336985 2.48487 -6.49176e-19)
(0.379894 3.19834 0)
(0.404402 3.37071 -7.31686e-19)
(0.334572 3.43354 4.916e-20)
(0.2647 3.47816 3.44704e-19)
(0.242023 3.5035 -1.13922e-19)
(0.413955 0.459499 -4.75422e-19)
(0.885057 0.955575 -3.66365e-19)
(1.06257 1.18076 0)
(1.09409 1.23099 0)
(1.05994 1.23283 0)
(0.999901 1.20015 0)
(0.929214 1.16542 -8.80809e-20)
(0.852849 1.12957 3.09202e-19)
(0.764484 1.09216 0)
(0.661969 1.05173 -8.92477e-19)
(0.549959 1.00902 2.06833e-18)
(0.440465 0.97229 8.42928e-20)
(0.388412 1.05116 1.11567e-19)
(0.388183 1.75002 8.80276e-19)
(0.402917 2.89959 -4.73177e-19)
(0.440461 3.32111 0)
(0.423587 3.44487 2.04567e-19)
(0.337893 3.53308 9.22652e-20)
(0.261656 3.5971 1.50856e-19)
(0.18635 3.57656 -1.23879e-20)
(0.411124 0.469723 2.2649e-19)
(0.877338 0.974393 -3.75575e-19)
(1.0513 1.20337 0)
(1.08209 1.25471 -6.67528e-20)
(1.0477 1.25612 2.28032e-19)
(0.987926 1.22303 0)
(0.917751 1.18848 0)
(0.842065 1.15357 -5.37344e-19)
(0.754301 1.11727 -5.74244e-20)
(0.65097 1.07835 8.7563e-19)
(0.535858 1.03668 -9.82839e-19)
(0.446125 1.01684 5.7227e-19)
(0.407843 1.23347 0)
(0.424768 2.18373 -4.66827e-19)
(0.467444 3.14526 3.06149e-19)
(0.530561 3.42493 1.91388e-19)
(0.52295 3.52169 0)
(0.459714 3.60367 -3.86565e-20)
(0.389194 3.64503 -4.15603e-19)
(0.308263 3.61637 -9.70622e-20)
(0.40784 0.480236 -4.52791e-19)
(0.869191 0.995143 5.38161e-19)
(1.03883 1.2264 3.71057e-19)
(1.06875 1.27791 -9.18819e-20)
(1.03445 1.27992 -3.4891e-19)
(0.975324 1.24707 0)
(0.905939 1.21288 6.1561e-21)
(0.830686 1.17804 1.9513e-19)
(0.743341 1.14278 3.10224e-20)
(0.6422 1.1066 -7.56506e-19)
(0.528069 1.07223 -5.22738e-20)
(0.448346 1.08242 -6.45904e-19)
(0.444561 1.46382 7.02489e-19)
(0.496381 2.55034 1.53288e-19)
(0.562242 3.3081 -2.68659e-19)
(0.61451 3.47704 1.36151e-19)
(0.574825 3.52863 0)
(0.516588 3.53281 0)
(0.422294 3.49772 -6.86195e-19)
(0.192663 3.28898 1.26792e-18)
(0.403569 0.49085 2.173e-19)
(0.85927 1.01561 5.31468e-19)
(1.02544 1.2513 -3.79938e-19)
(1.05487 1.30384 3.35112e-19)
(1.02046 1.30499 3.67137e-19)
(0.961867 1.27136 0)
(0.893367 1.23702 2.69082e-21)
(0.819332 1.20296 1.61588e-19)
(0.733311 1.16855 0)
(0.632093 1.13335 0)
(0.523944 1.10289 0)
(0.459968 1.15687 0)
(0.486996 1.70027 -7.92632e-19)
(0.555637 2.85508 -2.03711e-19)
(0.630606 3.39636 0)
(0.67398 3.49013 -2.1509e-20)
(0.672374 3.49602 0)
(0.749431 3.33727 1.44841e-19)
(0.845325 2.9687 -1.8026e-18)
(0.449477 2.58999 1.88715e-18)
(0.398894 0.50114 -4.44084e-19)
(0.848939 1.03877 -3.41109e-19)
(1.01057 1.27666 -2.53023e-19)
(1.03931 1.32886 -3.1342e-19)
(1.00524 1.33052 -1.7948e-19)
(0.947698 1.29699 0)
(0.880442 1.26283 5.15027e-21)
(0.807251 1.2285 -4.31583e-20)
(0.722169 1.19474 -2.32629e-19)
(0.62415 1.16198 0)
(0.520405 1.14252 5.13794e-20)
(0.475421 1.25557 -5.84201e-20)
(0.534612 1.95343 0)
(0.629663 3.07976 2.66372e-19)
(0.72108 3.43944 0)
(0.75294 3.47675 -1.04673e-19)
(0.756579 3.3863 2.87419e-19)
(0.749884 3.00583 -1.42947e-19)
(0.505123 1.99585 2.80271e-19)
(-0.344507 0.500137 -6.8314e-19)
(0.392128 0.511377 -1.34265e-20)
(0.835813 1.06061 -1.74849e-19)
(0.994313 1.30412 3.48543e-19)
(1.02292 1.35762 -1.96211e-20)
(0.988869 1.35806 -5.76515e-20)
(0.932195 1.32349 0)
(0.866235 1.28896 6.28527e-20)
(0.794856 1.25543 -8.44772e-20)
(0.711909 1.22254 4.17184e-19)
(0.611747 1.19037 -5.10537e-19)
(0.523092 1.17931 -6.08349e-19)
(0.50196 1.36796 0)
(0.590749 2.25241 4.01534e-19)
(0.694991 3.21677 -5.43689e-20)
(0.768267 3.42052 3.10708e-20)
(0.775454 3.41157 0)
(0.705653 3.18145 -1.50765e-19)
(0.536161 2.40445 1.60595e-19)
(0.104082 0.639022 -1.90608e-19)
(-0.251171 -0.400229 -1.75759e-19)
(0.384447 0.522055 4.16472e-19)
(0.822386 1.08618 -1.71556e-19)
(0.976091 1.33218 2.46699e-19)
(1.00432 1.38503 1.90293e-19)
(0.970934 1.38617 1.16207e-19)
(0.915801 1.35181 2.19395e-19)
(0.851608 1.3176 -1.4153e-19)
(0.781515 1.28372 1.97728e-20)
(0.700004 1.25135 -3.06934e-19)
(0.603523 1.22257 3.28692e-20)
(0.526884 1.22976 9.73661e-20)
(0.529878 1.5176 -3.99125e-19)
(0.642975 2.51654 1.08329e-19)
(0.755127 3.29021 -2.1158e-19)
(0.818954 3.3948 3.06842e-20)
(0.796155 3.31686 8.2795e-20)
(0.669579 2.869 -2.17467e-19)
(0.410781 1.64407 1.41071e-19)
(0.0606327 0.052132 0)
(-0.0800658 -0.162911 -3.03825e-19)
(0.374444 0.530658 0)
(0.804894 1.10828 -6.51399e-19)
(0.95604 1.362 2.38833e-20)
(0.984815 1.41686 -3.12399e-19)
(0.9516 1.41648 0)
(0.897803 1.38092 -1.6254e-19)
(0.835432 1.3462 1.44672e-19)
(0.767903 1.31323 -1.84971e-20)
(0.689649 1.28194 2.17977e-19)
(0.595968 1.25537 3.6654e-19)
(0.530582 1.2795 4.7034e-19)
(0.56639 1.67038 4.76635e-20)
(0.701262 2.7606 -2.94907e-19)
(0.808774 3.32205 1.46763e-20)
(0.842705 3.35286 2.01004e-21)
(0.767234 3.13765 8.35446e-20)
(0.53109 2.3327 9.2761e-20)
(0.117526 0.449564 -1.0994e-19)
(-0.136655 -0.246285 0)
(-0.115795 -0.208074 0)
(0.363217 0.539457 -4.02135e-19)
(0.787008 1.13488 6.46874e-19)
(0.933634 1.39219 0)
(0.962549 1.4463 0)
(0.930397 1.44689 0)
(0.878892 1.4117 0)
(0.818957 1.37744 -7.72642e-20)
(0.753317 1.34396 -1.59402e-20)
(0.677294 1.31309 -3.45197e-20)
(0.590461 1.29069 3.83607e-20)
(0.539347 1.34545 -3.90394e-19)
(0.600915 1.85266 2.83807e-19)
(0.752941 2.94677 0)
(0.846193 3.32011 3.64129e-20)
(0.867393 3.28918 6.61638e-20)
(0.72798 2.87634 -2.55471e-20)
(0.398076 1.69491 1.08179e-19)
(0.0147588 -0.0366847 6.15846e-20)
(-0.158237 -0.203804 -2.55545e-19)
(-0.0584352 -0.137943 -2.99299e-19)
(0.348073 0.54453 2.03806e-19)
(0.763062 1.1544 3.02507e-19)
(0.909115 1.42323 -9.25306e-21)
(0.939238 1.48073 1.6581e-19)
(0.907401 1.47945 0)
(0.857966 1.44294 3.10152e-19)
(0.800461 1.40795 -6.33392e-20)
(0.738254 1.3754 1.78932e-20)
(0.665249 1.34543 -3.5723e-20)
(0.585415 1.32755 2.78115e-20)
(0.549531 1.41293 2.63415e-19)
(0.645853 2.05362 -1.31169e-19)
(0.80382 3.07154 -1.11929e-19)
(0.885092 3.31283 2.80984e-21)
(0.866351 3.19048 -3.52385e-20)
(0.634671 2.52287 1.51772e-19)
(0.193959 0.752353 -8.54729e-20)
(-0.0839833 -0.276941 1.25028e-19)
(-0.131267 -0.225177 -3.80246e-19)
(-0.0600609 -0.126596 2.65808e-19)
(0.330625 0.548765 -1.90639e-19)
(0.738356 1.17856 0)
(0.881965 1.4541 -2.22003e-19)
(0.912356 1.51132 -3.19939e-19)
(0.88216 1.51141 0)
(0.836177 1.47545 -2.42353e-19)
(0.781789 1.44103 0)
(0.722191 1.40766 -1.15328e-19)
(0.650757 1.378 -2.24917e-20)
(0.582092 1.36611 7.2264e-20)
(0.564158 1.49566 -1.2897e-19)
(0.685427 2.25571 7.26633e-20)
(0.844275 3.14039 1.75832e-19)
(0.909246 3.28308 1.34947e-20)
(0.850249 3.04184 -3.53399e-20)
(0.535226 2.09727 -5.12871e-20)
(0.0787134 0.127976 1.30455e-19)
(-0.182149 -0.270668 -1.46095e-19)
(-0.104908 -0.211145 4.43914e-22)
(-0.0451985 -0.0740817 -2.77617e-20)
(0.308638 0.546934 3.79478e-19)
(0.707352 1.19278 -2.90276e-19)
(0.852198 1.48372 2.36685e-19)
(0.884058 1.54719 1.54173e-19)
(0.854729 1.5451 2.80524e-20)
(0.811845 1.50779 1.52973e-19)
(0.760404 1.4724 0)
(0.705246 1.43984 -3.78322e-20)
(0.637716 1.41156 0)
(0.578189 1.40688 -6.75862e-20)
(0.579016 1.58043 1.27903e-19)
(0.730861 2.43147 -3.5294e-21)
(0.884434 3.18679 -6.10739e-20)
(0.934772 3.24918 4.11604e-20)
(0.815984 2.8604 -1.38151e-20)
(0.3925 1.54616 6.45962e-20)
(-0.0509821 -0.126399 -1.96539e-19)
(-0.224823 -0.263026 -1.12505e-19)
(-0.125027 -0.246782 -4.44652e-20)
(-0.0635985 -0.0778967 2.0744e-19)
(0.284411 0.542226 4.2901e-21)
(0.675805 1.21205 1.49043e-19)
(0.818714 1.5117 0)
(0.851095 1.57693 2.8992e-19)
(0.824919 1.57747 -4.12834e-19)
(0.786728 1.54083 1.54708e-19)
(0.739011 1.50611 -1.03202e-19)
(0.687592 1.47219 9.64349e-20)
(0.623027 1.44488 -8.52085e-20)
(0.574203 1.44792 -2.28775e-21)
(0.596042 1.67021 2.86547e-20)
(0.769734 2.58783 4.98563e-20)
(0.912147 3.19355 3.6352e-20)
(0.936645 3.19227 -6.25898e-20)
(0.754561 2.6144 -6.37181e-20)
(0.28885 1.05813 1.22049e-19)
(-0.0613578 -0.244212 -1.19328e-19)
(-0.224608 -0.298275 7.98072e-20)
(-0.124058 -0.276436 1.4689e-21)
(-0.0735828 -0.0986796 -1.81933e-19)
(0.255161 0.526824 7.06508e-19)
(0.635811 1.21432 -1.48646e-19)
(0.781895 1.53594 -4.0522e-19)
(0.816743 1.61124 3.28957e-19)
(0.792915 1.61043 -1.80507e-19)
(0.758249 1.57248 2.98956e-19)
(0.714032 1.5367 1.60473e-19)
(0.66832 1.50354 0)
(0.610005 1.47767 9.79567e-20)
(0.569141 1.49041 -1.41633e-20)
(0.611847 1.7571 -1.32502e-20)
(0.810393 2.70746 -5.22929e-21)
(0.936065 3.19746 1.95938e-20)
(0.946051 3.13451 9.13539e-21)
(0.700281 2.42455 -9.78837e-20)
(0.170436 0.494035 -4.09442e-20)
(-0.0570863 -0.269951 1.25086e-19)
(-0.145858 -0.311002 5.55745e-20)
(-0.114127 -0.280088 1.78562e-20)
(-0.0582116 -0.111861 1.55349e-19)
(0.223134 0.504231 0)
(0.594785 1.22097 1.38413e-19)
(0.739973 1.55621 -1.83965e-19)
(0.777049 1.63652 3.19132e-19)
(0.758614 1.64118 -3.94233e-19)
(0.728843 1.60432 1.64196e-19)
(0.689352 1.56926 0)
(0.648328 1.53413 0)
(0.596526 1.50865 0)
(0.56183 1.5309 2.02799e-20)
(0.626114 1.83478 -1.90069e-20)
(0.837695 2.79604 1.98408e-20)
(0.951094 3.19502 5.50548e-20)
(0.933162 3.0616 5.0468e-20)
(0.622673 2.17116 -8.81882e-20)
(0.100322 0.212964 7.00983e-20)
(-0.11107 -0.266872 2.6466e-21)
(-0.116832 -0.322367 -1.27119e-19)
(-0.092838 -0.24653 1.50693e-20)
(-0.0324188 -0.0873631 0)
(0.185926 0.464277 6.48129e-19)
(0.542988 1.1993 -1.29431e-19)
(0.694781 1.56909 4.65712e-21)
(0.736782 1.66575 0)
(0.721556 1.66954 -1.89313e-19)
(0.695502 1.63289 1.83694e-20)
(0.660245 1.59671 0)
(0.626031 1.56254 4.91083e-20)
(0.582212 1.53743 -3.87509e-20)
(0.555803 1.56874 0)
(0.63699 1.89977 0)
(0.865898 2.85788 -3.60425e-20)
(0.961759 3.19625 -7.90456e-20)
(0.926606 2.99769 -6.81711e-21)
(0.583743 2.00011 -2.1774e-20)
(0.0449724 0.0367527 3.19546e-20)
(-0.146003 -0.271685 0)
(-0.117954 -0.34401 -7.43803e-20)
(-0.0860546 -0.250272 -1.15632e-19)
(-0.0075805 -0.072716 2.74636e-19)
(0.145968 0.410396 5.34987e-19)
(0.4905 1.17998 -1.24038e-19)
(0.642948 1.57253 1.75204e-19)
(0.689974 1.68186 -4.35078e-19)
(0.681746 1.69503 0)
(0.661448 1.66161 0)
(0.631845 1.62574 0)
(0.603228 1.5893 5.17013e-20)
(0.566826 1.56271 -4.07916e-20)
(0.54526 1.59933 0)
(0.64547 1.9522 0)
(0.878867 2.89071 1.14812e-19)
(0.967749 3.20236 -4.94679e-20)
(0.899886 2.96435 6.58275e-20)
(0.52087 1.81096 6.95575e-20)
(-0.042525 0.0876655 0)
(-0.221632 -0.19028 -2.44619e-20)
(-0.202786 -0.315579 -2.19216e-20)
(-0.101463 -0.250552 2.31372e-19)
(0.0378792 0.0552753 -2.76818e-19)
(0.103074 0.332131 -4.97418e-19)
(0.424392 1.11345 1.30525e-19)
(0.58844 1.56301 3.69065e-19)
(0.643509 1.69993 2.50009e-19)
(0.638137 1.71362 -2.02457e-19)
(0.623562 1.68376 -1.33382e-19)
(0.598248 1.64696 9.06647e-20)
(0.577364 1.612 0)
(0.550418 1.58447 0)
(0.535115 1.62136 0)
(0.643912 1.97056 -7.31824e-20)
(0.902468 2.90731 -1.18263e-19)
(0.980328 3.22093 4.95678e-20)
(0.865101 2.97847 -1.96881e-20)
(0.445893 1.80958 6.22236e-20)
(-0.177059 0.310739 0)
(-0.388571 -0.299853 9.59169e-20)
(-0.427329 -0.574248 -3.28872e-19)
(-0.324859 -0.565027 7.66787e-19)
(-0.0399498 -0.0340838 -4.24115e-19)
(0.0555618 0.233035 5.26459e-19)
(0.35729 1.04582 -4.32513e-19)
(0.523381 1.53097 0)
(0.588364 1.69792 1.24069e-19)
(0.592825 1.73024 8.93962e-20)
(0.58459 1.70644 1.87786e-19)
(0.565402 1.66961 -8.47499e-20)
(0.549947 1.63143 0)
(0.531112 1.601 0)
(0.518873 1.63415 -1.43437e-19)
(0.636868 1.96304 -4.38291e-21)
(0.910284 2.8783 8.64434e-20)
(1.01783 3.22156 4.72499e-20)
(0.921099 3.03937 2.57391e-19)
(0.540336 1.87789 -5.08767e-19)
(-0.0229654 0.428278 8.07026e-19)
(-0.402187 -0.327019 -5.58748e-19)
(-0.494538 -0.916827 0)
(-0.486972 -1.12655 -3.64346e-20)
(-0.24171 -0.781059 1.12259e-18)
(0.0167483 0.143125 5.39296e-19)
(0.268641 0.900131 0)
(0.457628 1.47757 0)
(0.534107 1.69311 0)
(0.543627 1.73308 7.44965e-20)
(0.541928 1.71772 -1.86136e-19)
(0.526867 1.68142 -8.20201e-20)
(0.518935 1.64501 0)
(0.509641 1.61118 0)
(0.504765 1.63734 8.96733e-20)
(0.620196 1.9231 3.05936e-20)
(0.929036 2.8305 -4.14039e-20)
(1.10323 3.19802 4.08343e-20)
(1.14359 3.08272 1.51817e-19)
(0.955658 2.3515 -3.36717e-19)
(0.529694 1.01082 4.25417e-19)
(0.0361706 0.0544664 -4.66581e-19)
(-0.238562 -0.972885 0)
(-0.410249 -1.38723 3.45967e-20)
(-0.268274 -1.27236 6.86346e-19)
(-0.00286363 0.0780947 -5.02919e-19)
(0.182888 0.750243 1.73265e-19)
(0.376859 1.36992 2.67536e-19)
(0.471446 1.65471 -1.56719e-20)
(0.49417 1.73563 -1.61537e-19)
(0.497115 1.72987 -1.02704e-19)
(0.488055 1.6961 2.30009e-19)
(0.483027 1.65424 -5.99868e-21)
(0.481024 1.61365 0)
(0.480479 1.62621 2.39604e-20)
(0.583552 1.84973 -1.07781e-20)
(0.901619 2.66392 3.26827e-20)
(1.15706 3.09223 0)
(1.21411 2.97053 -5.71723e-20)
(1.15279 2.55349 0)
(0.935806 1.65335 -7.27916e-20)
(0.542437 0.638447 1.33265e-20)
(0.205245 -0.235638 0)
(-0.0367111 -1.08788 0)
(-0.20416 -1.38192 1.19585e-19)
(-0.0023499 0.0160001 4.03175e-19)
(0.0868435 0.43175 -1.51119e-19)
(0.313435 1.22781 1.19616e-19)
(0.411219 1.59849 -1.88169e-19)
(0.440051 1.71284 7.36295e-20)
(0.448747 1.72356 -2.47219e-20)
(0.443982 1.69986 1.51182e-20)
(0.441459 1.6583 -3.0892e-20)
(0.446396 1.60799 -1.9426e-20)
(0.453701 1.6045 -1.43955e-20)
(0.521233 1.74693 5.67458e-21)
(0.784492 2.46163 0)
(1.07353 2.91777 1.20157e-20)
(1.12768 2.86987 0)
(1.08554 2.59519 0)
(0.983599 2.02657 0)
(0.675221 1.14247 4.0803e-19)
(0.408268 0.332336 -9.51132e-19)
(0.154386 -0.468626 1.80469e-21)
(0.0199536 -0.724156 7.02141e-19)
(0.00716123 -0.0416672 7.16118e-20)
(0.0234557 0.167497 6.7203e-20)
(0.209163 0.937208 -5.4756e-20)
(0.343016 1.48183 -4.11414e-20)
(0.386956 1.68877 3.32585e-20)
(0.397562 1.71969 2.3076e-20)
(0.39563 1.70594 1.5978e-20)
(0.390233 1.65977 0)
(0.393416 1.59906 -7.85364e-21)
(0.402757 1.5727 -3.96433e-21)
(0.427032 1.64379 7.29057e-21)
(0.560823 2.12482 0)
(0.84678 2.77716 1.66765e-20)
(0.879105 2.77348 -3.19118e-20)
(0.863125 2.6394 0)
(0.796452 2.31059 0)
(0.609202 1.70247 -2.9501e-20)
(0.397281 1.02985 0)
(0.199471 0.409156 -2.31582e-20)
(0.0382467 -0.0432149 0)
(0.00517044 -0.0769317 0)
(0.0019691 0.0170841 0)
(0.0945425 0.569514 0)
(0.254274 1.27633 0)
(0.319767 1.60756 -8.19833e-34)
(0.340727 1.69846 6.06089e-34)
(0.341817 1.69675 0)
(0.336944 1.662 0)
(0.333317 1.59161 0)
(0.339668 1.54586 0)
(0.344047 1.58004 0)
(0.382388 1.91047 0)
(0.632406 2.61043 0)
(0.649925 2.74673 0)
(0.62887 2.70785 0)
(0.590672 2.53688 0)
(0.487806 2.1584 0)
(0.319767 1.57651 0)
(0.162302 1.02324 0)
(0.0387961 0.515705 0)
(-0.00401275 -0.0756201 0)
(0.00276662 -0.0636574 0)
(0.0297605 0.222709 0)
(0.180399 1.04211 0)
(0.251487 1.51345 0)
(0.277255 1.67081 0)
(0.281995 1.68742 0)
(0.279603 1.66241 0)
(0.27357 1.58815 0)
(0.276148 1.53106 0)
(0.280084 1.55242 0)
(0.2633 1.81838 0)
(0.470542 2.50759 0)
(0.493302 2.75622 0)
(0.460795 2.7669 0)
(0.43064 2.68466 0)
(0.366533 2.43093 0)
(0.24176 1.94873 0)
(0.116062 1.44869 0)
(0.02222 0.866804 0)
(-0.00420138 -0.0747463 0)
(0.0183141 -0.105015 0)
(0.0198272 0.0688823 0)
(0.111792 0.800068 0)
(0.191142 1.4059 0)
(0.215022 1.6368 0)
(0.219304 1.67524 0)
(0.219195 1.65825 0)
(0.212936 1.58863 0)
(0.213592 1.52881 0)
(0.226331 1.54592 0)
(0.177284 1.77221 0)
(0.33484 2.43985 0)
(0.363042 2.77333 0)
(0.325325 2.83184 0)
(0.29917 2.7983 0)
(0.253427 2.62603 0)
(0.16546 2.22624 0)
(0.0711104 1.74187 0)
(0.0106643 1.0792 0)
(0.00306578 -0.117716 0)
(0.0311704 -0.178175 0)
(0.033988 -0.0108574 0)
(0.065799 0.63143 0)
(0.129873 1.31426 0)
(0.149235 1.60246 0)
(0.154848 1.66433 0)
(0.16011 1.6535 0)
(0.156916 1.59159 0)
(0.157283 1.53367 0)
(0.180325 1.54984 0)
(0.11554 1.74654 0)
(0.229331 2.38992 0)
(0.25915 2.78919 0)
(0.222865 2.89002 0)
(0.195766 2.88288 0)
(0.164707 2.76332 0)
(0.105381 2.43254 0)
(0.0385239 1.9788 0)
(5.27011e-05 1.23028 0)
(0.00821508 -0.193479 0)
(0.0314067 -0.250504 0)
(0.0324247 -0.0232777 0)
(0.013756 0.595547 0)
(0.0554069 1.2701 0)
(0.0706282 1.57744 0)
(0.0864045 1.65114 0)
(0.0991348 1.64642 0)
(0.105901 1.59084 0)
(0.108158 1.53849 0)
(0.139112 1.55683 0)
(0.0737567 1.73347 0)
(0.150219 2.3587 0)
(0.174563 2.80196 0)
(0.144649 2.93576 0)
(0.119126 2.94851 0)
(0.0957824 2.86063 0)
(0.0530691 2.56388 0)
(0.00798777 2.10337 0)
(-0.0094057 1.25101 0)
(0.00734801 -0.254845 0)
(0.0198462 -0.287181 0)
(0.00271822 0.0315994 0)
(-0.036856 0.627774 0)
(-0.0246429 1.2528 0)
(-0.0113211 1.55475 0)
(0.0186391 1.63435 0)
(0.0421564 1.63303 0)
(0.0611582 1.58357 0)
(0.0643841 1.53914 0)
(0.100207 1.56168 0)
(0.0446611 1.72383 0)
(0.09615 2.33706 0)
(0.111164 2.81519 0)
(0.0852052 2.9731 0)
(0.0638532 3.00199 0)
(0.0498187 2.93017 0)
(0.0207355 2.65925 0)
(-0.00546306 2.19683 0)
(-0.0139837 1.23298 0)
(0.00346574 -0.27517 0)
(-0.0107402 -0.240268 0)
(-0.0445284 0.138693 0)
(-0.0894364 0.713939 0)
(-0.0905536 1.2528 0)
(-0.0762663 1.5191 0)
(-0.0408196 1.60119 0)
(-0.00936603 1.61056 0)
(0.0196514 1.5677 0)
(0.0265137 1.53157 0)
(0.0657896 1.56287 0)
(0.0231267 1.72017 0)
(0.0586807 2.32148 0)
(0.0645103 2.82172 0)
(0.0423677 2.99979 0)
(0.0258465 3.0395 0)
(0.0126989 2.97726 0)
(-0.00752148 2.70935 0)
(-0.0255679 2.21865 0)
(-0.0155864 1.17986 0)
(-0.00521443 -0.230736 0)
(-0.0321305 -0.141977 0)
(-0.0767262 0.247258 0)
(-0.118408 0.787327 0)
(-0.124966 1.24179 0)
(-0.110309 1.47108 0)
(-0.0763203 1.55567 0)
(-0.0463823 1.57751 0)
(-0.0113171 1.54413 0)
(-0.00256842 1.51675 0)
(0.0368252 1.55917 0)
(0.00678312 1.71821 0)
(0.0303159 2.31514 0)
(0.0289261 2.82953 0)
(0.0112054 3.01913 0)
(-0.00301131 3.06782 0)
(-0.0121539 3.00762 0)
(-0.0257642 2.73759 0)
(-0.0320293 2.21025 0)
(-0.0187547 1.08369 0)
(-0.00875796 -0.151215 0)
(-0.0392138 -0.0147551 0)
(-0.0865044 0.363546 0)
(-0.126297 0.851522 0)
(-0.13353 1.22693 0)
(-0.121293 1.42332 0)
(-0.0914517 1.50781 0)
(-0.0656532 1.53845 0)
(-0.0297751 1.51701 0)
(-0.0226189 1.49826 0)
(0.0156554 1.55317 0)
(-0.00809199 1.71628 0)
(0.0102811 2.3119 0)
(0.00226887 2.83414 0)
(-0.0103796 3.03402 0)
(-0.0215438 3.08665 0)
(-0.0299966 3.0247 0)
(-0.039028 2.74716 0)
(-0.0375944 2.18578 0)
(-0.0186884 0.979192 0)
(-0.00869944 -0.0646307 0)
(-0.0377686 0.109795 0)
(-0.0819042 0.465101 0)
(-0.117667 0.901322 0)
(-0.125128 1.21725 0)
(-0.115261 1.38696 0)
(-0.0917134 1.46808 0)
(-0.0723539 1.50186 0)
(-0.039493 1.49008 0)
(-0.0355925 1.4804 0)
(0.00179046 1.5473 0)
(-0.0190961 1.71842 0)
(-0.00769787 2.31579 0)
(-0.0166963 2.841 0)
(-0.0247893 3.04549 0)
(-0.0338558 3.09976 0)
(-0.0384936 3.03518 0)
(-0.0442962 2.74223 0)
(-0.0381183 2.13314 0)
(-0.0153603 0.873193 0)
(-0.00713246 0.0161447 0)
(-0.0319206 0.228224 0)
(-0.0699954 0.562419 0)
(-0.100872 0.950075 0)
(-0.107936 1.21799 0)
(-0.101951 1.36535 0)
(-0.0851299 1.43982 0)
(-0.0710098 1.47279 0)
(-0.0434598 1.46747 0)
(-0.0422346 1.46443 0)
(-0.00691446 1.5397 0)
(-0.0263661 1.7181 0)
(-0.0190692 2.31818 0)
(-0.0308018 2.85036 0)
(-0.0351083 3.05648 0)
(-0.041019 3.10961 0)
(-0.0436985 3.0383 0)
(-0.043861 2.73277 0)
(-0.0351609 2.08461 0)
(-0.0105961 0.783336 0)
(-0.00485779 0.0785211 0)
(-0.0237163 0.321662 0)
(-0.0542416 0.638521 0)
(-0.0794028 0.988591 0)
(-0.0865436 1.22427 0)
(-0.0843621 1.35625 0)
(-0.0737606 1.42459 0)
(-0.0656451 1.45445 0)
(-0.0430466 1.45141 0)
(-0.0445193 1.45269 0)
(-0.012211 1.53339 0)
(-0.0326995 1.72283 0)
(-0.0266745 2.32524 0)
(-0.0370274 2.85858 0)
(-0.0403602 3.06379 0)
(-0.0444433 3.1149 0)
(-0.0442394 3.03683 0)
(-0.0429501 2.71089 0)
(-0.0314559 2.01664 0)
(-0.00669419 0.705998 0)
(-0.00292652 0.123633 0)
(-0.016217 0.397179 0)
(-0.0398175 0.705259 0)
(-0.0602461 1.02596 0)
(-0.0672936 1.23521 0)
(-0.0679799 1.35403 0)
(-0.0618153 1.41683 0)
(-0.057067 1.44382 0)
(-0.0383201 1.44146 0)
(-0.0424616 1.44377 0)
(-0.0147995 1.52888 0)
(-0.0345322 1.72588 0)
(-0.0311387 2.33246 0)
(-0.0406496 2.86583 0)
(-0.0424624 3.06877 0)
(-0.0450237 3.11765 0)
(-0.043564 3.03303 0)
(-0.0404489 2.69453 0)
(-0.0271539 1.96233 0)
(-0.00369643 0.647817 0)
(-0.00154466 0.151695 0)
(-0.0101077 0.448525 0)
(-0.0272881 0.75244 0)
(-0.0426712 1.0539 0)
(-0.0495585 1.24659 0)
(-0.0527039 1.35546 0)
(-0.0501559 1.41307 0)
(-0.0489206 1.43715 0)
(-0.0342293 1.43483 0)
(-0.0414084 1.43853 0)
(-0.0156255 1.52629 0)
(-0.0371963 1.73203 0)
(-0.031104 2.34101 0)
(-0.0414979 2.87244 0)
(-0.0434748 3.07255 0)
(-0.044676 3.1172 0)
(-0.0428292 3.02359 0)
(-0.0380061 2.66046 0)
(-0.0231309 1.89147 0)
(-0.00173514 0.59733 0)
(-0.000700276 0.169009 0)
(-0.00592408 0.486262 0)
(-0.0184387 0.791198 0)
(-0.0304308 1.07831 0)
(-0.0361574 1.25901 0)
(-0.0406541 1.35947 0)
(-0.0404599 1.4118 0)
(-0.0407421 1.43265 0)
(-0.0299544 1.43019 0)
(-0.0399802 1.43417 0)
(-0.0166437 1.52508 0)
(-0.0366567 1.73664 0)
(-0.0334471 2.34868 0)
(-0.0422297 2.87756 0)
(-0.0428691 3.07389 0)
(-0.0439747 3.1156 0)
(-0.0407438 3.01617 0)
(-0.0347467 2.64047 0)
(-0.019283 1.84034 0)
(-0.000165712 0.562311 0)
(-0.000298939 0.178199 0)
(-0.00349399 0.50983 0)
(-0.0124379 0.81783 0)
(-0.0216428 1.09631 0)
(-0.0267864 1.27069 0)
(-0.031658 1.36524 0)
(-0.0333141 1.41232 0)
(-0.0353003 1.4298 0)
(-0.027736 1.42815 0)
(-0.0389598 1.43237 0)
(-0.0178653 1.52487 0)
(-0.0369341 1.7416 0)
(-0.031904 2.35309 0)
(-0.0408037 2.88069 0)
(-0.0420852 3.07361 0)
(-0.0422145 3.11151 0)
(-0.0384573 3.00027 0)
(-0.0328768 2.59974 0)
(-0.0157852 1.76872 0)
(0.000488259 0.5302 0)
(-0.00013003 0.184116 0)
(-0.00214774 0.527813 0)
(-0.00889243 0.839729 0)
(-0.016311 1.11131 0)
(-0.0208369 1.28063 0)
(-0.0249881 1.37194 0)
(-0.0269636 1.41603 0)
(-0.0300608 1.4309 0)
(-0.0254629 1.42822 0)
(-0.0365915 1.43063 0)
(-0.0190051 1.52504 0)
(-0.0376938 1.74618 0)
(-0.0349496 2.35792 0)
(-0.0420766 2.88384 0)
(-0.0414547 3.07303 0)
(-0.0416047 3.10841 0)
(-0.0378931 2.99117 0)
(-0.0299635 2.57792 0)
(-0.0135835 1.72367 0)
(0.000861696 0.510634 0)
(-0.000107956 0.187417 0)
(-0.00157029 0.539464 0)
(-0.00661091 0.855953 0)
(-0.0126956 1.12417 0)
(-0.0174422 1.28952 0)
(-0.0208206 1.37747 0)
(-0.0232616 1.41874 0)
(-0.0257657 1.43256 0)
(-0.0224514 1.4297 0)
(-0.0326838 1.43041 0)
(-0.0198894 1.52569 0)
(-0.0352732 1.7511 0)
(-0.0330322 2.36198 0)
(-0.0410412 2.88655 0)
(-0.0406343 3.07152 0)
(-0.0397089 3.10255 0)
(-0.0351482 2.97345 0)
(-0.0291756 2.5354 0)
(-0.011843 1.65749 0)
(0.00111295 0.488265 0)
(-8.50925e-05 0.190344 0)
(-0.00113328 0.54948 0)
(-0.00533773 0.869486 0)
(-0.00959197 1.1347 0)
(-0.0141834 1.29717 0)
(-0.0171765 1.38256 0)
(-0.0195567 1.42227 0)
(-0.022916 1.43484 0)
(-0.0207839 1.43133 0)
(-0.0305632 1.43129 0)
(-0.0198505 1.52674 0)
(-0.0359887 1.75615 0)
(-0.0355424 2.36634 0)
(-0.0407391 2.88853 0)
(-0.0409183 3.07077 0)
(-0.040536 3.09894 0)
(-0.0376339 2.96293 0)
(-0.0301441 2.51187 0)
(-0.0113867 1.61347 0)
(0.000633879 0.474573 0)
(-9.26972e-05 0.192091 0)
(-0.000854101 0.556342 0)
(-0.0042678 0.879913 0)
(-0.00793349 1.14333 0)
(-0.0114341 1.3047 0)
(-0.0145631 1.38719 0)
(-0.0173269 1.42441 0)
(-0.0192822 1.4364 0)
(-0.016826 1.43305 0)
(-0.0265863 1.43251 0)
(-0.0197893 1.52911 0)
(-0.0329759 1.76267 0)
(-0.034366 2.37312 0)
(-0.0414778 2.89234 0)
(-0.0414309 3.07082 0)
(-0.0398209 3.09343 0)
(-0.0364746 2.94506 0)
(-0.0291415 2.46792 0)
(-0.0110606 1.54783 0)
(0.000688288 0.454283 0)
(-9.95009e-05 0.194051 0)
(-0.000860857 0.562914 0)
(-0.00380624 0.889565 0)
(-0.00627306 1.14965 0)
(-0.00876183 1.31116 0)
(-0.011862 1.39227 0)
(-0.0146755 1.42808 0)
(-0.0172219 1.43799 0)
(-0.015841 1.4352 0)
(-0.0255284 1.43536 0)
(-0.0183567 1.53116 0)
(-0.0325547 1.7672 0)
(-0.0331188 2.37784 0)
(-0.0412839 2.89526 0)
(-0.042654 3.07061 0)
(-0.0425706 3.09145 0)
(-0.0389125 2.93505 0)
(-0.0308865 2.44271 0)
(-0.0111359 1.50727 0)
(0.000620975 0.441309 0)
(-0.000108004 0.195443 0)
(-0.000768625 0.567876 0)
(-0.00331501 0.895865 0)
(-0.00590644 1.15339 0)
(-0.0073831 1.31626 0)
(-0.0102161 1.39657 0)
(-0.0127251 1.42984 0)
(-0.0142074 1.4395 0)
(-0.0133077 1.43771 0)
(-0.0227258 1.43788 0)
(-0.017616 1.53389 0)
(-0.0309828 1.77632 0)
(-0.0349517 2.38758 0)
(-0.042093 2.9023 0)
(-0.043906 3.07208 0)
(-0.0436781 3.08615 0)
(-0.0389238 2.91478 0)
(-0.0308192 2.39185 0)
(-0.0108468 1.43572 0)
(0.00106457 0.420972 0)
(-0.000146592 0.197405 0)
(-0.00115524 0.573444 0)
(-0.00380092 0.904362 0)
(-0.00652025 1.15789 0)
(-0.00691722 1.32016 0)
(-0.00917849 1.40099 0)
(-0.0115347 1.43309 0)
(-0.0141612 1.44133 0)
(-0.0134904 1.44029 0)
(-0.0229303 1.44028 0)
(-0.0175498 1.53545 0)
(-0.0290965 1.78195 0)
(-0.0370639 2.39389 0)
(-0.0456854 2.90634 0)
(-0.0474643 3.07229 0)
(-0.048465 3.08509 0)
(-0.0442175 2.90269 0)
(-0.0338567 2.36189 0)
(-0.0105096 1.3958 0)
(0.000667886 0.41067 0)
(-0.000170395 0.199862 0)
(-0.00116322 0.579866 0)
(-0.00354015 0.911532 0)
(-0.00606639 1.16083 0)
(-0.00693355 1.3223 0)
(-0.0086472 1.40376 0)
(-0.00953851 1.43525 0)
(-0.0126575 1.44386 0)
(-0.0118837 1.44367 0)
(-0.0207818 1.44459 0)
(-0.0172902 1.53848 0)
(-0.0320237 1.79367 0)
(-0.0399718 2.40781 0)
(-0.0497547 2.91623 0)
(-0.0525728 3.07524 0)
(-0.0512776 3.07955 0)
(-0.0460125 2.87696 0)
(-0.0339034 2.30025 0)
(-0.0114032 1.31724 0)
(0.00211082 0.390028 0)
(-0.000220698 0.201645 0)
(-0.00154361 0.583805 0)
(-0.00390465 0.91615 0)
(-0.00718454 1.16436 0)
(-0.00779445 1.32448 0)
(-0.00858941 1.40603 0)
(-0.0103575 1.43741 0)
(-0.0141874 1.44561 0)
(-0.0133828 1.44519 0)
(-0.0227423 1.44677 0)
(-0.0190205 1.54115 0)
(-0.0312355 1.8012 0)
(-0.0448879 2.41548 0)
(-0.0545783 2.92123 0)
(-0.0563407 3.0753 0)
(-0.0571614 3.07771 0)
(-0.0515487 2.86176 0)
(-0.0369046 2.26483 0)
(-0.0100415 1.27596 0)
(0.00230087 0.385103 0)
(-0.000343544 0.207102 0)
(-0.0018252 0.594596 0)
(-0.00416931 0.927973 0)
(-0.0068799 1.17248 0)
(-0.00789613 1.32575 0)
(-0.00809368 1.4073 0)
(-0.00863977 1.44182 0)
(-0.013529 1.45073 0)
(-0.0140146 1.45042 0)
(-0.0240333 1.45435 0)
(-0.0247503 1.54517 0)
(-0.0299682 1.82149 0)
(-0.0487514 2.43801 0)
(-0.057558 2.93531 0)
(-0.0606039 3.07683 0)
(-0.0600144 3.06817 0)
(-0.0536853 2.81847 0)
(-0.0389979 2.16887 0)
(-0.0121156 1.1653 0)
(-0.00101921 0.355369 0)
(-0.238739 1.57543 1.26695e-22)
(0.396502 3.23661 1.92668e-20)
(0.0914939 3.46696 6.33768e-20)
(0.19865 3.43558 0)
(0.158377 3.38962 0)
(0.152732 3.34247 -3.83388e-19)
(0.155107 3.31616 4.01457e-19)
(0.127751 3.27266 -4.19577e-19)
(0.113835 3.17886 7.72977e-21)
(0.0976382 2.56801 5.74361e-19)
(-0.105154 2.32756 1.02764e-23)
(0.131738 3.29173 1.67169e-19)
(0.010333 3.43867 0)
(0.0972725 3.39153 0)
(0.0731093 3.34541 1.13874e-20)
(0.0783162 3.30787 7.95453e-19)
(0.0744293 3.27643 -4.43728e-19)
(0.050601 3.2409 -7.46081e-21)
(0.0505922 3.08319 7.11872e-21)
(0.000687828 2.08636 0)
(-0.0277315 2.07511 1.82406e-19)
(0.085913 3.14208 -1.92691e-19)
(0.0243982 3.34623 0)
(0.0723294 3.32527 3.66128e-19)
(0.0520195 3.30326 -1.37179e-21)
(0.0529457 3.28158 -4.13711e-19)
(0.0459848 3.26653 -5.13606e-19)
(0.0306467 3.24576 -2.14658e-22)
(0.0409208 3.11918 7.34764e-21)
(-0.0167331 2.21147 0)
(-0.0405856 2.01951 -4.65301e-20)
(0.0279392 3.11881 0)
(-0.013716 3.30947 -1.93351e-19)
(0.0212582 3.30765 -1.59077e-19)
(0.0163074 3.28403 1.44379e-20)
(0.0224552 3.26163 -2.67793e-19)
(0.027256 3.24627 2.38783e-19)
(0.0215343 3.23357 -8.56271e-21)
(0.0420445 3.1254 1.13176e-20)
(0.00725242 2.25039 2.94279e-19)
(-0.0527725 2.02508 -1.49813e-19)
(0.013488 3.09032 0)
(-0.00760118 3.2671 4.1749e-19)
(0.0114329 3.26228 -2.30604e-19)
(0.0141049 3.24837 -7.03764e-22)
(0.0170155 3.23769 -1.95102e-21)
(0.0213249 3.23335 -1.55295e-20)
(0.021979 3.2242 -3.04128e-19)
(0.0430045 3.12762 8.35815e-21)
(-0.00312139 2.31214 -6.16255e-19)
(-0.0499992 2.08519 0)
(-0.0102036 3.08619 -2.29652e-19)
(-0.0285723 3.24303 1.89929e-20)
(-0.0149649 3.24708 -1.59766e-20)
(-0.00557231 3.23235 1.63765e-20)
(0.00330953 3.21981 2.71968e-19)
(0.0157811 3.21121 2.84485e-19)
(0.0209812 3.20544 5.9824e-19)
(0.0427077 3.12399 3.31478e-19)
(0.0106016 2.3542 -1.66569e-20)
(-0.0512545 2.14095 0)
(-0.0198287 3.08207 2.37619e-19)
(-0.0191077 3.21396 -2.49411e-19)
(-0.0115675 3.21279 -1.72594e-20)
(-0.000342869 3.20248 3.56902e-20)
(0.00757324 3.19593 3.67339e-22)
(0.016503 3.19544 -1.91963e-20)
(0.0218609 3.191 -3.12725e-19)
(0.042351 3.12152 -3.22576e-19)
(0.0038479 2.41974 -1.72581e-20)
(-0.0477458 2.22873 2.74008e-19)
(-0.0285778 3.08556 -1.27263e-20)
(-0.0321502 3.19399 8.78471e-21)
(-0.0236631 3.19543 0)
(-0.0134028 3.18554 0)
(-0.00135521 3.17782 0)
(0.0132785 3.17177 0)
(0.0206419 3.16933 3.48577e-19)
(0.0411713 3.1126 -3.59375e-19)
(0.0153606 2.46389 3.55081e-19)
(-0.0463901 2.30614 2.64639e-20)
(-0.0329569 3.08467 2.91549e-19)
(-0.021124 3.16956 0)
(-0.0146557 3.16535 -1.96546e-20)
(-0.00405521 3.15762 2.01009e-20)
(0.00527197 3.15323 0)
(0.0148444 3.1541 -1.08973e-20)
(0.0207509 3.15277 -3.38315e-19)
(0.0401799 3.1093 3.60602e-19)
(0.0104158 2.53305 0)
(-0.0437805 2.4038 1.60171e-20)
(-0.0358452 3.0862 -4.47197e-19)
(-0.0301043 3.14973 0)
(-0.0225231 3.14683 0)
(-0.013678 3.13909 2.15567e-20)
(-0.00212434 3.13355 -1.81887e-19)
(0.011658 3.12903 -2.27457e-20)
(0.019187 3.12933 1.93852e-19)
(0.0385608 3.09615 0)
(0.0192414 2.58107 0)
(-0.0400119 2.49017 -4.7283e-19)
(-0.0385822 3.08217 1.60265e-19)
(-0.0206462 3.12422 0)
(-0.0128999 3.11621 0)
(-0.00340826 3.10954 0)
(0.00557922 3.10664 3.74577e-19)
(0.0143702 3.10877 0)
(0.0201814 3.11062 -2.06815e-19)
(0.0378748 3.09051 1.2779e-20)
(0.0149414 2.65382 2.16434e-19)
(-0.0377591 2.58978 1.68637e-19)
(-0.0398062 3.07577 -1.63912e-20)
(-0.0296462 3.10131 1.96388e-19)
(-0.0210347 3.09503 1.90885e-19)
(-0.0124038 3.08842 0)
(-0.000772556 3.08417 -1.92464e-19)
(0.0125371 3.08133 0)
(0.0210121 3.0845 0)
(0.0384991 3.07217 0)
(0.022305 2.70643 -2.17439e-19)
(-0.0350951 2.67804 -1.78404e-19)
(-0.04298 3.0623 1.84217e-19)
(-0.0235423 3.07212 -1.85119e-19)
(-0.0130595 3.06216 -2.91831e-19)
(-0.00282048 3.05698 0)
(0.0071417 3.05553 2.61033e-20)
(0.016729 3.05877 -1.3325e-20)
(0.024801 3.06311 9.93325e-20)
(0.0417213 3.06164 1.23336e-19)
(0.0208301 2.78043 -1.26923e-19)
(-0.0343892 2.77326 1.83053e-19)
(-0.0460514 3.04535 -1.7646e-19)
(-0.0329198 3.04592 1.2575e-20)
(-0.0208761 3.04036 7.43162e-20)
(-0.0111402 3.03625 -1.0666e-19)
(0.00030587 3.03375 0)
(0.0138928 3.03198 1.14629e-19)
(0.0256301 3.0356 4.95097e-21)
(0.0446082 3.0366 -2.38731e-19)
(0.0286888 2.83262 -6.55224e-21)
(-0.0295334 2.85491 -5.22552e-20)
(-0.0442677 3.02146 1.27802e-20)
(-0.0231637 3.01774 -6.63277e-20)
(-0.0111946 3.01441 2.7158e-20)
(-0.00222112 3.01409 1.30008e-19)
(0.00627519 3.01344 -5.52544e-20)
(0.0143838 3.01431 -5.50077e-20)
(0.023357 3.01701 -5.71536e-20)
(0.0418272 3.02183 1.22613e-19)
(0.0248181 2.90031 5.99588e-20)
(-0.0176679 2.94076 4.20072e-20)
(-0.0259693 3.00092 1.8571e-20)
(-0.0161406 3.00088 3.65519e-20)
(-0.00935345 3.0016 -7.49345e-20)
(-0.00414573 3.00263 2.53214e-20)
(0.000678898 3.00215 5.14684e-20)
(0.00550872 3.00063 -5.37094e-20)
(0.0107245 2.99899 -5.61213e-20)
(0.0218022 2.99715 7.59664e-21)
(0.0165269 2.94914 5.38859e-20)
)
;

boundaryField
{
    wall-4
    {
        type            noSlip;
    }
    pressure-outlet-7
    {
        type            zeroGradient;
    }
    velocity-inlet-6
    {
        type            fixedValue;
        value           uniform (0 3 0);
    }
    velocity-inlet-5
    {
        type            fixedValue;
        value           uniform (1 0 0);
    }
    frontAndBackPlanes
    {
        type            empty;
    }
}


// ************************************************************************* //
